     0.09802
     0.19509
     0.29028
     0.38268
      0.4714
     0.55557
     0.63439
     0.70711
     0.77301
     0.83147
     0.88192
     0.92388
     0.95694
     0.98079
     0.99518
           1
     0.99518
     0.98079
     0.95694
     0.92388
     0.88192
     0.83147
     0.77301
     0.70711
     0.63439
     0.55557
      0.4714
     0.38268
     0.29028
     0.19509
     0.09802
   -0.118125
   -0.235106
    -0.34982
   -0.461173
   -0.568091
   -0.669525
   -0.764512
   -0.852148
   -0.931565
    -1.00202
    -1.06281
    -1.11338
    -1.15322
    -1.18196
     -1.1993
    -1.20511
     -1.1993
    -1.18196
    -1.15322
    -1.11338
    -1.06281
    -1.00202
   -0.931565
   -0.852148
   -0.764512
   -0.669525
   -0.568091
   -0.461173
    -0.34982
   -0.235106
   -0.118125
  0.00940168
   0.0187132
   0.0278449
   0.0367088
      0.0375
      0.0375
      0.0375
      0.0375
      0.0375
      0.0375
      0.0375
      0.0375
      0.0375
      0.0375
      0.0375
      0.0375
      0.0375
      0.0375
      0.0375
      0.0375
      0.0375
      0.0375
      0.0375
      0.0375
      0.0375
      0.0375
      0.0375
   0.0367212
   0.0278551
   0.0187206
  0.00940568
    -0.11513
   -0.229144
   -0.340949
   -0.449478
   -0.553684
   -0.652546
   -0.745125
   -0.830538
   -0.907941
   -0.976606
    -1.03586
    -1.08515
    -1.12398
    -1.15199
    -1.16889
    -1.17455
    -1.16889
    -1.15199
    -1.12398
    -1.08515
    -1.03586
   -0.976606
   -0.907941
   -0.830538
   -0.745125
   -0.652546
   -0.553684
   -0.449478
   -0.340949
   -0.229144
    -0.11513
  0.00913751
   0.0181874
   0.0270625
   0.0356773
      0.0375
      0.0375
      0.0375
      0.0375
      0.0375
      0.0375
      0.0375
      0.0375
      0.0375
      0.0375
      0.0375
      0.0375
      0.0375
      0.0375
      0.0375
      0.0375
      0.0375
      0.0375
      0.0375
      0.0375
      0.0375
      0.0375
      0.0375
   0.0356888
   0.0270719
   0.0181942
   0.0091412
   -0.112172
   -0.223256
    -0.33219
    -0.43793
   -0.539459
   -0.635781
   -0.725981
     -0.8092
   -0.884615
   -0.951515
    -1.00925
    -1.05727
     -1.0951
    -1.12239
    -1.13886
    -1.14438
    -1.13886
    -1.12239
     -1.0951
    -1.05727
    -1.00925
   -0.951515
   -0.884615
     -0.8092
   -0.725981
   -0.635781
   -0.539459
    -0.43793
    -0.33219
   -0.223256
   -0.112172
  0.00887673
   0.0176683
   0.0262901
   0.0346591
      0.0375
      0.0375
      0.0375
      0.0375
      0.0375
      0.0375
      0.0375
      0.0375
      0.0375
      0.0375
      0.0375
      0.0375
      0.0375
      0.0375
      0.0375
      0.0375
      0.0375
      0.0375
      0.0375
      0.0375
      0.0375
      0.0375
      0.0375
   0.0346696
   0.0262988
   0.0176746
  0.00888013
   -0.109252
   -0.217444
   -0.323542
   -0.426529
   -0.525415
    -0.61923
   -0.707082
   -0.788134
   -0.861585
   -0.926744
   -0.982975
    -1.02974
    -1.06659
    -1.09317
    -1.10921
    -1.11458
    -1.10921
    -1.09317
    -1.06659
    -1.02974
   -0.982975
   -0.926744
   -0.861585
   -0.788134
   -0.707082
    -0.61923
   -0.525415
   -0.426529
   -0.323542
   -0.217444
   -0.109252
  0.00861939
   0.0171561
   0.0255279
   0.0336542
      0.0375
      0.0375
      0.0375
      0.0375
      0.0375
      0.0375
      0.0375
      0.0375
      0.0375
      0.0375
      0.0375
      0.0375
      0.0375
      0.0375
      0.0375
      0.0375
      0.0375
      0.0375
      0.0375
      0.0375
      0.0375
      0.0375
      0.0375
   0.0336639
   0.0255358
   0.0171618
   0.0086225
   -0.106369
   -0.211707
   -0.315005
   -0.415276
   -0.511553
   -0.602892
   -0.688426
    -0.76734
   -0.838853
   -0.902293
    -0.95704
    -1.00257
    -1.03845
    -1.06433
    -1.07995
    -1.08518
    -1.07995
    -1.06433
    -1.03845
    -1.00257
    -0.95704
   -0.902293
   -0.838853
    -0.76734
   -0.688426
   -0.602892
   -0.511553
   -0.415276
   -0.315005
   -0.211707
   -0.106369
   0.0083655
   0.0166507
   0.0247759
   0.0326628
      0.0375
      0.0375
      0.0375
      0.0375
      0.0375
      0.0375
      0.0375
      0.0375
      0.0375
      0.0375
      0.0375
      0.0375
      0.0375
      0.0375
      0.0375
      0.0375
      0.0375
      0.0375
      0.0375
      0.0375
      0.0375
      0.0375
      0.0375
   0.0326717
   0.0247832
    0.016656
  0.00836834
   -0.103524
   -0.206045
   -0.306581
   -0.404169
   -0.497871
   -0.586768
   -0.670014
   -0.746817
   -0.816418
   -0.878161
   -0.931444
    -0.97576
    -1.01068
    -1.03587
    -1.05106
    -1.05615
    -1.05106
    -1.03587
    -1.01068
    -0.97576
   -0.931444
   -0.878161
   -0.816418
   -0.746817
   -0.670014
   -0.586768
   -0.497871
   -0.404169
   -0.306581
   -0.206045
   -0.103524
  0.00811511
   0.0161523
   0.0240343
   0.0316851
      0.0375
      0.0375
      0.0375
      0.0375
      0.0375
      0.0375
      0.0375
      0.0375
      0.0375
      0.0375
      0.0375
      0.0375
      0.0375
      0.0375
      0.0375
      0.0375
      0.0375
      0.0375
      0.0375
      0.0375
      0.0375
      0.0375
      0.0375
   0.0316931
   0.0240409
   0.0161571
   0.0081177
   -0.100717
   -0.200458
   -0.298267
    -0.39321
   -0.484371
   -0.570857
   -0.651846
   -0.726567
    -0.79428
   -0.854349
   -0.906187
   -0.949301
   -0.983271
    -1.00778
    -1.02256
    -1.02752
    -1.02256
    -1.00778
   -0.983271
   -0.949301
   -0.906187
   -0.854349
    -0.79428
   -0.726567
   -0.651846
   -0.570857
   -0.484371
    -0.39321
   -0.298267
   -0.200458
   -0.100717
  0.00786823
   0.0156609
   0.0233031
   0.0307211
      0.0375
      0.0375
      0.0375
      0.0375
      0.0375
      0.0375
      0.0375
      0.0375
      0.0375
      0.0375
      0.0375
      0.0375
      0.0375
      0.0375
      0.0375
      0.0375
      0.0375
      0.0375
      0.0375
      0.0375
      0.0375
      0.0375
      0.0375
   0.0307285
   0.0233091
   0.0156653
   0.0078706
  -0.0979476
   -0.194946
   -0.290066
   -0.382398
   -0.471052
    -0.55516
   -0.633922
   -0.706588
   -0.772439
   -0.830856
   -0.881269
   -0.923198
   -0.956234
   -0.980066
   -0.994445
   -0.999262
   -0.994445
   -0.980066
   -0.956234
   -0.923198
   -0.881269
   -0.830856
   -0.772439
   -0.706588
   -0.633922
    -0.55516
   -0.471052
   -0.382398
   -0.290066
   -0.194946
  -0.0979476
  0.00762493
   0.0151767
   0.0225825
   0.0297711
   0.0366733
      0.0375
      0.0375
      0.0375
      0.0375
      0.0375
      0.0375
      0.0375
      0.0375
      0.0375
      0.0375
      0.0375
      0.0375
      0.0375
      0.0375
      0.0375
      0.0375
      0.0375
      0.0375
      0.0375
      0.0375
      0.0375
   0.0366807
   0.0297777
    0.022588
   0.0151806
  0.00762708
  -0.0952158
   -0.189509
   -0.281976
   -0.371732
   -0.457914
   -0.539676
   -0.616241
   -0.686881
   -0.750896
   -0.807683
    -0.85669
    -0.89745
   -0.929564
   -0.952732
    -0.96671
   -0.971392
    -0.96671
   -0.952732
   -0.929564
    -0.89745
    -0.85669
   -0.807683
   -0.750896
   -0.686881
   -0.616241
   -0.539676
   -0.457914
   -0.371732
   -0.281976
   -0.189509
  -0.0952158
  0.00738523
   0.0146995
   0.0218725
   0.0288351
   0.0355203
      0.0375
      0.0375
      0.0375
      0.0375
      0.0375
      0.0375
      0.0375
      0.0375
      0.0375
      0.0375
      0.0375
      0.0375
      0.0375
      0.0375
      0.0375
      0.0375
      0.0375
      0.0375
      0.0375
      0.0375
      0.0375
   0.0355271
   0.0288412
   0.0218775
   0.0147032
  0.00738719
  -0.0925217
   -0.184147
   -0.273997
   -0.361214
   -0.444958
   -0.524406
   -0.598805
   -0.667446
   -0.729649
    -0.78483
    -0.83245
   -0.872056
   -0.903262
   -0.925774
   -0.939357
   -0.943907
   -0.939357
   -0.925774
   -0.903262
   -0.872056
    -0.83245
    -0.78483
   -0.729649
   -0.667446
   -0.598805
   -0.524406
   -0.444958
   -0.361214
   -0.273997
   -0.184147
  -0.0925217
  0.00714915
   0.0142296
   0.0211733
   0.0279133
   0.0343847
      0.0375
      0.0375
      0.0375
      0.0375
      0.0375
      0.0375
      0.0375
      0.0375
      0.0375
      0.0375
      0.0375
      0.0375
      0.0375
      0.0375
      0.0375
      0.0375
      0.0375
      0.0375
      0.0375
      0.0375
      0.0375
   0.0343909
   0.0279188
   0.0211778
   0.0142329
  0.00715092
  -0.0898653
    -0.17886
    -0.26613
   -0.350843
   -0.432182
    -0.50935
   -0.581612
   -0.648283
     -0.7087
   -0.762296
   -0.808549
   -0.847019
   -0.877328
   -0.899194
   -0.912387
   -0.916806
   -0.912387
   -0.899194
   -0.877328
   -0.847019
   -0.808549
   -0.762296
     -0.7087
   -0.648283
   -0.581612
    -0.50935
   -0.432182
   -0.350843
    -0.26613
    -0.17886
  -0.0898653
   0.0069167
    0.013767
   0.0204849
   0.0270057
   0.0332666
      0.0375
      0.0375
      0.0375
      0.0375
      0.0375
      0.0375
      0.0375
      0.0375
      0.0375
      0.0375
      0.0375
      0.0375
      0.0375
      0.0375
      0.0375
      0.0375
      0.0375
      0.0375
      0.0375
      0.0375
      0.0375
   0.0332722
   0.0270107
    0.020489
     0.01377
  0.00691832
  -0.0872465
   -0.173648
   -0.258375
   -0.340619
   -0.419588
   -0.494507
   -0.564664
   -0.629391
   -0.688048
   -0.740083
   -0.784988
   -0.822336
   -0.851762
   -0.872991
   -0.885799
   -0.890089
   -0.885799
   -0.872991
   -0.851762
   -0.822336
   -0.784988
   -0.740083
   -0.688048
   -0.629391
   -0.564664
   -0.494507
   -0.419588
   -0.340619
   -0.258375
   -0.173648
  -0.0872465
  0.00668793
   0.0133116
   0.0198073
   0.0261124
   0.0321662
      0.0375
      0.0375
      0.0375
      0.0375
      0.0375
      0.0375
      0.0375
      0.0375
      0.0375
      0.0375
      0.0375
      0.0375
      0.0375
      0.0375
      0.0375
      0.0375
      0.0375
      0.0375
      0.0375
      0.0375
      0.0375
   0.0321714
    0.026117
    0.019811
   0.0133144
  0.00668942
  -0.0846655
    -0.16851
   -0.250731
   -0.330543
   -0.407175
   -0.479878
   -0.547959
   -0.610771
   -0.667693
   -0.718188
   -0.761765
   -0.798008
   -0.826564
   -0.847164
   -0.859594
   -0.863757
   -0.859594
   -0.847164
   -0.826564
   -0.798008
   -0.761765
   -0.718188
   -0.667693
   -0.610771
   -0.547959
   -0.479878
   -0.407175
   -0.330543
   -0.250731
    -0.16851
  -0.0846655
  0.00646286
   0.0128636
   0.0191407
   0.0252335
   0.0310836
   0.0366345
      0.0375
      0.0375
      0.0375
      0.0375
      0.0375
      0.0375
      0.0375
      0.0375
      0.0375
      0.0375
      0.0375
      0.0375
      0.0375
      0.0375
      0.0375
      0.0375
      0.0375
      0.0375
      0.0375
   0.0366395
   0.0310883
   0.0252377
   0.0191441
   0.0128661
   0.0064642
  -0.0821221
   -0.163448
   -0.243199
   -0.320613
   -0.394943
   -0.465462
   -0.531498
   -0.592423
   -0.647635
   -0.696613
   -0.738881
   -0.774035
   -0.801733
   -0.821715
   -0.833771
   -0.837809
   -0.833771
   -0.821715
   -0.801733
   -0.774035
   -0.738881
   -0.696613
   -0.647635
   -0.592423
   -0.531498
   -0.465462
   -0.394943
   -0.320613
   -0.243199
   -0.163448
  -0.0821221
   0.0062415
    0.012423
    0.018485
   0.0243692
   0.0300189
   0.0353796
      0.0375
      0.0375
      0.0375
      0.0375
      0.0375
      0.0375
      0.0375
      0.0375
      0.0375
      0.0375
      0.0375
      0.0375
      0.0375
      0.0375
      0.0375
      0.0375
      0.0375
      0.0375
      0.0375
   0.0353842
   0.0300231
    0.024373
   0.0184882
   0.0124253
  0.00624272
  -0.0796164
   -0.158461
   -0.235779
    -0.31083
   -0.382893
    -0.45126
   -0.515281
   -0.574347
   -0.627874
   -0.675358
   -0.716336
   -0.750418
   -0.777271
   -0.796643
   -0.808331
   -0.812246
   -0.808331
   -0.796643
   -0.777271
   -0.750418
   -0.716336
   -0.675358
   -0.627874
   -0.574347
   -0.515281
    -0.45126
   -0.382893
    -0.31083
   -0.235779
   -0.158461
  -0.0796164
  0.00602387
   0.0119898
   0.0178405
   0.0235195
   0.0289721
   0.0341459
      0.0375
      0.0375
      0.0375
      0.0375
      0.0375
      0.0375
      0.0375
      0.0375
      0.0375
      0.0375
      0.0375
      0.0375
      0.0375
      0.0375
      0.0375
      0.0375
      0.0375
      0.0375
      0.0375
     0.03415
   0.0289759
   0.0235229
   0.0178433
   0.0119919
  0.00602497
  -0.0771483
   -0.153549
    -0.22847
   -0.301195
   -0.371024
   -0.437271
   -0.499308
   -0.556543
   -0.608411
   -0.654423
    -0.69413
   -0.727156
   -0.753176
   -0.771948
   -0.783274
   -0.787067
   -0.783274
   -0.771948
   -0.753176
   -0.727156
    -0.69413
   -0.654423
   -0.608411
   -0.556543
   -0.499308
   -0.437271
   -0.371024
   -0.301195
    -0.22847
   -0.153549
  -0.0771483
  0.00581001
   0.0115642
   0.0172071
   0.0226844
   0.0279434
   0.0329335
      0.0375
      0.0375
      0.0375
      0.0375
      0.0375
      0.0375
      0.0375
      0.0375
      0.0375
      0.0375
      0.0375
      0.0375
      0.0375
      0.0375
      0.0375
      0.0375
      0.0375
      0.0375
      0.0375
    0.032937
   0.0279467
   0.0226874
   0.0172095
   0.0115659
  0.00581096
   -0.074718
   -0.148712
   -0.221273
   -0.291707
   -0.359335
   -0.423496
   -0.483578
   -0.539011
   -0.589244
   -0.633807
   -0.672264
   -0.704249
   -0.729449
   -0.747629
   -0.758599
   -0.762273
   -0.758599
   -0.747629
   -0.729449
   -0.704249
   -0.672264
   -0.633807
   -0.589244
   -0.539011
   -0.483578
   -0.423496
   -0.359335
   -0.291707
   -0.221273
   -0.148712
   -0.074718
   0.0055999
    0.011146
   0.0165848
    0.021864
   0.0269328
   0.0317424
   0.0362463
      0.0375
      0.0375
      0.0375
      0.0375
      0.0375
      0.0375
      0.0375
      0.0375
      0.0375
      0.0375
      0.0375
      0.0375
      0.0375
      0.0375
      0.0375
      0.0375
      0.0375
   0.0362494
   0.0317454
   0.0269357
   0.0218665
   0.0165869
   0.0111475
  0.00560071
  -0.0723253
    -0.14395
   -0.214187
   -0.282365
   -0.347828
   -0.409934
   -0.468093
    -0.52175
   -0.570375
   -0.613511
   -0.650736
   -0.681697
    -0.70609
   -0.723688
   -0.734306
   -0.737863
   -0.734306
   -0.723688
    -0.70609
   -0.681697
   -0.650736
   -0.613511
   -0.570375
    -0.52175
   -0.468093
   -0.409934
   -0.347828
   -0.282365
   -0.214187
    -0.14395
  -0.0723253
  0.00539356
   0.0107353
   0.0159737
   0.0210583
   0.0259403
   0.0305726
   0.0349106
      0.0375
      0.0375
      0.0375
      0.0375
      0.0375
      0.0375
      0.0375
      0.0375
      0.0375
      0.0375
      0.0375
      0.0375
      0.0375
      0.0375
      0.0375
      0.0375
      0.0375
   0.0349131
   0.0305751
   0.0259427
   0.0210604
   0.0159754
   0.0107365
  0.00539423
  -0.0699703
   -0.139262
   -0.207213
   -0.273171
   -0.336503
   -0.396586
   -0.452851
   -0.504761
   -0.551803
   -0.593534
   -0.629547
     -0.6595
   -0.683099
   -0.700124
   -0.710396
   -0.713837
   -0.710396
   -0.700124
   -0.683099
     -0.6595
   -0.629547
   -0.593534
   -0.551803
   -0.504761
   -0.452851
   -0.396586
   -0.336503
   -0.273171
   -0.207213
   -0.139262
  -0.0699703
    0.005191
   0.0103321
   0.0153737
   0.0202674
    0.024966
   0.0294243
   0.0335992
   0.0374507
      0.0375
      0.0375
      0.0375
      0.0375
      0.0375
      0.0375
      0.0375
      0.0375
      0.0375
      0.0375
      0.0375
      0.0375
      0.0375
      0.0375
      0.0375
   0.0374527
   0.0336012
   0.0294262
   0.0249679
    0.020269
   0.0153751
   0.0103331
  0.00519153
   -0.067653
    -0.13465
    -0.20035
   -0.264124
   -0.325358
   -0.383452
   -0.437853
   -0.488044
   -0.533528
   -0.573877
   -0.608697
   -0.637658
   -0.660476
   -0.676937
   -0.686869
   -0.690196
   -0.686869
   -0.676937
   -0.660476
   -0.637658
   -0.608697
   -0.573877
   -0.533528
   -0.488044
   -0.437853
   -0.383452
   -0.325358
   -0.264124
    -0.20035
    -0.13465
   -0.067653
  0.00499222
  0.00993643
    0.014785
   0.0194913
   0.0240099
   0.0282974
   0.0323125
   0.0360164
      0.0375
      0.0375
      0.0375
      0.0375
      0.0375
      0.0375
      0.0375
      0.0375
      0.0375
      0.0375
      0.0375
      0.0375
      0.0375
      0.0375
      0.0375
   0.0360177
   0.0323138
   0.0282988
   0.0240112
   0.0194925
    0.014786
  0.00993716
  0.00499262
  -0.0653734
   -0.130113
   -0.193599
   -0.255224
   -0.314395
   -0.370531
   -0.423099
   -0.471599
    -0.51555
    -0.55454
   -0.588187
   -0.616172
   -0.638221
   -0.654127
   -0.663724
   -0.666939
   -0.663724
   -0.654127
   -0.638221
   -0.616172
   -0.588187
    -0.55454
    -0.51555
   -0.471599
   -0.423099
   -0.370531
   -0.314395
   -0.255224
   -0.193599
   -0.130113
  -0.0653734
  0.00479725
  0.00954834
   0.0142075
     0.01873
   0.0230721
   0.0271921
   0.0310502
   0.0346094
      0.0375
      0.0375
      0.0375
      0.0375
      0.0375
      0.0375
      0.0375
      0.0375
      0.0375
      0.0375
      0.0375
      0.0375
      0.0375
      0.0375
      0.0375
   0.0346102
    0.031051
   0.0271929
   0.0230729
   0.0187307
   0.0142081
   0.0095488
   0.0047975
  -0.0631314
   -0.125651
    -0.18696
   -0.246471
   -0.303613
   -0.357824
   -0.408589
   -0.455426
    -0.49787
   -0.535522
   -0.568015
    -0.59504
   -0.616333
   -0.631694
   -0.640962
   -0.644067
   -0.640962
   -0.631694
   -0.616333
    -0.59504
   -0.568015
   -0.535522
    -0.49787
   -0.455426
   -0.408589
   -0.357824
   -0.303613
   -0.246471
    -0.18696
   -0.125651
  -0.0631314
  0.00460606
   0.0091678
   0.0136413
   0.0179834
   0.0221524
   0.0261081
   0.0298125
   0.0332297
    0.036327
      0.0375
      0.0375
      0.0375
      0.0375
      0.0375
      0.0375
      0.0375
      0.0375
      0.0375
      0.0375
      0.0375
      0.0375
      0.0375
   0.0363273
   0.0332301
   0.0298128
   0.0261085
   0.0221528
   0.0179838
   0.0136416
  0.00916804
   0.0046062
  -0.0609271
   -0.121264
   -0.180432
   -0.237866
   -0.293012
    -0.34533
   -0.394323
   -0.439524
   -0.480486
   -0.516824
   -0.548182
   -0.574264
   -0.594813
   -0.609638
   -0.618582
   -0.621579
   -0.618582
   -0.609638
   -0.594813
   -0.574264
   -0.548182
   -0.516824
   -0.480486
   -0.439524
   -0.394323
    -0.34533
   -0.293012
   -0.237866
   -0.180432
   -0.121264
  -0.0609271
  0.00441867
  0.00879482
   0.0130863
   0.0172518
   0.0212511
   0.0250458
   0.0285993
   0.0318775
   0.0348486
   0.0374842
      0.0375
      0.0375
      0.0375
      0.0375
      0.0375
      0.0375
      0.0375
      0.0375
      0.0375
      0.0375
      0.0375
   0.0374843
   0.0348487
   0.0318776
   0.0285995
   0.0250459
   0.0212512
   0.0172518
   0.0130863
  0.00879487
   0.0044187
  -0.0587605
   -0.116952
   -0.174016
   -0.229407
   -0.282592
    -0.33305
   -0.380301
   -0.423895
     -0.4634
   -0.498445
   -0.528689
   -0.553843
   -0.573662
   -0.587959
   -0.596585
   -0.599475
   -0.596585
   -0.587959
   -0.573662
   -0.553843
   -0.528689
   -0.498445
     -0.4634
   -0.423895
   -0.380301
    -0.33305
   -0.282592
   -0.229407
   -0.174016
   -0.116952
  -0.0587605
  0.00423509
   0.0084294
   0.0125425
   0.0165349
   0.0203681
   0.0240051
   0.0274109
   0.0305528
   0.0334005
   0.0359265
      0.0375
      0.0375
      0.0375
      0.0375
      0.0375
      0.0375
      0.0375
      0.0375
      0.0375
      0.0375
      0.0375
   0.0359262
   0.0334002
   0.0305525
   0.0274107
   0.0240049
   0.0203678
   0.0165347
   0.0125424
  0.00842929
  0.00423503
  -0.0566316
   -0.112714
   -0.167711
   -0.221096
   -0.272354
   -0.320984
   -0.366522
   -0.408537
   -0.446611
   -0.480386
   -0.509534
   -0.533777
   -0.552878
   -0.566657
   -0.574971
   -0.577756
   -0.574971
   -0.566657
   -0.552878
   -0.533777
   -0.509534
   -0.480386
   -0.446611
   -0.408537
   -0.366522
   -0.320984
   -0.272354
   -0.221096
   -0.167711
   -0.112714
  -0.0566316
  0.00405534
  0.00807162
   0.0120102
    0.015833
   0.0195035
    0.022986
   0.0262472
   0.0292557
   0.0319824
   0.0344011
   0.0364885
      0.0375
      0.0375
      0.0375
      0.0375
      0.0375
      0.0375
      0.0375
      0.0375
      0.0375
   0.0364881
   0.0344007
   0.0319819
   0.0292551
   0.0262466
   0.0229855
   0.0195029
   0.0158326
   0.0120098
  0.00807133
  0.00405518
  -0.0545404
   -0.108552
   -0.161518
   -0.212931
   -0.262297
   -0.309131
   -0.352988
   -0.393451
   -0.430119
   -0.462647
   -0.490719
   -0.514066
   -0.532461
   -0.545732
   -0.553739
   -0.556421
   -0.553739
   -0.545732
   -0.532461
   -0.514066
   -0.490719
   -0.462647
   -0.430119
   -0.393451
   -0.352988
   -0.309131
   -0.262297
   -0.212931
   -0.161518
   -0.108552
  -0.0545404
  0.00387939
  0.00772141
   0.0114891
   0.0151461
   0.0186572
   0.0219886
   0.0251083
   0.0279862
   0.0305946
   0.0329083
    0.034905
   0.0365656
      0.0375
      0.0375
      0.0375
      0.0375
      0.0375
      0.0375
      0.0375
    0.036565
   0.0349043
   0.0329075
   0.0305937
   0.0279853
   0.0251074
   0.0219878
   0.0186564
   0.0151453
   0.0114885
  0.00772098
  0.00387916
  -0.0524868
   -0.104465
   -0.155436
   -0.204914
   -0.252421
   -0.297491
   -0.339697
   -0.378637
   -0.413924
   -0.445228
   -0.472242
   -0.494711
   -0.512413
   -0.525184
    -0.53289
   -0.535471
    -0.53289
   -0.525184
   -0.512413
   -0.494711
   -0.472242
   -0.445228
   -0.413924
   -0.378637
   -0.339697
   -0.297491
   -0.252421
   -0.204914
   -0.155436
   -0.104465
  -0.0524868
  0.00370728
  0.00737884
   0.0109793
    0.014474
   0.0178294
    0.021013
   0.0239942
   0.0267443
   0.0292368
   0.0314478
   0.0333559
   0.0349428
   0.0361932
    0.037095
      0.0375
      0.0375
      0.0375
   0.0370946
   0.0361926
   0.0349421
    0.033355
   0.0314468
   0.0292357
   0.0267431
    0.023993
   0.0210118
   0.0178283
   0.0144731
   0.0109785
  0.00737826
  0.00370697
  -0.0504709
   -0.100453
   -0.149466
   -0.197044
   -0.242726
   -0.286066
    -0.32665
   -0.364094
   -0.398026
   -0.428128
   -0.454105
    -0.47571
   -0.492733
   -0.505013
   -0.512423
   -0.514905
   -0.512423
   -0.505013
   -0.492733
    -0.47571
   -0.454105
   -0.428128
   -0.398026
   -0.364094
    -0.32665
   -0.286066
   -0.242726
   -0.197044
   -0.149466
   -0.100453
  -0.0504709
  0.00353898
  0.00704385
   0.0104809
   0.0138169
   0.0170199
    0.020059
   0.0229048
     0.02553
   0.0279094
     0.03002
   0.0318415
   0.0333562
   0.0345497
   0.0354105
   0.0359303
    0.036104
     0.03593
   0.0354101
   0.0345491
   0.0333553
   0.0318404
   0.0300188
   0.0279081
   0.0255286
   0.0229034
   0.0200576
   0.0170186
   0.0138158
     0.01048
  0.00704319
  0.00353862
  -0.0484928
  -0.0965155
   -0.143608
   -0.189321
   -0.233212
   -0.274853
   -0.313847
   -0.349824
   -0.382426
   -0.411347
   -0.436306
   -0.457065
    -0.47342
   -0.485219
   -0.492338
   -0.494723
   -0.492338
   -0.485219
    -0.47342
   -0.457065
   -0.436306
   -0.411347
   -0.382426
   -0.349824
   -0.313847
   -0.274853
   -0.233212
   -0.189321
   -0.143608
  -0.0965155
  -0.0484928
  0.00337452
   0.0067165
  0.00999378
   0.0131748
   0.0162289
   0.0191267
   0.0218402
   0.0243434
   0.0266121
   0.0286245
   0.0303613
   0.0318056
   0.0329436
   0.0337644
   0.0342599
   0.0344256
   0.0342597
   0.0337638
   0.0329428
   0.0318046
   0.0303601
   0.0286232
   0.0266106
   0.0243418
   0.0218385
    0.019125
   0.0162274
   0.0131735
  0.00999268
  0.00671571
  0.00337409
  -0.0465522
  -0.0926533
   -0.137861
   -0.181745
    -0.22388
   -0.263855
   -0.301288
   -0.335825
   -0.367122
   -0.394887
   -0.418847
   -0.438774
   -0.454476
   -0.465803
   -0.472637
   -0.474926
   -0.472637
   -0.465803
   -0.454476
   -0.438774
   -0.418847
   -0.394887
   -0.367122
   -0.335825
   -0.301288
   -0.263855
    -0.22388
   -0.181745
   -0.137861
  -0.0926533
  -0.0465522
  0.00321385
  0.00639671
  0.00951795
   0.0125475
   0.0154562
    0.018216
   0.0208003
   0.0231843
    0.025345
   0.0272616
   0.0289156
   0.0302912
    0.031375
   0.0321566
   0.0326286
   0.0327863
   0.0326283
    0.032156
    0.031374
   0.0302899
   0.0289141
   0.0272599
   0.0253432
   0.0231824
   0.0207984
   0.0182141
   0.0154545
    0.012546
  0.00951672
  0.00639583
  0.00321337
  -0.0446494
  -0.0888661
   -0.132226
   -0.174316
   -0.214729
   -0.253069
   -0.288973
   -0.322098
   -0.352116
   -0.378746
   -0.401726
    -0.42084
   -0.435899
   -0.446763
   -0.453318
   -0.455513
   -0.453318
   -0.446763
   -0.435899
    -0.42084
   -0.401726
   -0.378746
   -0.352116
   -0.322098
   -0.288973
   -0.253069
   -0.214729
   -0.174316
   -0.132226
  -0.0888661
  -0.0446494
    0.003057
  0.00608453
  0.00905342
   0.0119351
   0.0147018
   0.0173269
   0.0197851
   0.0220527
   0.0241079
   0.0259309
   0.0275042
   0.0288125
   0.0298434
   0.0305868
   0.0310357
   0.0311857
   0.0310354
   0.0305862
   0.0298424
   0.0288113
   0.0275026
   0.0259291
   0.0241059
   0.0220506
    0.019783
   0.0173249
      0.0147
   0.0119335
  0.00905207
  0.00608356
  0.00305648
  -0.0427842
  -0.0851538
   -0.126703
   -0.167034
   -0.205759
   -0.242498
   -0.276902
   -0.308643
   -0.337407
   -0.362924
   -0.384945
    -0.40326
    -0.41769
     -0.4281
   -0.434381
   -0.436485
   -0.434381
     -0.4281
    -0.41769
    -0.40326
   -0.384945
   -0.362924
   -0.337407
   -0.308643
   -0.276902
   -0.242498
   -0.205759
   -0.167034
   -0.126703
  -0.0851538
  -0.0427842
  0.00290396
  0.00577991
  0.00860015
   0.0113375
   0.0139657
   0.0164594
   0.0187945
   0.0209485
   0.0229008
   0.0246325
    0.026127
   0.0273698
   0.0283491
   0.0290553
   0.0294817
   0.0296241
   0.0294813
   0.0290545
    0.028348
   0.0273684
   0.0261253
   0.0246306
   0.0228987
   0.0209464
   0.0187923
   0.0164572
   0.0139638
   0.0113358
  0.00859873
  0.00577888
   0.0029034
  -0.0409568
  -0.0815166
   -0.121291
   -0.159899
    -0.19697
    -0.23214
   -0.265074
   -0.295459
   -0.322995
   -0.347422
   -0.368502
   -0.386035
   -0.399849
   -0.409814
   -0.415827
   -0.417841
   -0.415827
   -0.409814
   -0.399849
   -0.386035
   -0.368502
   -0.347422
   -0.322995
   -0.295459
   -0.265074
    -0.23214
    -0.19697
   -0.159899
   -0.121291
  -0.0815166
  -0.0409568
  0.00275472
  0.00548287
  0.00815818
   0.0107549
    0.013248
   0.0156134
   0.0178285
   0.0198718
   0.0217237
   0.0233664
   0.0247841
    0.025963
   0.0268919
   0.0275619
   0.0279663
   0.0281014
   0.0279659
    0.027561
   0.0268907
   0.0259615
   0.0247823
   0.0233644
   0.0217216
   0.0198695
   0.0178262
   0.0156112
   0.0132459
    0.010753
  0.00815667
  0.00548178
  0.00275413
   -0.039167
  -0.0779543
    -0.11599
   -0.152912
   -0.188363
   -0.221995
    -0.25349
   -0.282548
    -0.30888
    -0.33224
   -0.352399
   -0.369165
   -0.382375
   -0.391905
   -0.397655
   -0.399581
   -0.397655
   -0.391905
   -0.382375
   -0.369165
   -0.352399
    -0.33224
    -0.30888
   -0.282548
    -0.25349
   -0.221995
   -0.188363
   -0.152912
    -0.11599
  -0.0779543
   -0.039167
  0.00260929
   0.0051934
  0.00772745
    0.010187
   0.0125485
    0.014789
   0.0168871
   0.0188225
   0.0205767
   0.0221326
   0.0234754
   0.0245921
   0.0254719
   0.0261064
   0.0264895
   0.0266175
   0.0264891
   0.0261056
   0.0254706
   0.0245905
   0.0234735
   0.0221305
   0.0205744
   0.0188202
   0.0168847
   0.0147867
   0.0125463
   0.0101851
  0.00772588
  0.00519226
  0.00260867
  -0.0374149
  -0.0744671
   -0.110802
   -0.146071
   -0.179936
   -0.212065
   -0.242151
   -0.269908
   -0.295063
   -0.317377
   -0.336634
   -0.352651
    -0.36527
   -0.374374
   -0.379867
   -0.381706
   -0.379867
   -0.374374
    -0.36527
   -0.352651
   -0.336634
   -0.317377
   -0.295063
   -0.269908
   -0.242151
   -0.212065
   -0.179936
   -0.146071
   -0.110802
  -0.0744671
  -0.0374149
  0.00246764
  0.00491147
  0.00730796
  0.00963402
   0.0118673
   0.0139862
   0.0159703
   0.0178007
   0.0194596
    0.020931
   0.0222008
   0.0232569
   0.0240889
    0.024689
   0.0250513
   0.0251723
   0.0250508
   0.0246881
   0.0240877
   0.0232553
    0.022199
   0.0209289
   0.0194573
   0.0177983
   0.0159679
   0.0139838
   0.0118651
  0.00963207
  0.00730636
  0.00491031
  0.00246702
  -0.0357004
  -0.0710548
   -0.105725
   -0.139378
   -0.171691
   -0.202347
   -0.231055
   -0.257541
   -0.281542
   -0.302834
   -0.321209
   -0.336492
   -0.348533
   -0.357219
    -0.36246
   -0.364216
    -0.36246
   -0.357219
   -0.348533
   -0.336492
   -0.321209
   -0.302834
   -0.281542
   -0.257541
   -0.231055
   -0.202347
   -0.171691
   -0.139378
   -0.105725
  -0.0710548
  -0.0357004
   0.0023298
  0.00463711
  0.00689971
  0.00909583
   0.0112043
   0.0132048
   0.0150781
   0.0168062
   0.0183724
   0.0197616
   0.0209605
   0.0219575
   0.0227431
   0.0233096
   0.0236516
   0.0237658
   0.0236512
   0.0233088
   0.0227419
    0.021956
   0.0209587
   0.0197595
   0.0183701
   0.0168038
   0.0150757
   0.0132025
   0.0112021
  0.00909386
   0.0068981
  0.00463593
  0.00232917
  -0.0340237
  -0.0677176
   -0.100759
   -0.132832
   -0.163627
   -0.192844
   -0.220203
   -0.245445
   -0.268319
   -0.288611
   -0.306123
   -0.320687
   -0.332163
   -0.340441
   -0.345436
   -0.347109
   -0.345436
   -0.340441
   -0.332163
   -0.320687
   -0.306123
   -0.288611
   -0.268319
   -0.245445
   -0.220203
   -0.192844
   -0.163627
   -0.132832
   -0.100759
  -0.0677176
  -0.0340237
  0.00219575
   0.0043703
   0.0065027
  0.00857245
   0.0105596
    0.012445
   0.0142105
   0.0158391
   0.0173152
   0.0186245
   0.0197544
    0.020694
   0.0214343
   0.0219682
   0.0222905
   0.0223982
   0.0222901
   0.0219674
   0.0214331
   0.0206924
   0.0197525
   0.0186224
   0.0173129
   0.0158367
   0.0142081
   0.0124426
   0.0105574
  0.00857049
   0.0065011
  0.00436912
  0.00219511
  -0.0323846
  -0.0644553
  -0.0959049
   -0.126433
   -0.155745
   -0.183553
   -0.209595
    -0.23362
   -0.255393
   -0.274707
   -0.291375
   -0.305238
   -0.316161
   -0.324041
   -0.328795
   -0.330388
   -0.328795
   -0.324041
   -0.316161
   -0.305238
   -0.291375
   -0.274707
   -0.255393
    -0.23362
   -0.209595
   -0.183553
   -0.155745
   -0.126433
  -0.0959049
  -0.0644553
  -0.0323846
  0.00206549
  0.00411103
  0.00611693
  0.00806389
  0.00993313
   0.0117067
   0.0133674
   0.0148994
   0.0162879
   0.0175195
   0.0185823
   0.0194662
   0.0201626
   0.0206648
    0.020968
   0.0210692
   0.0209676
    0.020664
   0.0201614
   0.0194647
   0.0185805
   0.0175174
   0.0162856
   0.0148971
    0.013365
   0.0117043
  0.00993094
  0.00806194
  0.00611534
  0.00410987
  0.00206486
  -0.0307832
   -0.061268
  -0.0911625
   -0.120181
   -0.148043
   -0.174477
    -0.19923
   -0.222068
   -0.242764
   -0.261123
   -0.276967
   -0.290145
   -0.300527
   -0.308017
   -0.312536
    -0.31405
   -0.312536
   -0.308017
   -0.300527
   -0.290145
   -0.276967
   -0.261123
   -0.242764
   -0.222068
    -0.19923
   -0.174477
   -0.148043
   -0.120181
  -0.0911625
   -0.061268
  -0.0307832
  0.00193902
   0.0038593
  0.00574238
  0.00757011
   0.0093249
   0.0109898
   0.0125489
   0.0139871
   0.0152905
   0.0164467
   0.0174444
   0.0182742
   0.0189279
   0.0193994
    0.019684
    0.019779
   0.0196836
   0.0193986
   0.0189267
   0.0182727
   0.0174426
   0.0164447
   0.0152883
   0.0139848
   0.0125466
   0.0109876
  0.00932276
  0.00756822
  0.00574082
  0.00385818
  0.00193841
  -0.0292195
  -0.0581558
  -0.0865316
   -0.114076
   -0.140523
   -0.165614
    -0.18911
   -0.210787
   -0.230432
   -0.247859
   -0.262898
   -0.275406
   -0.285261
   -0.292371
    -0.29666
   -0.298097
    -0.29666
   -0.292371
   -0.285261
   -0.275406
   -0.262898
   -0.247859
   -0.230432
   -0.210787
    -0.18911
   -0.165614
   -0.140523
   -0.114076
  -0.0865316
  -0.0581558
  -0.0292195
  0.00181633
  0.00361512
  0.00537905
  0.00709114
  0.00873488
   0.0102945
   0.0117549
   0.0131021
    0.014323
   0.0154061
   0.0163407
   0.0171179
   0.0177303
   0.0181719
   0.0184385
   0.0185275
   0.0184381
   0.0181711
   0.0177291
   0.0171164
   0.0163389
   0.0154041
   0.0143209
   0.0130999
   0.0117526
   0.0102923
  0.00873284
  0.00708932
  0.00537756
  0.00361404
  0.00181575
  -0.0276934
  -0.0551185
  -0.0820123
   -0.108118
   -0.133184
   -0.156964
   -0.179233
   -0.199779
   -0.218397
   -0.234914
   -0.249167
   -0.261022
   -0.270363
   -0.277101
   -0.281167
   -0.282528
   -0.281167
   -0.277101
   -0.270363
   -0.261022
   -0.249167
   -0.234914
   -0.218397
   -0.199779
   -0.179233
   -0.156964
   -0.133184
   -0.108118
  -0.0820123
  -0.0551185
  -0.0276934
  0.00169744
  0.00337848
  0.00502694
  0.00662695
  0.00816311
   0.0096206
   0.0109854
   0.0122444
   0.0133855
   0.0143976
    0.015271
   0.0159974
   0.0165696
   0.0169823
   0.0172315
   0.0173147
   0.0172311
   0.0169816
   0.0165686
    0.015996
   0.0152694
   0.0143957
   0.0133834
   0.0122423
   0.0109833
  0.00961853
  0.00816117
  0.00662523
  0.00502553
  0.00337745
  0.00169688
  -0.0262051
  -0.0521562
  -0.0776047
   -0.102307
   -0.126026
   -0.148528
     -0.1696
   -0.189042
    -0.20666
   -0.222289
   -0.235776
   -0.246994
   -0.255832
   -0.262209
   -0.266056
   -0.267344
   -0.266056
   -0.262209
   -0.255832
   -0.246994
   -0.235776
   -0.222289
    -0.20666
   -0.189042
     -0.1696
   -0.148528
   -0.126026
   -0.102307
  -0.0776047
  -0.0521562
  -0.0262051
  0.00158233
  0.00314938
  0.00468606
  0.00617758
  0.00760956
  0.00896823
   0.0102405
   0.0114141
   0.0124778
   0.0134213
   0.0142355
   0.0149126
    0.015446
   0.0158308
    0.016063
   0.0161405
   0.0160626
     0.01583
    0.015445
   0.0149113
   0.0142339
   0.0134195
   0.0124759
   0.0114121
   0.0102385
  0.00896627
  0.00760772
  0.00617595
  0.00468472
  0.00314841
  0.00158181
  -0.0247544
  -0.0492689
  -0.0733086
  -0.0966437
   -0.119049
   -0.140306
   -0.160212
   -0.178577
   -0.195219
   -0.209983
   -0.222724
   -0.233321
    -0.24167
   -0.247693
   -0.251327
   -0.252544
   -0.251327
   -0.247693
    -0.24167
   -0.233321
   -0.222724
   -0.209983
   -0.195219
   -0.178577
   -0.160212
   -0.140306
   -0.119049
  -0.0966437
  -0.0733086
  -0.0492689
  -0.0247544
  0.00147102
  0.00292784
  0.00435642
    0.005743
  0.00707426
  0.00833734
  0.00952011
   0.0106112
      0.0116
   0.0124771
    0.013234
   0.0138635
   0.0143594
   0.0147171
    0.014933
   0.0150051
   0.0149326
   0.0147164
   0.0143585
   0.0138623
   0.0132326
   0.0124754
   0.0115982
   0.0106093
   0.0095182
  0.00833549
  0.00707252
  0.00574147
  0.00435515
  0.00292692
  0.00147053
  -0.0233414
  -0.0464566
  -0.0691241
  -0.0911272
   -0.112254
   -0.132297
   -0.151067
   -0.168383
   -0.184076
   -0.197997
   -0.210011
   -0.220003
   -0.227875
   -0.233555
   -0.236981
   -0.238129
   -0.236981
   -0.233555
   -0.227875
   -0.220003
   -0.210011
   -0.197997
   -0.184076
   -0.168383
   -0.151067
   -0.132297
   -0.112254
  -0.0911272
  -0.0691241
  -0.0464566
  -0.0233414
   0.0013635
  0.00271383
  0.00403799
  0.00532323
  0.00655717
  0.00772794
  0.00882425
  0.00983555
   0.0107521
   0.0115651
   0.0122667
   0.0128502
   0.0133099
   0.0136414
   0.0138415
   0.0139083
   0.0138412
   0.0136407
   0.0133089
    0.012849
   0.0122653
   0.0115635
   0.0107504
  0.00983379
  0.00882247
  0.00772621
  0.00655556
   0.0053218
  0.00403681
  0.00271298
  0.00136304
  -0.0219661
  -0.0437193
  -0.0650512
  -0.0857578
    -0.10564
   -0.124502
   -0.142166
   -0.158462
    -0.17323
   -0.186331
   -0.197637
    -0.20704
   -0.214448
   -0.219793
   -0.223018
   -0.224098
   -0.223018
   -0.219793
   -0.214448
    -0.20704
   -0.197637
   -0.186331
    -0.17323
   -0.158462
   -0.142166
   -0.124502
    -0.10564
  -0.0857578
  -0.0650512
  -0.0437193
  -0.0219661
  0.00125977
  0.00250737
  0.00373079
  0.00491825
  0.00605832
  0.00714002
  0.00815292
  0.00908728
   0.0099341
   0.0106852
   0.0113335
   0.0118725
   0.0122972
   0.0126035
   0.0127884
   0.0128501
   0.0127881
   0.0126029
   0.0122964
   0.0118714
   0.0113322
   0.0106838
  0.00993253
  0.00908563
  0.00815124
  0.00713838
   0.0060568
  0.00491691
  0.00372969
  0.00250657
  0.00125934
  -0.0206285
   -0.041057
  -0.0610898
  -0.0805356
  -0.0992068
   -0.116921
   -0.133508
   -0.148812
   -0.162681
   -0.174984
   -0.185601
   -0.194432
   -0.201389
   -0.206409
   -0.209437
   -0.210451
   -0.209437
   -0.206409
   -0.201389
   -0.194432
   -0.185601
   -0.174984
   -0.162681
   -0.148812
   -0.133508
   -0.116921
  -0.0992068
  -0.0805356
  -0.0610898
   -0.041057
  -0.0206285
  0.00115982
  0.00230844
  0.00343481
  0.00452806
  0.00557768
  0.00657355
  0.00750609
  0.00836633
  0.00914597
  0.00983751
   0.0104343
   0.0109306
   0.0113216
   0.0116036
   0.0117738
   0.0118306
   0.0117735
   0.0116031
   0.0113208
   0.0109296
   0.0104331
  0.00983617
   0.0091445
   0.0083648
  0.00750455
  0.00657204
  0.00557626
  0.00452681
  0.00343378
   0.0023077
  0.00115942
  -0.0193285
  -0.0384697
  -0.0572401
  -0.0754604
   -0.092955
   -0.109552
   -0.125095
   -0.139435
   -0.152429
   -0.163957
   -0.173905
   -0.182179
   -0.188698
   -0.193401
   -0.196239
   -0.197189
   -0.196239
   -0.193401
   -0.188698
   -0.182179
   -0.173905
   -0.163957
   -0.152429
   -0.139435
   -0.125095
   -0.109552
   -0.092955
  -0.0754604
  -0.0572401
  -0.0384697
  -0.0193285
  0.00106367
  0.00211706
  0.00315003
  0.00415265
  0.00511525
  0.00602856
  0.00688379
  0.00767269
   0.0083877
  0.00902191
  0.00956921
   0.0100244
    0.010383
   0.0106416
   0.0107977
   0.0108498
   0.0107974
   0.0106411
   0.0103822
   0.0100234
  0.00956811
  0.00902065
  0.00838634
  0.00767126
  0.00688234
  0.00602715
  0.00511393
  0.00415148
  0.00314908
  0.00211636
  0.00106329
  -0.0180662
  -0.0359573
   -0.053502
  -0.0705323
  -0.0868845
   -0.102398
   -0.116925
   -0.130329
   -0.142475
    -0.15325
   -0.162548
   -0.170282
   -0.176375
   -0.180771
   -0.183423
   -0.184312
   -0.183423
   -0.180771
   -0.176375
   -0.170282
   -0.162548
    -0.15325
   -0.142475
   -0.130329
   -0.116925
   -0.102398
  -0.0868845
  -0.0705323
   -0.053502
  -0.0359573
  -0.0180662
 0.000971296
  0.00193321
  0.00287648
  0.00379203
  0.00467102
  0.00550501
  0.00628597
  0.00700637
  0.00765927
   0.0082384
  0.00873818
   0.0091538
  0.00948125
  0.00971739
  0.00985993
  0.00990753
   0.0098597
  0.00971693
  0.00948057
  0.00915293
  0.00873715
  0.00823723
    0.007658
  0.00700504
  0.00628462
   0.0055037
  0.00466979
  0.00379093
  0.00287558
  0.00193256
 0.000970945
  -0.0168416
    -0.03352
  -0.0498754
  -0.0657514
  -0.0809951
   -0.095457
      -0.109
   -0.121494
   -0.132817
   -0.142862
    -0.15153
   -0.158739
    -0.16442
   -0.168518
    -0.17099
   -0.171818
    -0.17099
   -0.168518
    -0.16442
   -0.158739
    -0.15153
   -0.142862
   -0.132817
   -0.121494
      -0.109
   -0.095457
  -0.0809951
  -0.0657514
  -0.0498754
    -0.03352
  -0.0168416
 0.000882709
  0.00175689
  0.00261413
  0.00344616
  0.00424499
  0.00500291
  0.00571264
  0.00636733
  0.00696069
  0.00748699
  0.00794119
  0.00831889
  0.00861647
  0.00883107
  0.00896062
  0.00900386
  0.00896039
  0.00883063
  0.00861584
  0.00831807
  0.00794022
   0.0074859
  0.00695949
  0.00636608
  0.00571138
  0.00500168
  0.00424384
  0.00344515
  0.00261329
  0.00175628
  0.00088238
  -0.0156547
  -0.0311577
  -0.0463604
  -0.0611175
  -0.0752869
  -0.0887297
   -0.101318
   -0.112932
   -0.123457
   -0.132793
   -0.140851
   -0.147552
   -0.152832
   -0.156641
   -0.158939
   -0.159709
   -0.158939
   -0.156641
   -0.152832
   -0.147552
   -0.140851
   -0.132793
   -0.123457
   -0.112932
   -0.101318
  -0.0887297
  -0.0752869
  -0.0611175
  -0.0463604
  -0.0311577
  -0.0156547
 0.000797901
  0.00158809
  0.00236297
  0.00311507
  0.00383715
  0.00452226
  0.00516379
  0.00575558
  0.00629193
  0.00676767
  0.00717821
  0.00751963
  0.00778862
  0.00798259
  0.00809969
  0.00813877
  0.00809948
  0.00798218
  0.00778801
  0.00751886
   0.0071773
  0.00676663
  0.00629081
   0.0057544
   0.0051626
   0.0045211
  0.00383607
  0.00311411
  0.00236218
  0.00158752
 0.000797593
  -0.0145055
  -0.0288703
   -0.042957
  -0.0566308
    -0.06976
  -0.0822159
    -0.09388
   -0.104641
   -0.114394
   -0.123045
   -0.130511
    -0.13672
   -0.141613
   -0.145142
   -0.147271
   -0.147985
   -0.147271
   -0.145142
   -0.141613
    -0.13672
   -0.130511
   -0.123045
   -0.114394
   -0.104641
    -0.09388
  -0.0822159
    -0.06976
  -0.0566308
   -0.042957
  -0.0288703
  -0.0145055
 0.000716877
  0.00142683
  0.00212302
  0.00279874
  0.00344749
  0.00406302
  0.00463941
   0.0051711
  0.00565298
   0.0060804
  0.00644926
  0.00675599
  0.00699765
  0.00717193
  0.00727713
  0.00731224
  0.00727692
  0.00717154
  0.00699709
  0.00675526
  0.00644838
  0.00607942
  0.00565191
  0.00516999
  0.00463829
  0.00406193
  0.00344647
  0.00279784
  0.00212228
  0.00142629
 0.000716587
  -0.0133939
   -0.026658
  -0.0396652
  -0.0522912
  -0.0644143
  -0.0759157
   -0.086686
  -0.0966228
   -0.105628
   -0.113616
    -0.12051
   -0.126243
   -0.130761
    -0.13402
   -0.135986
   -0.136645
   -0.135986
    -0.13402
   -0.130761
   -0.126243
    -0.12051
   -0.113616
   -0.105628
  -0.0966228
   -0.086686
  -0.0759157
  -0.0644143
  -0.0522912
  -0.0396652
   -0.026658
  -0.0133939
 0.000639633
  0.00127309
  0.00189426
  0.00249717
  0.00307601
  0.00362522
  0.00413949
  0.00461389
  0.00504383
  0.00542519
  0.00575429
  0.00602797
  0.00624358
  0.00639907
  0.00649292
  0.00652425
  0.00649274
  0.00639871
  0.00624305
  0.00602728
  0.00575347
  0.00542426
  0.00504283
  0.00461283
  0.00413843
  0.00362418
  0.00307505
  0.00249631
  0.00189355
  0.00127258
 0.000639359
    -0.01232
  -0.0245207
   -0.036485
  -0.0480986
  -0.0592498
   -0.069829
  -0.0797358
  -0.0888759
  -0.0971588
   -0.104507
   -0.110848
   -0.116121
   -0.120277
   -0.123274
   -0.125083
   -0.125689
   -0.125083
   -0.123274
   -0.120277
   -0.116121
   -0.110848
   -0.104507
  -0.0971588
  -0.0888759
  -0.0797358
   -0.069829
  -0.0592498
  -0.0480986
   -0.036485
  -0.0245207
    -0.01232
 0.000566168
  0.00112686
  0.00167669
  0.00221034
   0.0027227
  0.00320881
  0.00366401
  0.00408391
  0.00446447
  0.00480202
  0.00509331
  0.00533555
  0.00552639
  0.00566401
  0.00574708
   0.0057748
  0.00574691
  0.00566367
  0.00552589
   0.0053349
  0.00509254
  0.00480114
  0.00446352
  0.00408292
  0.00366301
  0.00320784
  0.00272179
  0.00220953
  0.00167602
  0.00112638
 0.000565907
  -0.0112838
  -0.0224583
  -0.0334163
  -0.0440532
  -0.0542665
  -0.0639559
  -0.0730295
  -0.0814008
  -0.0889871
  -0.0957169
   -0.101525
   -0.106355
   -0.110161
   -0.112906
   -0.114563
   -0.115118
   -0.114563
   -0.112906
   -0.110161
   -0.106355
   -0.101525
  -0.0957169
  -0.0889871
  -0.0814008
  -0.0730295
  -0.0639559
  -0.0542665
  -0.0440532
  -0.0334163
  -0.0224583
  -0.0112838
 0.000496476
 0.000988152
  0.00147029
  0.00193826
  0.00238754
  0.00281382
  0.00321299
  0.00358119
  0.00391489
  0.00421088
  0.00446631
  0.00467872
  0.00484607
  0.00496674
  0.00503958
  0.00506388
  0.00503941
  0.00496641
  0.00484559
  0.00467811
  0.00446558
  0.00421005
  0.00391399
  0.00358025
  0.00321203
  0.00281289
  0.00238668
   0.0019375
  0.00146967
 0.000987698
 0.000496231
  -0.0102853
  -0.0204709
  -0.0304593
  -0.0401549
  -0.0494644
  -0.0582964
   -0.066567
  -0.0741976
  -0.0811125
  -0.0872468
  -0.0925405
  -0.0969434
   -0.100412
   -0.102915
   -0.104425
   -0.104931
   -0.104425
   -0.102915
   -0.100412
  -0.0969434
  -0.0925405
  -0.0872468
  -0.0811125
  -0.0741976
   -0.066567
  -0.0582964
  -0.0494644
  -0.0401549
  -0.0304593
  -0.0204709
  -0.0102853
 0.000430561
 0.000856957
  0.00127508
  0.00168091
  0.00207054
  0.00244022
  0.00278638
  0.00310569
  0.00339508
  0.00365177
  0.00387327
  0.00405748
  0.00420259
  0.00430723
  0.00437039
  0.00439146
  0.00437024
  0.00430693
  0.00420214
   0.0040569
  0.00387258
  0.00365099
  0.00339423
   0.0031048
  0.00278548
  0.00243935
  0.00206973
  0.00168019
  0.00127449
 0.000856528
 0.000430329
 -0.00932448
  -0.0185586
  -0.0276138
  -0.0364037
  -0.0448435
  -0.0528504
  -0.0603484
  -0.0672662
  -0.0735351
  -0.0790963
  -0.0838955
  -0.0878871
  -0.0910321
  -0.0933009
  -0.0946698
  -0.0951283
  -0.0946698
  -0.0933009
  -0.0910321
  -0.0878871
  -0.0838955
  -0.0790963
  -0.0735351
  -0.0672662
  -0.0603484
  -0.0528504
  -0.0448435
  -0.0364037
  -0.0276138
  -0.0185586
 -0.00932448
 0.000368418
 0.000733272
  0.00109105
   0.0014383
  0.00177169
    0.002088
  0.00238419
  0.00265741
  0.00290503
  0.00312465
  0.00331418
  0.00347179
  0.00359595
  0.00368549
  0.00373952
  0.00375754
  0.00373937
   0.0036852
  0.00359553
  0.00347124
  0.00331354
  0.00312392
  0.00290423
  0.00265657
  0.00238335
  0.00208718
  0.00177092
  0.00143762
  0.00109049
 0.000732867
   0.0003682
 -0.00840132
  -0.0167212
    -0.02488
  -0.0327996
  -0.0404038
   -0.047618
  -0.0543737
  -0.0606066
  -0.0662549
  -0.0712655
  -0.0755896
   -0.079186
  -0.0820195
  -0.0840637
  -0.0852971
  -0.0857102
  -0.0852971
  -0.0840637
  -0.0820195
   -0.079186
  -0.0755896
  -0.0712655
  -0.0662549
  -0.0606066
  -0.0543737
   -0.047618
  -0.0404038
  -0.0327996
    -0.02488
  -0.0167212
 -0.00840132
 0.000310048
 0.000617094
 0.000918182
  0.00121041
  0.00149097
  0.00175717
  0.00200642
  0.00223634
  0.00244472
  0.00262954
  0.00278903
  0.00292165
  0.00302613
  0.00310147
  0.00314694
   0.0031621
   0.0031468
   0.0031012
  0.00302573
  0.00292114
  0.00278842
  0.00262884
  0.00244396
  0.00223555
  0.00200563
  0.00175639
  0.00149025
  0.00120977
 0.000917655
 0.000616712
 0.000309842
 -0.00751584
  -0.0149588
  -0.0222577
  -0.0293426
  -0.0361453
  -0.0425992
  -0.0486429
  -0.0542188
  -0.0592718
  -0.0637543
  -0.0676226
    -0.07084
  -0.0733749
  -0.0752036
   -0.076307
  -0.0766766
   -0.076307
  -0.0752036
  -0.0733749
    -0.07084
  -0.0676226
  -0.0637543
  -0.0592718
  -0.0542188
  -0.0486429
  -0.0425992
  -0.0361453
  -0.0293426
  -0.0222577
  -0.0149588
 -0.00751584
 0.000255447
 0.000508419
 0.000756481
 0.000997244
  0.00122839
   0.0014477
  0.00165305
  0.00184247
  0.00201414
   0.0021664
  0.00229779
  0.00240705
  0.00249312
  0.00255518
  0.00259263
  0.00260511
   0.0025925
  0.00255492
  0.00249274
  0.00240657
  0.00229722
  0.00216575
  0.00201343
  0.00184173
   0.0016523
  0.00144697
  0.00122771
 0.000996643
 0.000755987
 0.000508061
 0.000255254
 -0.00666804
  -0.0132715
   -0.019747
  -0.0260327
  -0.0320681
   -0.037794
  -0.0431559
  -0.0481028
  -0.0525858
  -0.0565627
  -0.0599947
  -0.0628491
  -0.0650981
  -0.0667205
  -0.0676995
  -0.0680273
  -0.0676995
  -0.0667205
  -0.0650981
  -0.0628491
  -0.0599947
  -0.0565627
  -0.0525858
  -0.0481028
  -0.0431559
   -0.037794
  -0.0320681
  -0.0260327
   -0.019747
  -0.0132715
 -0.00666804
 0.000204614
 0.000407244
 0.000605939
 0.000798786
 0.000983928
  0.00115958
  0.00132406
  0.00147578
  0.00161327
  0.00173523
  0.00184046
  0.00192796
  0.00199689
  0.00204659
  0.00207657
  0.00208656
  0.00207645
  0.00204635
  0.00199654
  0.00192751
  0.00183992
  0.00173461
  0.00161261
  0.00147508
  0.00132336
   0.0011589
 0.000983292
 0.000798221
 0.000605474
 0.000406908
 0.000204433
 -0.00585792
  -0.0116591
  -0.0173479
  -0.0228699
  -0.0281721
  -0.0332023
  -0.0379127
  -0.0422587
   -0.046197
  -0.0496907
  -0.0527058
  -0.0552134
  -0.0571891
  -0.0586145
  -0.0594745
  -0.0597625
  -0.0594745
  -0.0586145
  -0.0571891
  -0.0552134
  -0.0527058
  -0.0496907
   -0.046197
  -0.0422587
  -0.0379127
  -0.0332023
  -0.0281721
  -0.0228699
  -0.0173479
  -0.0116591
 -0.00585792
 0.000157547
 0.000313565
  0.00046655
  0.00061503
 0.000757577
 0.000892817
  0.00101945
  0.00113625
  0.00124211
  0.00133599
    0.001417
  0.00148436
  0.00153742
  0.00157568
  0.00159875
  0.00160643
  0.00159864
  0.00157545
  0.00153709
  0.00148394
  0.00141649
  0.00133542
  0.00124148
   0.0011356
  0.00101879
 0.000892176
 0.000756979
 0.000614501
 0.000466114
 0.000313249
 0.000157377
 -0.00508548
  -0.0101217
  -0.0150603
  -0.0198542
  -0.0244572
  -0.0288241
  -0.0329135
  -0.0366864
  -0.0401054
  -0.0431384
  -0.0457559
  -0.0479328
  -0.0496481
  -0.0508854
   -0.051632
  -0.0518821
   -0.051632
  -0.0508854
  -0.0496481
  -0.0479328
  -0.0457559
  -0.0431384
  -0.0401054
  -0.0366864
  -0.0329135
  -0.0288241
  -0.0244572
  -0.0198542
  -0.0150603
  -0.0101217
 -0.00508548
 0.000114244
 0.000227376
 0.000338307
 0.000445969
 0.000549325
 0.000647382
 0.000739194
 0.000823879
 0.000900622
 0.000968685
  0.00102741
  0.00107624
   0.0011147
  0.00114242
  0.00115914
   0.0011647
  0.00115903
  0.00114221
  0.00111439
  0.00107584
  0.00102694
 0.000968146
 0.000900038
 0.000823268
 0.000738577
 0.000646781
 0.000548765
 0.000445472
 0.000337899
 0.000227081
 0.000114085
 -0.00435073
 -0.00865928
  -0.0128844
  -0.0169857
  -0.0209236
  -0.0246596
  -0.0281581
  -0.0313859
  -0.0343109
  -0.0369057
   -0.039145
  -0.0410074
  -0.0424748
  -0.0435334
  -0.0441722
  -0.0443861
  -0.0441722
  -0.0435334
  -0.0424748
  -0.0410074
   -0.039145
  -0.0369057
  -0.0343109
  -0.0313859
  -0.0281581
  -0.0246596
  -0.0209236
  -0.0169857
  -0.0128844
 -0.00865928
 -0.00435073
  7.4702e-05
 0.000148673
 0.000221202
 0.000291591
 0.000359161
 0.000423263
 0.000483281
 0.000538636
 0.000588796
  0.00063328
 0.000671659
 0.000703566
 0.000728693
   0.0007468
 0.000757713
 0.000761329
 0.000757613
 0.000746602
 0.000728403
 0.000703192
 0.000671214
 0.000632775
 0.000588249
 0.000538064
 0.000482703
 0.000422701
 0.000358636
 0.000291126
  0.00022082
 0.000148397
 7.45529e-05
 -0.00365365
 -0.00727188
    -0.01082
  -0.0142642
  -0.0175712
  -0.0207086
  -0.0236466
  -0.0263572
  -0.0288136
  -0.0309926
  -0.0328731
  -0.0344372
  -0.0356695
  -0.0365585
  -0.0370948
  -0.0372745
  -0.0370948
  -0.0365585
  -0.0356695
  -0.0344372
  -0.0328731
  -0.0309926
  -0.0288136
  -0.0263572
  -0.0236466
  -0.0207086
  -0.0175712
  -0.0142642
    -0.01082
 -0.00727188
 -0.00365365
 3.89178e-05
 7.74505e-05
 0.000115227
 0.000151885
  0.00018707
 0.000220445
  0.00025169
 0.000280502
 0.000306607
 0.000329753
 0.000349718
 0.000366311
 0.000379373
 0.000388779
 0.000394439
   0.0003963
 0.000394345
 0.000388594
 0.000379102
 0.000365962
 0.000349301
 0.000329281
 0.000306095
 0.000279967
 0.000251149
 0.000219919
 0.000186579
  0.00015145
  0.00011487
 7.71915e-05
 3.87784e-05
 -0.00299425
 -0.00595948
 -0.00886728
  -0.0116898
     -0.0144
  -0.0169712
  -0.0193789
  -0.0216003
  -0.0236134
  -0.0253992
  -0.0269403
  -0.0282221
   -0.029232
  -0.0299605
  -0.0304001
  -0.0305473
  -0.0304001
  -0.0299605
   -0.029232
  -0.0282221
  -0.0269403
  -0.0253992
  -0.0236134
  -0.0216003
  -0.0193789
  -0.0169712
     -0.0144
  -0.0116898
 -0.00886728
 -0.00595948
 -0.00299425
 6.88831e-06
 1.37006e-05
 2.03716e-05
 2.68375e-05
 3.30363e-05
 3.89088e-05
  4.4399e-05
 4.94547e-05
 5.40279e-05
 5.80752e-05
 6.15584e-05
 6.44449e-05
 6.67077e-05
 6.83257e-05
 6.92842e-05
 6.95751e-05
 6.91962e-05
 6.81522e-05
 6.64537e-05
  6.4118e-05
 6.11683e-05
 5.76338e-05
 5.35491e-05
 4.89541e-05
 4.38936e-05
  3.8417e-05
 3.25772e-05
 2.64308e-05
 2.00373e-05
 1.34586e-05
   6.758e-06
 -0.00237253
 -0.00472206
  -0.0070261
  -0.0092626
    -0.01141
  -0.0134473
  -0.0153551
  -0.0171153
  -0.0187104
  -0.0201254
  -0.0213465
  -0.0223621
  -0.0231623
  -0.0237396
  -0.0240879
  -0.0242045
  -0.0240879
  -0.0237396
  -0.0231623
  -0.0223621
  -0.0213465
  -0.0201254
  -0.0187104
  -0.0171153
  -0.0153551
  -0.0134473
    -0.01141
  -0.0092626
  -0.0070261
 -0.00472206
 -0.00237253
-2.13903e-05
-4.25836e-05
-6.33755e-05
-8.35654e-05
-0.000102959
-0.000121368
-0.000138615
-0.000154534
-0.000168971
-0.000181785
-0.000192853
-0.000202068
 -0.00020934
-0.000214597
-0.000217789
-0.000218885
-0.000217872
-0.000214759
-0.000209577
-0.000202373
-0.000193218
-0.000182197
-0.000169418
-0.000155002
-0.000139087
-0.000121827
-0.000103387
-8.39451e-05
-6.36876e-05
-4.28095e-05
-2.15119e-05
 -0.00178849
 -0.00355965
  -0.0052965
 -0.00698245
 -0.00860125
   -0.010137
  -0.0115752
  -0.0129021
  -0.0141045
  -0.0151712
  -0.0160917
  -0.0168573
  -0.0174605
  -0.0178957
  -0.0181582
  -0.0182462
  -0.0181582
  -0.0178957
  -0.0174605
  -0.0168573
  -0.0160917
  -0.0151712
  -0.0141045
  -0.0129021
  -0.0115752
   -0.010137
 -0.00860125
 -0.00698245
  -0.0052965
 -0.00355965
 -0.00178849
-4.59222e-05
-9.14105e-05
-0.000136027
 -0.00017934
-0.000220935
-0.000260408
-0.000297381
-0.000331495
-0.000362422
-0.000389864
-0.000413555
-0.000433267
-0.000448809
-0.000460031
-0.000466824
-0.000469121
-0.000466901
-0.000460182
-0.000449031
-0.000433552
-0.000413895
-0.000390248
-0.000362839
-0.000331931
 -0.00029782
-0.000260836
-0.000221334
-0.000179694
-0.000136317
 -9.1621e-05
-4.60355e-05
 -0.00124213
 -0.00247223
  -0.0036785
 -0.00484941
 -0.00597369
 -0.00704031
 -0.00803914
 -0.00896066
 -0.00979576
  -0.0105366
  -0.0111759
  -0.0117076
  -0.0121266
  -0.0124288
  -0.0126112
  -0.0126722
  -0.0126112
  -0.0124288
  -0.0121266
  -0.0117076
  -0.0111759
  -0.0105366
 -0.00979576
 -0.00896066
 -0.00803914
 -0.00704031
 -0.00597369
 -0.00484941
  -0.0036785
 -0.00247223
 -0.00124213
-6.67121e-05
 -0.00013279
-0.000197596
-0.000260506
-0.000320915
-0.000378239
-0.000431927
-0.000481461
-0.000526363
-0.000566201
 -0.00060059
-0.000629198
-0.000651748
-0.000668024
-0.000677868
-0.000681184
-0.000677939
-0.000668164
-0.000651954
-0.000629462
-0.000600905
-0.000566558
-0.000526751
-0.000481866
-0.000432336
-0.000378637
-0.000321286
-0.000260835
-0.000197866
-0.000132985
-6.68174e-05
-0.000733453
  -0.0014598
 -0.00217207
 -0.00286348
 -0.00352734
 -0.00415716
 -0.00474694
 -0.00529108
 -0.00578419
 -0.00622163
 -0.00659913
 -0.00691311
 -0.00716048
 -0.00733895
 -0.00744662
 -0.00748269
 -0.00744662
 -0.00733895
 -0.00716048
 -0.00691311
 -0.00659913
 -0.00622163
 -0.00578419
 -0.00529108
 -0.00474694
 -0.00415716
 -0.00352734
 -0.00286348
 -0.00217207
  -0.0014598
-0.000733453
-8.37655e-05
-0.000166731
-0.000248099
-0.000327083
-0.000402924
-0.000474891
 -0.00054229
-0.000604472
-0.000660836
-0.000710841
-0.000754003
-0.000789907
-0.000818207
-0.000838627
-0.000850972
-0.000855123
-0.000851039
-0.000838757
-0.000818397
-0.000790152
-0.000754295
-0.000711172
-0.000661194
-0.000604846
-0.000542667
-0.000475259
-0.000403268
-0.000327387
-0.000248349
-0.000166912
-8.38629e-05
-0.000262454
-0.000522365
-0.000777241
 -0.00102465
  -0.0012622
 -0.00148757
 -0.00169862
 -0.00189333
 -0.00206978
 -0.00222631
 -0.00236139
 -0.00247374
 -0.00256226
 -0.00262612
 -0.00266465
 -0.00267756
 -0.00266465
 -0.00262612
 -0.00256226
 -0.00247374
 -0.00236139
 -0.00222631
 -0.00206978
 -0.00189333
 -0.00169862
 -0.00148757
  -0.0012622
 -0.00102465
-0.000777241
-0.000522365
-0.000262454
-9.70882e-05
-0.000193248
-0.000287553
-0.000379095
-0.000466992
-0.000550397
-0.000628506
-0.000700568
-0.000765886
-0.000823833
 -0.00087385
-0.000915453
-0.000948242
-0.000971901
-0.000986201
-0.000991003
-0.000986261
-0.000972021
-0.000948417
-0.000915679
-0.000874119
-0.000824138
-0.000766217
-0.000700912
-0.000628854
-0.000550735
-0.000467307
-0.000379374
-0.000287783
-0.000193414
-9.71777e-05
 0.000170865
 0.000340074
 0.000506006
 0.000667074
 0.000821728
  0.00096845
  0.00110585
  0.00123261
  0.00134748
  0.00144939
  0.00153733
  0.00161047
   0.0016681
  0.00170968
  0.00173476
  0.00174316
  0.00173476
  0.00170968
   0.0016681
  0.00161047
  0.00153733
  0.00144939
  0.00134748
  0.00123261
  0.00110585
  0.00096845
 0.000821728
 0.000667074
 0.000506006
 0.000340074
 0.000170865
-0.000106687
-0.000212352
-0.000315978
-0.000416567
-0.000513148
-0.000604793
-0.000690619
-0.000769798
-0.000841567
-0.000905235
-0.000960188
  -0.0010059
 -0.00104192
 -0.00106791
 -0.00108362
 -0.00108889
 -0.00108367
 -0.00106802
 -0.00104208
  -0.0010061
-0.000960433
-0.000905511
-0.000841867
-0.000770113
-0.000690936
-0.000605103
-0.000513437
-0.000416821
-0.000316187
-0.000212504
-0.000106768
 0.000566504
  0.00112752
  0.00167767
  0.00221169
  0.00272444
   0.0032109
  0.00366644
  0.00408672
  0.00446759
  0.00480546
  0.00509703
  0.00533954
  0.00553061
  0.00566845
  0.00575162
  0.00577947
  0.00575162
  0.00566845
  0.00553061
  0.00533954
  0.00509703
  0.00480546
  0.00446759
  0.00408672
  0.00366644
   0.0032109
  0.00272444
  0.00221169
  0.00167767
  0.00112752
 0.000566504
-0.000112568
-0.000224058
-0.000333395
-0.000439526
 -0.00054143
-0.000638124
-0.000728676
-0.000812214
-0.000887934
-0.000955107
 -0.00101309
 -0.00106131
 -0.00109931
 -0.00112673
 -0.00114329
 -0.00114885
 -0.00114335
 -0.00112683
 -0.00109945
 -0.00106149
 -0.00101331
-0.000955358
-0.000888206
-0.000812499
-0.000728963
-0.000638403
 -0.00054169
-0.000439757
-0.000333585
-0.000224195
-0.000112642
 0.000924463
  0.00183997
  0.00273774
   0.0036092
  0.00444595
  0.00523979
  0.00598317
  0.00666902
  0.00729055
   0.0078419
  0.00831772
  0.00871346
  0.00902526
   0.0092502
  0.00938592
  0.00943137
  0.00938592
   0.0092502
  0.00902526
  0.00871346
  0.00831772
   0.0078419
  0.00729055
  0.00666902
  0.00598317
  0.00523979
  0.00444595
   0.0036092
  0.00273774
  0.00183997
 0.000924463
-0.000114742
-0.000228383
-0.000339829
-0.000448008
-0.000551876
-0.000650433
-0.000742731
-0.000827879
-0.000905057
-0.000973521
 -0.00103261
 -0.00108176
 -0.00112049
 -0.00114844
 -0.00116532
 -0.00117098
 -0.00116536
 -0.00114852
 -0.00112062
 -0.00108193
 -0.00103281
-0.000973745
  -0.0009053
-0.000828132
-0.000742986
-0.000650683
-0.000552108
-0.000448213
-0.000339998
-0.000228505
-0.000114807
  0.00124474
  0.00247742
  0.00368623
   0.0048596
  0.00598624
  0.00705511
  0.00805603
  0.00897949
  0.00981635
   0.0105587
   0.0111994
   0.0117322
   0.0121521
   0.0124549
   0.0126377
   0.0126989
   0.0126377
   0.0124549
   0.0121521
   0.0117322
   0.0111994
   0.0105587
  0.00981635
  0.00897949
  0.00805603
  0.00705511
  0.00598624
   0.0048596
  0.00368623
  0.00247742
  0.00124474
-0.000113216
-0.000225345
-0.000335309
-0.000442047
-0.000544532
-0.000641776
-0.000732843
-0.000816854
-0.000893003
-0.000960554
 -0.00101886
 -0.00106735
 -0.00110556
 -0.00113313
 -0.00114979
 -0.00115537
 -0.00114982
 -0.00113321
 -0.00110567
 -0.00106749
 -0.00101903
-0.000960749
-0.000893215
-0.000817077
-0.000733067
-0.000641993
-0.000544735
-0.000442227
-0.000335457
-0.000225452
-0.000113273
  0.00152734
  0.00303988
  0.00452313
   0.0059629
  0.00734533
  0.00865686
  0.00988503
   0.0110181
    0.012045
   0.0129559
    0.013742
   0.0143958
    0.014911
   0.0152826
   0.0155068
   0.0155819
   0.0155068
   0.0152826
    0.014911
   0.0143958
    0.013742
   0.0129559
    0.012045
   0.0110181
  0.00988503
  0.00865686
  0.00734533
   0.0059629
  0.00452313
  0.00303988
  0.00152734
   -0.000108
-0.000214964
-0.000319862
-0.000421682
-0.000519445
-0.000612209
-0.000699078
-0.000779219
-0.000851857
-0.000916293
-0.000971907
 -0.00101816
 -0.00105461
 -0.00108091
 -0.00109679
 -0.00110212
 -0.00109683
 -0.00108098
 -0.00105471
 -0.00101829
-0.000972056
-0.000916462
-0.000852039
 -0.00077941
-0.000699271
-0.000612396
 -0.00051962
-0.000421838
 -0.00031999
-0.000215057
 -0.00010805
  0.00177226
  0.00352735
  0.00524844
  0.00691909
   0.0085232
    0.010045
   0.0114702
    0.012785
   0.0139765
   0.0150335
   0.0159457
   0.0167043
   0.0173021
   0.0177333
   0.0179935
   0.0180806
   0.0179935
   0.0177333
   0.0173021
   0.0167043
   0.0159457
   0.0150335
   0.0139765
    0.012785
   0.0114702
    0.010045
   0.0085232
  0.00691909
  0.00524844
  0.00352735
  0.00177226
-9.91083e-05
-0.000197265
-0.000293525
-0.000386961
-0.000476673
-0.000561797
-0.000641512
-0.000715053
-0.000781708
-0.000840838
 -0.00089187
-0.000934316
-0.000967763
-0.000991891
 -0.00100647
 -0.00101135
  -0.0010065
-0.000991948
-0.000967844
-0.000934419
-0.000891995
-0.000840978
-0.000781861
-0.000715212
-0.000641674
-0.000561953
-0.000476819
 -0.00038709
-0.000293631
-0.000197342
-9.91497e-05
   0.0019795
  0.00393982
  0.00586217
  0.00772817
  0.00951986
   0.0112197
   0.0128114
     0.01428
   0.0156108
   0.0167914
   0.0178103
   0.0186576
   0.0193253
   0.0198069
   0.0200975
   0.0201949
   0.0200975
   0.0198069
   0.0193253
   0.0186576
   0.0178103
   0.0167914
   0.0156108
     0.01428
   0.0128114
   0.0112197
  0.00951986
  0.00772817
  0.00586217
  0.00393982
   0.0019795
-8.65514e-05
-0.000172272
-0.000256335
-0.000337933
-0.000416277
-0.000490616
-0.000560231
-0.000624452
-0.000682661
-0.000734297
-0.000778862
-0.000815928
-0.000845136
-0.000866205
-0.000878934
-0.000883198
-0.000878957
-0.000866251
-0.000845203
-0.000816012
-0.000778962
 -0.00073441
-0.000682783
-0.000624579
-0.000560359
-0.000490741
-0.000416394
-0.000338036
 -0.00025642
-0.000172333
-8.65846e-05
  0.00214906
  0.00427729
  0.00636431
  0.00839015
   0.0103353
   0.0121807
   0.0139088
   0.0155032
    0.016948
   0.0182297
   0.0193358
   0.0202558
   0.0209806
   0.0215035
    0.021819
   0.0219247
    0.021819
   0.0215035
   0.0209806
   0.0202558
   0.0193358
   0.0182297
    0.016948
   0.0155032
   0.0139088
   0.0121807
   0.0103353
  0.00839015
  0.00636431
  0.00427729
  0.00214906
-7.03448e-05
-0.000140014
-0.000208337
-0.000274654
-0.000338328
-0.000398746
-0.000455325
 -0.00050752
-0.000554829
-0.000596795
-0.000633015
 -0.00066314
-0.000686878
-0.000704002
-0.000714346
-0.000717811
-0.000714363
-0.000704035
-0.000686926
-0.000663202
 -0.00063309
 -0.00059688
 -0.00055492
-0.000507616
-0.000455422
-0.000398841
-0.000338416
-0.000274732
  -0.0002084
 -0.00014006
-7.03697e-05
  0.00228094
  0.00453977
  0.00675486
  0.00890502
   0.0109696
   0.0129282
   0.0147624
   0.0164546
   0.0179881
   0.0193484
   0.0205224
   0.0214988
   0.0222681
   0.0228231
    0.023158
   0.0232702
    0.023158
   0.0228231
   0.0222681
   0.0214988
   0.0205224
   0.0193484
   0.0179881
   0.0164546
   0.0147624
   0.0129282
   0.0109696
  0.00890502
  0.00675486
  0.00453977
  0.00228094
-5.05045e-05
-0.000100524
-0.000149576
 -0.00019719
-0.000242905
-0.000286282
-0.000326903
-0.000364376
-0.000398342
-0.000428471
-0.000454475
-0.000476102
-0.000493145
-0.000505438
-0.000512864
-0.000515351
-0.000512875
 -0.00050546
-0.000493178
-0.000476144
-0.000454525
-0.000428528
-0.000398402
 -0.00036444
-0.000326968
-0.000286345
-0.000242964
-0.000197241
-0.000149619
-0.000100555
-5.05212e-05
  0.00237514
  0.00472726
  0.00703383
  0.00927279
   0.0114226
   0.0134621
    0.015372
   0.0171341
   0.0187309
   0.0201475
     0.02137
   0.0223867
   0.0231878
   0.0237657
   0.0241144
   0.0242312
   0.0241144
   0.0237657
   0.0231878
   0.0223867
     0.02137
   0.0201475
   0.0187309
   0.0171341
    0.015372
   0.0134621
   0.0114226
  0.00927279
  0.00703383
  0.00472726
  0.00237514
-2.70495e-05
 -5.3839e-05
-8.01107e-05
-0.000105612
-0.000130096
-0.000153328
-0.000175083
-0.000195153
-0.000213344
-0.000229481
-0.000243408
-0.000254991
-0.000264118
-0.000270702
-0.000274679
-0.000276011
-0.000274685
-0.000270714
-0.000264135
-0.000255012
-0.000243433
-0.000229509
-0.000213375
-0.000195185
-0.000175116
-0.000153359
-0.000130125
-0.000105637
-8.01321e-05
-5.38545e-05
-2.70578e-05
  0.00243166
  0.00483975
  0.00720121
  0.00949345
   0.0116944
   0.0137825
   0.0157378
   0.0175418
   0.0191767
   0.0206269
   0.0218785
   0.0229194
   0.0237396
   0.0243312
   0.0246882
   0.0248078
   0.0246882
   0.0243312
   0.0237396
   0.0229194
   0.0218785
   0.0206269
   0.0191767
   0.0175418
   0.0157378
   0.0137825
   0.0116944
  0.00949345
  0.00720121
  0.00483975
  0.00243166
           0
           0
           0
           0
           0
           0
           0
           0
           0
           0
           0
           0
           0
           0
           0
           0
           0
           0
           0
           0
           0
           0
           0
           0
           0
           0
           0
           0
           0
           0
           0
           0
           0
           0
           0
           0
           0
           0
           0
           0
           0
           0
           0
           0
           0
           0
           0
           0
           0
           0
           0
           0
           0
           0
           0
           0
           0
           0
           0
           0
           0
           0
