-7.8941
-7.67575
-7.46007
-7.24713
-7.0369600000000005
-6.829619999999999
-6.62512
-6.42351
-6.224819999999999
-6.029059999999999
-5.83627
-5.64646
-5.45965
-5.275869999999999
-5.09512
-4.91742
-4.74277
-4.57121
-4.40271
-4.2373
-4.07498
-3.91575
-3.7596199999999995
-3.6066
-3.45669
-3.30991
-3.16625
-3.02573
-2.88832
-2.7540400000000003
-2.6229
-2.4948599999999996
-2.36993
-2.24811
-2.1294
-2.01378
-1.90126
-1.79185
-1.68554
-1.5823200000000002
-1.4822
-1.38517
-1.29124
-1.2004
-1.11266
-1.02801
-0.946451
-0.867983
-0.792602
-0.720309
-0.6511020000000001
-0.584979
-0.52194
-0.461984
-0.40510999999999997
-0.351317
-0.300603
-0.25296799999999997
-0.208409
-0.166925
-0.12851400000000002
-0.09317560000000001
-0.0609063
-0.031704
-0.00556601
0.0175108
0.0375297
0.0544947
0.0684098
0.07928020000000001
0.08711100000000001
0.0919081
0.0936785
0.0924295
0.08816950000000001
0.08090800000000001
0.0706559
0.0574249
0.041228100000000004
0.022080900000000004
-2.24208e-44
