Residual: 
3.32818
2.00638
1.59034
1.41566
1.3235
1.25985
1.20708
1.15942
1.11494
1.0729
1.03297
0.994952
0.958722
0.924171
0.891206
0.859744
0.829711
0.801034
0.773648
0.747492
0.722505
0.698633
0.675822
0.654023
0.633189
0.613273
0.594232
0.576026
0.558615
0.541962
0.526032
0.51079
0.496204
0.482244
0.468881
0.456086
0.443832
0.432095
0.420851
0.410075
0.399747
0.389846
0.380351
0.371244
0.362506
0.354122
0.346073
0.338344
0.330922
0.323791
0.316938
0.31035
0.304016
0.297923
0.292061
0.286419
0.280988
0.275757
0.270717
0.265861
0.26118
0.256666
0.252312
0.248111
0.244055
0.24014
0.236359
0.232705
0.229174
0.225761
0.22246
0.219267
0.216177
0.213187
0.210291
0.207487
0.20477
0.202137
0.199585
0.197111
0.194711
0.192382
0.190123
0.18793
0.185801
0.183734
0.181725
0.179774
0.177878
0.176034
0.174242
0.172499
0.170804
0.169155
0.16755
0.165988
0.164467
0.162987
0.161545
0.16014
0.158772
0.157439
0.156139
0.154873
0.153638
0.152434
0.15126
0.150115
0.148997
0.147907
0.146844
0.145805
0.144792
0.143802
0.142836
0.141892
0.14097
0.14007
0.13919
0.138331
0.137491
0.136669
0.135867
0.135082
0.134314
0.133564
0.132829
0.132111
0.131408
0.130721
0.130048
0.129389
0.128744
0.128113
0.127495
0.126889
0.126296
0.125715
0.125146
0.124588
0.124042
0.123506
0.122981
0.122466
0.121961
0.121466
0.12098
0.120503
0.120036
0.119577
0.119127
0.118685
0.118251
0.117825
0.117407
0.116996
0.116593
0.116197
0.115807
0.115425
0.115049
0.114679
0.114316
0.113958
0.113607
0.113261
0.112922
0.112587
0.112258
0.111934
0.111616
0.111302
0.110993
0.110689
0.11039
0.110095
0.109805
0.109519
0.109237
0.108959
0.108685
0.108415
0.108149
0.107887
0.107628
0.107373
0.107121
0.106873
0.106628
0.106386
0.106148
0.105912
0.10568
0.10545
0.105224
0.105
0.104779
0.104561
0.104345
0.104132
0.103922
0.103714
0.103508
0.103305
0.103104
0.102905
0.102708
0.102514
0.102322
0.102131
0.101943
0.101757
0.101573
0.101391
0.10121
0.101032
0.100855
0.10068
0.100506
0.100335
0.100165
0.0999964
0.0998296
0.0996643
0.0995006
0.0993383
0.0991775
0.0990182
0.0988602
0.0987037
0.0985484
0.0983945
0.0982419
0.0980906
0.0979405
0.0977916
0.097644
0.0974974
0.0973522
0.097208
0.0970649
0.0969229
0.0967821
0.0966422
0.0965034
0.0963656
0.0962288
0.0960931
0.0959583
0.0958243
0.0956914
0.0955594
0.0954283
0.095298
0.0951686
0.09504
0.0949123
0.0947854
0.0946593
0.0945341
0.0944096
0.0942859
0.0941629
0.0940406
0.0939192
0.0937984
0.0936783
0.0935589
0.0934402
0.0933222
0.0932049
0.0930882
0.0929721
0.0928567
0.0927418
0.0926276
0.0925141
0.0924011
0.0922887
0.0921768
0.0920655
0.0919548
0.0918446
0.091735
0.0916258
0.0915172
0.0914091
0.0913016
0.0911945
0.091088
0.0909819
0.0908763
0.0907711
0.0906665
0.0905623
0.0904585
0.0903552
0.0902523
0.0901499
0.0900478
0.0899462
0.089845
0.0897442
0.0896439
0.0895439
0.0894442
0.089345
0.0892462
0.0891478
0.0890497
0.088952
0.0888546
0.0887576
0.0886609
0.0885646
0.0884686
0.0883731
0.0882777
0.0881827
0.0880882
0.0879938
0.0878998
0.087806
0.0877126
0.0876196
0.0875268
0.0874343
0.0873421
0.0872502
0.0871585
0.0870672
0.0869761
0.0868853
0.0867948
0.0867045
0.0866145
0.0865248
0.0864353
0.0863461
0.0862571
0.0861684
0.08608
0.0859917
0.0859036
0.085816
0.0857284
0.0856412
0.0855541
0.0854672
0.0853806
0.0852942
0.0852081
0.0851222
0.0850364
0.0849509
0.0848656
0.0847805
0.0846955
0.0846109
0.0845264
0.0844421
0.0843581
0.0842741
0.0841904
0.0841069
0.0840235
0.0839404
0.0838574
0.0837747
0.083692
0.0836096
0.0835274
0.0834455
0.0833635
0.0832818
0.0832002
0.0831188
0.0830377
0.0829565
0.0828757
0.082795
0.0827145
0.082634
0.0825538
0.0824738
0.0823939
0.082314
0.0822344
0.082155
0.0820757
0.0819964
0.0819174
0.0818385
0.0817599
0.0816812
0.0816027
0.0815245
0.0814463
0.0813682
0.0812904
0.0812126
0.0811351
0.0810576
0.0809803
0.080903
0.0808259
0.0807489
0.080672
0.0805954
0.0805188
0.0804424
0.080366
0.0802898
0.0802136
0.0801378
0.080062
0.0799862
0.0799105
0.0798351
0.0797598
0.0796845
0.0796093
0.0795343
0.0794594
0.0793846
0.0793099
0.0792354
0.0791608
0.0790865
0.0790123
0.0789381
0.0788641
0.0787902
0.0787163
0.0786425
0.078569
0.0784956
0.0784221
0.0783488
0.0782756
0.0782025
0.0781295
0.0780567
0.0779839
0.0779112
0.0778386
0.0777661
0.0776937
0.0776213
0.0775491
0.077477
0.077405
0.0773331
0.0772612
0.0771895
0.0771178
0.0770463
0.0769749
0.0769036
0.0768321
0.076761
0.0766898
0.0766189
0.0765479
0.0764771
0.0764063
0.0763357
0.0762651
0.0761946
0.0761242
0.0760538
0.0759836
0.0759135
0.0758435
0.0757733
0.0757034
0.0756337
0.0755638
0.0754943
0.0754247
0.0753551
0.0752858
0.0752164
0.0751472
0.0750779
0.0750089
0.0749398
0.074871
0.074802
0.0747333
0.0746644
0.0745959
0.0745274
0.0744589
0.0743904
0.0743222
0.0742539
0.0741858
0.0741176
0.0740496
0.0739816
0.0739137
0.0738459
0.0737782
0.0737104
0.073643
0.0735753
0.0735079
0.0734405
0.0733732
0.073306
0.0732388
0.0731717
0.0731046
0.0730378
0.0729709
0.072904
0.0728374
0.0727706
0.0727041
0.0726376
0.072571
0.0725046
0.0724381
0.0723719
0.0723057
0.0722396
0.0721735
0.0721075
0.0720415
0.0719756
0.0719098
0.0718441
0.0717783
0.0717128
0.0716472
0.0715818
0.0715163
0.071451
0.0713856
0.0713204
0.0712552
0.0711902
0.0711251
0.0710601
0.0709952
0.0709303
0.0708657
0.0708009
0.0707362
0.0706716
0.0706071
0.0705424
0.0704781
0.0704137
0.0703495
0.0702851
0.0702212
0.070157
0.0700929
0.0700289
0.0699648
0.069901
0.0698372
0.0697735
0.0697098
0.0696461
0.0695825
0.069519
0.0694555
0.0693921
0.0693286
0.0692653
0.0692022
0.0691389
0.0690759
0.0690128
0.0689498
0.0688868
0.0688241
0.068761
0.0686984
0.0686356
0.0685729
0.0685103
0.0684476
0.0683852
0.0683228
0.0682604
0.068198
0.0681357
0.0680735
0.0680112
0.0679492
0.0678871
0.0678249
0.067763
0.0677012
0.0676393
0.0675775
0.0675158
0.067454
0.0673924
0.0673308
0.0672692
0.0672078
0.0671463
0.0670848
0.0670236
0.0669623
0.066901
0.0668399
0.0667788
0.0667176
0.0666567
0.0665957
0.0665349
0.0664739
0.0664131
0.0663524
0.0662916
0.0662309
0.0661703
0.0661098
0.0660492
0.0659888
0.0659284
0.065868
0.0658077
0.0657474
0.0656872
0.0656271
0.0655671
0.065507
0.0654469
0.065387
0.0653271
0.0652672
0.0652075
0.0651476
0.065088
0.0650284
0.0649687
0.0649092
0.0648497
0.0647902
0.0647308
0.0646714
0.064612
0.0645528
0.0644936
0.0644345
0.0643753
0.0643162
0.0642573
0.0641982
0.0641393
0.0640804
0.0640216
0.0639629
0.0639041
0.0638456
0.0637869
0.0637283
0.0636698
0.0636114
0.0635527
0.0634944
0.063436
0.0633779
0.0633196
0.0632614
0.0632033
0.0631451
0.0630872
0.063029
0.0629711
0.0629131
0.0628553
0.0627975
0.0627396
0.062682
0.0626243
0.0625667
0.0625091
0.0624516
0.0623941
0.0623367
0.0622794
0.0622219
0.0621646
0.0621074
0.0620501
0.0619932
0.061936
0.061879
0.0618219
0.0617649
0.061708
0.0616511
0.0615943
0.0615374
0.0614808
0.0614241
0.0613673
0.0613108
0.0612542
0.0611978
0.0611414
0.0610848
0.0610285
0.0609722
0.0609159
0.0608596
0.0608035
0.0607473
0.0606911
0.0606352
0.0605792
0.0605231
0.0604672
0.0604114
0.0603557
0.0602998
0.0602441
0.0601883
0.0601328
0.0600772
0.0600216
0.0599661
0.0599107
0.0598552
0.0598
0.0597447
0.0596894
0.059634
0.0595788
0.0595238
0.0594687
0.0594136
0.0593586
0.0593037
0.0592487
0.0591939
0.059139
0.0590843
0.0590296
0.0589748
0.0589203
0.0588656
0.058811
0.0587565
0.0587021
0.0586475
0.0585932
0.0585388
0.0584846
0.0584303
0.0583761
0.0583218
0.0582678
0.0582137
0.0581597
0.0581056
0.0580519
0.0579979
0.0579441
0.0578903
0.0578364
0.0577828
0.0577291
0.0576754
0.0576218
0.0575683
0.0575148
0.0574614
0.0574079
0.0573545
0.0573013
0.0572479
0.0571946
0.0571417
0.0570883
0.0570353
0.0569821
0.0569292
0.0568762
0.0568233
0.0567703
0.0567175
0.0566648
0.056612
0.0565592
0.0565065
0.0564539
0.0564014
0.0563488
0.0562963
0.0562439
0.0561914
0.056139
0.0560867
0.0560344
0.0559822
0.0559299
0.0558778
0.0558256
0.0557736
0.0557216
0.0556696
0.0556176
0.0555657
0.0555139
0.0554621
0.0554102
0.0553586
0.0553069
0.0552552
0.0552035
0.055152
0.0551005
0.0550491
0.0549976
0.0549463
0.0548949
0.0548436
0.0547924
0.0547411
0.0546899
0.0546387
0.0545878
0.0545367
0.0544857
0.0544347
0.0543838
0.0543328
0.0542819
0.0542311
0.0541805
0.0541297
0.054079
0.0540284
0.0539778
0.0539273
0.0538767
0.0538264
0.0537759
0.0537254
0.0536752
0.0536249
0.0535746
0.0535245
0.0534742
0.0534243
0.0533742
0.0533241
0.053274
0.053224
0.0531741
0.0531242
0.0530744
0.0530246
0.0529749
0.0529251
0.0528754
0.0528257
0.0527762
0.0527267
0.0526771
0.0526277
0.0525782
0.052529
0.0524795
0.0524302
0.0523811
0.0523318
0.0522825
0.0522335
0.0521844
0.0521353
0.0520863
0.0520373
0.0519884
0.0519395
0.0518907
0.0518418
0.0517931
0.0517444
0.0516957
0.0516472
0.0515985
0.0515499
0.0515013
0.0514528
0.0514044
0.051356
0.0513077
0.0512595
0.051211
0.0511628
0.0511146
0.0510665
0.0510183
0.0509704
0.0509222
0.0508742
0.0508263
0.0507784
0.0507305
0.0506826
0.050635
0.0505871
0.0505395
0.0504917
0.0504441
0.0503963
0.0503491
0.0503016
0.0502539
0.0502066
0.0501591
0.0501117
0.0500645
0.0500173
0.0499699
0.0499227
0.0498758
0.0498287
0.0497817
0.0497344
0.0496876
0.0496406
0.0495936
0.0495466
0.0494999
0.049453
0.0494063
0.0493595
0.0493128
0.0492664
0.0492198
0.0491733
0.0491268
0.0490803
0.0490337
0.0489873
0.048941
0.0488948
0.0488486
0.0488022
0.048756
0.0487099
0.0486638
0.0486176
0.0485718
0.0485257
0.0484797
0.0484338
0.0483878
0.048342
0.0482963
0.0482505
0.0482048
0.0481591
0.0481134
0.0480677
0.0480223
0.0479768
0.0479313
0.0478858
0.0478404
0.0477949
0.0477497
0.0477046
0.0476592
0.0476139
0.047569
0.0475237
0.0474785
0.0474336
0.0473885
0.0473435
0.0472985
0.0472536
0.0472086
0.047164
0.0471192
0.0470744
0.0470298
0.046985
0.0469405
0.0468959
0.0468514
0.0468068
0.0467622
0.046718
0.0466736
0.0466293
0.0465848
0.0465405
0.0464963
0.046452
0.0464081
0.0463639
0.0463197
0.0462757
0.0462316
0.0461876
0.046144
0.0460999
0.0460559
0.0460121
0.0459682
0.0459247
0.0458808
0.0458372
0.0457936
0.04575
0.0457065
0.0456629
0.0456194
0.0455759
0.0455325
0.0454892
0.0454459
0.0454027
0.0453593
0.0453161
0.0452729
0.0452298
0.0451866
0.0451437
0.0451005
0.0450577
0.0450149
0.0449717
0.0449289
0.044886
0.0448433
0.0448005
0.0447577
0.044715
0.0446725
0.0446298
0.0445872
0.0445446
0.0445022
0.0444598
0.0444173
0.0443748
0.0443325
0.0442903
0.0442481
0.0442059
0.0441637
0.0441214
0.0440793
0.0440372
0.0439953
0.0439531
0.0439112
0.0438693
0.0438274
0.0437855
0.0437437
0.0437017
0.04366
0.0436184
0.0435767
0.0435352
0.0434934
0.0434519
0.0434103
0.0433687
0.0433276
0.0432861
0.0432447
0.0432033
0.0431617
0.0431207
0.0430794
0.0430383
0.0429972
0.0429558
0.0429149
0.0428739
0.0428329
0.0427919
0.042751
0.0427101
0.0426689
0.0426282
0.0425875
0.0425467
0.0425059
0.0424652
0.0424246
0.0423839
0.0423433
0.0423032
0.0422622
0.0422219
0.0421815
0.0421412
0.0421006
0.0420604
0.0420201
0.0419798
0.0419396
0.0418992
0.0418593
0.0418192
0.0417791
0.0417389
0.041699
0.041659
0.0416192
0.0415791
0.0415395
0.0414995
0.0414598
0.04142
0.0413803
0.0413405
0.041301
0.0412612
0.0412218
0.0411821
0.0411426
0.0411032
0.0410638
0.0410246
0.040985
0.0409458
0.0409064
0.0408673
0.0408281
0.0407891
0.0407497
0.0407107
0.0406716
0.0406327
0.0405935
0.0405545
0.0405156
0.0404767
0.0404377
0.0403991
0.0403602
0.0403213
0.0402826
0.0402438
0.0402054
0.0401668
0.0401282
0.0400895
0.0400509
0.0400127
0.0399741
0.0399356
0.0398972
0.0398588
0.0398208
0.0397824
0.0397442
0.0397059
0.0396679
0.0396297
0.0395916
0.0395535
0.0395154
0.0394774
0.0394395
0.0394016
0.0393636
0.0393258
0.0392879
0.0392502
0.0392124
0.0391749
0.039137
0.0390994
0.0390617
0.0390242
0.0389867
0.0389492
0.0389118
0.0388743
0.0388368
0.0387995
0.0387621
0.0387248
0.0386876
0.0386503
0.0386131
0.0385759
0.0385389
0.0385016
0.0384647
0.0384274
0.0383907
0.0383536
0.0383166
0.0382796
0.038243
0.038206
0.0381694
0.0381327
0.0380961
0.0380591
0.0380226
0.0379859
0.0379492
0.0379127
0.0378763
0.0378397
0.0378031
0.0377668
0.0377304
0.037694
0.0376577
0.0376213
0.0375852
0.037549
0.0375126
0.0374764
0.0374406
0.0374042
0.0373682
0.0373323
0.0372964
0.0372605
0.0372244
0.0371884
0.0371527
0.0371169
0.0370812
0.0370453
0.0370094
0.0369739
0.0369382
0.0369026
0.0368669
0.0368315
0.0367959
0.0367604
0.0367248
0.0366895
0.036654
0.0366187
0.0365833
0.036548
0.0365128
0.0364775
0.0364422
0.036407
0.0363721
0.036337
0.0363018
0.0362668
0.0362319
0.0361968
0.0361619
0.0361269
0.036092
0.0360574
0.0360226
0.0359877
0.0359529
0.0359181
0.0358834
0.0358489
0.0358143
0.0357797
0.0357452
0.0357105
0.0356763
0.0356415
0.0356071
0.0355726
0.0355382
0.035504
0.0354696
0.0354354
0.0354012
0.0353671
0.0353329
0.0352987
0.0352645
0.0352307
0.0351963
0.0351623
0.0351286
0.0350945
0.0350607
0.0350267
0.0349928
0.0349591
0.0349254
0.0348916
0.034858
0.0348241
0.0347906
0.0347568
0.0347231
0.0346896
0.0346561
0.0346225
0.0345892
0.0345557
0.0345225
0.0344889
0.0344553
0.034422
0.0343889
0.0343556
0.0343225
0.0342892
0.0342561
0.034223
0.03419
0.0341567
0.0341234
0.0340907
0.0340577
0.0340247
0.0339918
0.033959
0.033926
0.0338935
0.0338605
0.0338277
0.0337949
0.0337622
0.0337295
0.0336969
0.0336641
0.0336315
0.0335992
0.0335666
0.0335343
0.0335017
0.0334694
0.033437
0.0334046
0.0333722
0.03334
0.0333077
0.0332755
0.0332431
0.0332109
0.0331788
0.0331466
0.0331145
0.0330825
0.0330505
0.0330184
0.0329866
0.0329546
0.0329228
0.0328907
0.0328588
0.0328272
0.0327953
0.0327635
0.0327318
0.0327003
0.0326684
0.0326368
0.0326052
0.0325736
0.0325422
0.0325104
0.0324791
0.0324474
0.0324162
0.0323845
0.0323533
0.0323221
0.0322907
0.0322593
0.0322281
0.032197
0.0321658
0.0321346
0.0321034
0.0320723
0.032041
0.0320101
0.0319792
0.0319481
0.0319171
0.0318864
0.0318552
0.0318244
0.0317936
0.0317627
0.0317321
0.0317013
0.0316706
0.0316397
0.0316092
0.0315786
0.031548
0.0315174
0.0314866
0.0314564
0.0314255
0.0313954
0.031365
0.0313343
0.031304
0.0312735
0.0312433
0.0312132
0.0311829
0.0311525
0.0311224
0.0310922
0.031062
0.0310321
0.0310019
0.0309717
0.0309417
0.0309117
0.0308816
0.0308519
0.030822
0.0307917
0.030762
0.0307321
0.0307023
0.0306727
0.030643
0.0306133
0.0305835
0.0305539
0.0305241
0.0304946
0.030465
0.0304355
0.0304061
0.0303765
0.0303469
0.0303174
0.0302879
0.0302586
0.0302292
0.0301999
0.0301706
0.0301412
0.0301122
0.0300829
0.0300537
0.0300246
0.0299955
0.0299663
0.0299373
0.0299082
0.0298793
0.0298503
0.0298212
0.0297923
0.0297635
0.0297345
0.0297055
0.0296768
0.0296481
0.0296192
0.0295906
0.0295617
0.0295329
0.0295042
0.0294756
0.0294473
0.0294186
0.0293898
0.0293615
0.0293329
0.0293044
0.029276
0.0292474
0.0292192
0.0291908
0.0291624
0.0291342
0.0291058
0.0290776
0.0290493
0.0290211
0.028993
0.0289648
0.0289365
0.0289085
0.0288805
0.0288524
0.0288245
0.0287964
0.0287686
0.0287407
0.0287128
0.0286848
0.0286568
0.0286293
0.0286012
0.0285734
0.0285457
0.028518
0.0284903
0.0284627
0.0284351
0.0284075
0.0283798
0.0283523
0.0283248
0.0282972
0.0282699
0.0282422
0.0282151
0.0281877
0.0281601
0.0281326
0.0281054
0.0280781
0.0280508
0.0280234
0.0279964
0.0279693
0.0279419
0.027915
0.0278877
0.0278607
0.0278334
0.0278066
0.0277795
0.0277526
0.0277255
0.0276986
0.0276717
0.0276446
0.027618
0.027591
0.0275644
0.0275375
0.0275108
0.0274839
0.0274573
0.0274306
0.027404
0.0273772
0.0273508
0.0273241
0.0272976
0.0272711
0.0272445
0.027218
0.0271916
0.027165
0.0271388
0.0271125
0.0270862
0.0270598
0.0270337
0.0270073
0.0269809
0.0269548
0.0269285
0.0269024
0.0268761
0.0268502
0.0268239
0.0267979
0.0267719
0.0267458
0.0267199
0.0266938
0.0266679
0.026642
0.026616
0.0265905
0.0265645
0.0265386
0.0265128
0.026487
0.0264614
0.0264356
0.0264099
0.0263842
0.0263585
0.0263329
0.0263072
0.026282
0.0262562
0.0262306
0.0262051
0.0261796
0.0261541
0.0261288
0.0261034
0.0260779
0.0260526
0.0260274
0.0260023
0.0259767
0.0259514
0.0259262
0.0259011
0.0258758
0.0258508
0.0258257
0.0258004
0.0257753
0.0257504
0.0257252
0.0257003
0.0256752
0.0256502
0.0256253
0.0256001
0.0255758
0.0255506
0.0255259
0.0255009
0.0254761
0.0254514
0.0254267
0.0254018
0.0253772
0.0253526
0.025328
0.0253033
0.0252788
0.0252541
0.0252296
0.025205
0.0251805
0.0251561
0.0251317
0.0251068
0.0250827
0.0250581
0.025034
0.0250093
0.0249852
0.0249606
0.0249366
0.0249124
0.0248881
0.0248639
0.0248396
0.0248157
0.0247915
0.0247674
0.0247429
0.0247194
0.0246952
0.024671
0.0246471
0.0246232
0.0245994
0.0245753
0.0245514
0.0245274
0.0245038
0.0244798
0.024456
0.0244322
0.0244084
0.0243847
0.0243609
0.024337
0.0243134
0.0242899
0.0242662
0.0242425
0.0242191
0.0241955
0.024172
0.0241486
0.024125
0.0241015
0.024078
0.0240546
0.0240311
0.024008
0.0239845
0.0239613
0.0239378
0.0239143
0.0238912
0.0238677
0.0238447
0.0238214
0.0237984
0.0237751
0.0237521
0.023729
0.0237059
0.0236829
0.0236597
0.0236368
0.0236137
0.0235908
0.0235677
0.0235448
0.0235218
0.023499
0.0234759
0.0234535
0.0234307
0.0234077
0.0233849
0.023362
0.0233396
0.0233166
0.023294
0.0232712
0.0232488
0.023226
0.0232035
0.0231809
0.0231583
0.0231358
0.0231133
0.0230908
0.0230684
0.0230459
0.0230233
0.0230011
0.0229786
0.0229563
0.022934
0.0229116
0.0228892
0.0228669
0.0228447
0.0228225
0.0228001
0.022778
0.0227559
0.0227338
0.0227115
0.0226894
0.0226675
0.0226453
0.0226234
0.0226014
0.0225793
0.0225574
0.0225354
0.0225134
0.0224914
0.0224697
0.0224476
0.0224261
0.0224039
0.0223821
0.0223605
0.0223386
0.022317
0.0222953
0.0222735
0.0222516
0.0222299
0.0222085
0.0221868
0.0221652
0.0221436
0.0221222
0.0221005
0.0220789
0.0220576
0.022036
0.0220147
0.0219931
0.021972
0.0219504
0.021929
0.0219079
0.0218861
0.0218651
0.0218436
0.0218224
0.0218009
0.02178
0.0217587
0.0217374
0.0217163
0.0216952
0.0216739
0.021653
0.0216317
0.0216106
0.0215896
0.0215684
0.0215477
0.0215267
0.0215057
0.0214848
0.0214639
0.021443
0.0214221
0.0214011
0.0213805
0.0213594
0.0213387
0.0213178
0.0212971
0.0212764
0.0212558
0.0212349
0.0212143
0.0211936
0.0211728
0.0211522
0.0211316
0.0211111
0.0210906
0.02107
0.0210495
0.0210291
0.0210083
0.020988
0.0209676
0.0209472
0.0209267
0.0209064
0.020886
0.0208655
0.0208453
0.0208251
0.0208045
0.0207845
0.0207641
0.020744
0.0207235
0.0207034
0.0206833
0.0206631
0.0206431
0.0206228
0.0206028
0.0205827
0.0205625
0.0205425
0.0205226
0.0205025
0.0204826
0.0204626
0.0204426
0.0204227
0.0204027
0.0203829
0.020363
0.0203433
0.0203232
0.0203035
0.0202836
0.0202638
0.0202441
0.0202243
0.0202048
0.0201849
0.0201654
0.0201458
0.020126
0.0201066
0.0200871
0.0200673
0.0200476
0.0200284
0.0200088
0.019989
0.0199698
0.0199504
0.0199308
0.0199113
0.0198919
0.0198725
0.0198531
0.0198337
0.0198141
0.019795
0.0197756
0.0197563
0.0197372
0.0197178
0.0196987
0.0196797
0.0196603
0.0196411
0.019622
0.0196029
0.0195837
0.0195647
0.0195455
0.0195267
0.0195074
0.0194883
0.0194694
0.0194503
0.0194314
0.0194124
0.0193935
0.0193748
0.0193555
0.0193366
0.0193179
0.019299
0.0192802
0.0192613
0.0192426
0.0192237
0.019205
0.0191861
0.0191676
0.0191488
0.0191302
0.0191117
0.0190931
0.0190742
0.0190558
0.0190371
0.0190183
0.019
0.0189814
0.0189628
0.0189442
0.0189259
0.0189076
0.0188888
0.0188706
0.018852
0.0188337
0.0188153
0.0187968
0.0187785
0.0187603
0.018742
0.0187236
0.0187055
0.0186871
0.0186687
0.0186505
0.0186323
0.0186143
0.0185958
0.0185778
0.0185595
0.0185416
0.0185234
0.0185055
0.0184875
0.0184692
0.0184512
0.0184333
0.018415
0.0183973
0.0183792
0.0183612
0.0183434
0.0183254
0.0183076
0.0182895
0.0182719
0.0182537
0.018236
0.0182183
0.0182001
0.0181826
0.0181648
0.0181472
0.0181294
0.0181118
0.0180939
0.0180763
0.0180586
0.0180412
0.0180233
0.0180057
0.0179881
0.0179707
0.017953
0.0179355
0.0179179
0.0179007
0.0178832
0.0178657
0.0178481
0.0178307
0.0178132
0.0177959
0.0177784
0.017761
0.0177437
0.0177265
0.0177088
0.0176917
0.0176746
0.0176573
0.0176399
0.0176224
0.0176053
0.017588
0.0175709
0.0175536
0.0175365
0.0175193
0.0175022
0.0174852
0.0174681
0.0174508
0.0174339
0.0174169
0.0173998
0.0173826
0.0173656
0.0173487
0.0173317
0.0173146
0.0172979
0.017281
0.0172642
0.0172472
0.0172302
0.0172134
0.0171967
0.0171797
0.017163
0.0171463
0.0171293
0.0171125
0.0170957
0.017079
0.0170623
0.0170456
0.0170289
0.0170124
0.0169957
0.016979
0.0169623
0.0169457
0.0169293
0.0169128
0.0168962
0.0168793
0.0168628
0.0168465
0.0168299
0.0168135
0.0167973
0.0167808
0.0167643
0.0167478
0.0167314
0.016715
0.0166985
0.0166823
0.0166661
0.0166496
0.0166333
0.016617
0.0166007
0.0165846
0.0165681
0.0165518
0.0165357
0.0165195
0.0165035
0.016487
0.0164713
0.016455
0.0164386
0.0164226
0.0164063
0.0163906
0.0163744
0.0163584
0.0163423
0.0163262
0.0163103
0.0162943
0.0162785
0.0162625
0.0162464
0.0162305
0.0162145
0.0161985
0.0161828
0.016167
0.0161512
0.0161353
0.0161194
0.0161037
0.016088
0.0160719
0.0160563
0.0160407
0.0160248
0.0160091
0.0159935
0.0159776
0.0159622
0.0159463
0.0159308
0.0159153
0.0158996
0.0158839
0.0158681
0.0158527
0.0158373
0.0158217
0.0158062
0.0157907
0.0157751
0.0157595
0.0157443
0.0157287
0.0157133
0.0156979
0.0156824
0.0156672
0.0156516
0.0156361
0.015621
0.0156057
0.0155901
0.0155749
0.0155596
0.0155443
0.015529
0.0155138
0.0154989
0.0154835
0.0154683
0.0154531
0.0154377
0.0154227
0.0154076
0.0153924
0.0153771
0.0153621
0.0153471
0.015332
0.0153166
0.0153017
0.0152868
0.0152719
0.0152568
0.0152418
0.0152268
0.015212
0.015197
0.0151821
0.015167
0.015152
0.0151372
0.0151225
0.0151075
0.0150925
0.0150777
0.0150629
0.0150483
0.0150332
0.0150184
0.0150039
0.014989
0.0149741
0.0149598
0.0149449
0.0149301
0.0149153
0.0149009
0.0148861
0.0148716
0.0148568
0.0148421
0.0148278
0.014813
0.0147984
0.0147839
0.0147693
0.0147548
0.0147403
0.0147259
0.0147113
0.0146967
0.0146823
0.0146679
0.0146537
0.0146389
0.0146247
0.0146101
0.0145958
0.0145815
0.0145671
0.0145527
0.0145384
0.0145242
0.0145099
0.0144954
0.0144812
0.014467
0.0144529
0.0144387
0.0144241
0.01441
0.0143959
0.0143815
0.0143675
0.0143533
0.0143392
0.0143251
0.014311
0.0142968
0.0142828
0.0142687
0.0142545
0.0142405
0.0142267
0.0142125
0.0141987
0.0141844
0.0141704
0.0141565
0.0141428
0.0141286
0.0141147
0.0141007
0.0140868
0.0140732
0.0140591
0.0140453
0.0140315
0.0140177
0.0140035
0.01399
0.0139761
0.0139622
0.0139487
0.0139348
0.0139209
0.0139072
0.0138935
0.0138799
0.0138661
0.0138523
0.0138386
0.0138252
0.0138115
0.0137981
0.0137843
0.0137707
0.013757
0.0137435
0.0137298
0.0137163
0.013703
0.0136891
0.0136757
0.0136623
0.0136487
0.0136351
0.0136216
0.0136084
0.0135948
0.0135817
0.013568
0.0135545
0.0135412
0.0135278
0.0135145
0.0135011
0.0134878
0.0134743
0.0134611
0.0134479
0.0134345
0.0134211
0.013408
0.0133946
0.0133815
0.013368
0.013355
0.0133416
0.0133288
0.0133154
0.0133024
0.0132891
0.0132759
0.0132628
0.0132497
0.0132366
0.0132235
0.0132104
0.0131976
0.0131842
0.0131712
0.0131581
0.0131452
0.013132
0.0131192
0.0131063
0.0130933
0.0130802
0.0130671
0.0130544
0.0130412
0.0130285
0.0130156
0.0130027
0.01299
0.0129771
0.0129641
0.0129512
0.0129386
0.0129259
0.0129128
0.0128999
0.0128873
0.0128744
0.0128616
0.0128491
0.0128362
0.0128236
0.012811
0.0127981
0.0127855
0.0127728
0.0127603
0.0127477
0.0127349
0.0127222
0.0127096
0.012697
0.0126845
0.0126718
0.0126594
0.0126468
0.0126342
0.0126216
0.0126092
0.0125967
0.0125844
0.0125717
0.0125592
0.0125466
0.0125345
0.0125217
0.0125095
0.0124971
0.0124849
0.0124724
0.0124598
0.0124476
0.0124351
0.0124228
0.0124103
0.0123981
0.0123858
0.0123736
0.0123615
0.0123491
0.0123367
0.0123245
0.0123123
0.0123001
0.012288
0.0122755
0.0122633
0.0122512
0.012239
0.0122271
0.012215
0.0122025
0.0121906
0.0121784
0.0121663
0.0121541
0.012142
0.01213
0.0121181
0.012106
0.012094
0.0120818
0.0120699
0.0120578
0.0120458
0.0120338
0.0120221
0.0120101
0.0119981
0.0119862
0.0119741
0.0119622
0.0119503
0.0119387
0.0119267
0.0119147
0.0119028
0.0118911
0.0118793
0.0118674
0.0118556
0.0118438
0.0118318
0.0118203
0.0118085
0.0117966
0.0117851
0.0117732
0.0117616
0.0117501
0.0117382
0.0117264
0.0117148
0.0117031
0.0116916
0.0116798
0.0116684
0.0116568
0.011645
0.0116335
0.0116218
0.0116103
0.0115988
0.011587
0.0115754
0.0115639
0.0115524
0.011541
0.0115296
0.0115181
0.0115067
0.011495
0.0114836
0.011472
0.0114608
0.0114494
0.0114379
0.0114265
0.011415
0.0114037
0.0113922
0.0113808
0.0113696
0.0113583
0.0113468
0.0113356
0.011324
0.0113131
0.0113017
0.0112904
0.0112792
0.0112679
0.0112568
0.0112453
0.011234
0.011223
0.0112118
0.0112005
0.0111894
0.011178
0.0111672
0.011156
0.0111447
0.0111339
0.0111226
0.0111115
0.0111004
0.0110892
0.0110782
0.0110672
0.0110562
0.0110452
0.0110339
0.011023
0.0110119
0.0110011
0.0109902
0.0109788
0.0109682
0.0109572
0.0109466
0.0109352
0.0109243
0.0109136
0.0109026
0.0108917
0.0108806
0.0108698
0.0108589
0.010848
0.0108374
0.0108265
0.0108156
0.0108047
0.0107939
0.0107832
0.0107724
0.0107615
0.0107509
0.0107402
0.010729
0.0107186
0.0107081
0.0106972
0.0106865
0.0106758
0.0106653
0.0106545
0.0106437
0.0106331
0.0106225
0.0106119
0.0106015
0.0105909
0.0105802
0.0105696
0.0105592
0.0105484
0.0105378
0.0105272
0.0105165
0.0105061
0.0104957
0.0104852
0.0104746
0.010464
0.0104538
0.0104434
0.0104328
0.0104223
0.0104117
0.0104015
0.0103909
0.0103803
0.0103703
0.0103597
0.0103493
0.010339
0.0103284
0.0103181
0.010308
0.0102975
0.0102873
0.0102769
0.0102665
0.0102562
0.010246
0.0102358
0.0102255
0.0102153
0.0102049
0.010195
0.0101846
0.0101741
0.0101641
0.010154
0.0101437
0.0101334
0.0101234
0.0101131
0.010103
0.0100929
0.010083
0.0100727
0.0100626
0.0100524
0.0100425
0.0100323
0.010022
0.0100123
0.0100023
0.00999197
0.00998212
0.00997196
0.00996185
0.00995192
0.00994185
0.00993201
0.00992191
0.0099122
0.00990216
0.00989223
0.00988228
0.00987217
0.00986248
0.00985233
0.00984227
0.00983244
0.00982274
0.00981296
0.00980313
0.00979344
0.00978338
0.00977352
0.0097637
0.00975376
0.0097441
0.00973425
0.00972436
0.00971473
0.00970488
0.00969505
0.00968561
0.00967575
0.00966579
0.0096562
0.0096465
0.00963681
0.00962712
0.00961739
0.00960777
0.00959819
0.00958852
0.00957892
0.00956892
0.00955952
0.00954999
0.00954034
0.00953065
0.00952129
0.00951145
0.00950196
0.00949263
0.00948301
0.00947346
0.00946392
0.00945433
0.00944476
0.0094352
0.00942581
0.00941601
0.00940669
0.00939721
0.00938804
0.0093785
0.00936893
0.00935956
0.00935004
0.00934068
0.00933133
0.0093219
0.00931225
0.00930309
0.00929384
0.00928416
0.00927489
0.00926539
0.00925613
0.00924699
0.00923771
0.00922838
0.00921915
0.00920968
0.00920029
0.00919096
0.00918184
0.00917252
0.00916337
0.0091541
0.0091448
0.00913547
0.00912632
0.00911692
0.00910804
0.00909875
0.00908978
0.00908072
0.00907141
0.00906235
0.00905317
0.00904419
0.00903498
0.00902554
0.00901652
0.00900762
0.00899853
0.00898929
0.00898022
0.00897109
0.00896188
0.00895313
0.00894396
0.008935
0.00892595
0.00891694
0.00890802
0.00889903
0.00889014
0.00888101
0.00887197
0.00886329
0.00885431
0.00884529
0.00883611
0.00882727
0.00881871
0.0088096
0.00880077
0.00879152
0.00878284
0.00877399
0.0087651
0.00875635
0.00874733
0.00873852
0.00872996
0.00872103
0.00871222
0.00870332
0.0086944
0.00868559
0.00867694
0.00866803
0.00865964
0.00865088
0.00864205
0.00863305
0.00862452
0.00861588
0.00860696
0.00859846
0.00858962
0.00858094
0.0085724
0.00856356
0.00855475
0.00854633
0.00853784
0.00852914
0.00852039
0.00851194
0.00850322
0.00849469
0.00848627
0.00847759
0.00846893
0.00846034
0.00845199
0.00844311
0.00843462
0.0084262
0.00841754
0.00840909
0.0084006
0.00839219
0.00838361
0.0083752
0.00836657
0.00835811
0.00834989
0.00834142
0.0083328
0.00832448
0.00831578
0.00830744
0.00829908
0.00829075
0.00828231
0.00827383
0.00826561
0.00825691
0.00824876
0.00824017
0.00823194
0.00822377
0.00821552
0.00820721
0.00819877
0.0081904
0.00818211
0.00817387
0.00816543
0.00815732
0.00814934
0.00814082
0.00813222
0.00812428
0.008116
0.00810777
0.0080998
0.00809137
0.00808328
0.00807498
0.00806673
0.00805879
0.00805034
0.00804221
0.00803409
0.00802606
0.00801795
0.0080099
0.00800167
0.00799357
0.00798559
0.00797737
0.00796924
0.00796141
0.00795327
0.007945
0.00793701
0.00792936
0.00792087
0.00791301
0.00790499
0.00789699
0.00788872
0.00788093
0.00787295
0.00786487
0.00785702
0.00784909
0.00784086
0.00783277
0.00782491
0.00781708
0.00780897
0.00780157
0.0077934
0.00778535
0.00777787
0.00776963
0.00776182
0.00775393
0.00774581
0.00773818
0.00773055
0.00772245
0.00771456
0.00770683
0.00769901
0.00769116
0.00768347
0.00767569
0.00766792
0.00765997
0.00765228
0.00764448
0.00763679
0.00762909
0.00762137
0.0076135
0.00760594
0.00759813
0.00759034
0.00758272
0.00757488
0.00756706
0.00755974
0.00755201
0.00754443
0.00753661
0.00752878
0.00752133
0.0075138
0.00750611
0.0074981
0.00749066
0.00748308
0.00747547
0.00746781
0.00746035
0.00745268
0.00744506
0.00743746
0.00742991
0.00742272
0.00741513
0.00740746
0.00740017
0.00739267
0.00738495
0.00737746
0.00736988
0.00736232
0.00735512
0.00734759
0.00733994
0.00733243
0.00732507
0.00731751
0.0073101
0.00730274
0.00729529
0.00728815
0.00728054
0.00727319
0.00726578
0.00725823
0.00725089
0.00724357
0.00723638
0.00722896
0.0072214
0.00721426
0.00720693
0.00719944
0.00719195
0.0071848
0.00717768
0.00717027
0.00716305
0.00715572
0.00714837
0.0071411
0.00713391
0.00712657
0.00711921
0.00711218
0.00710492
0.00709781
0.00709028
0.00708333
0.0070762
0.00706895
0.0070617
0.00705445
0.00704722
0.00704025
0.00703313
0.0070259
0.00701878
0.0070115
0.00700437
0.00699713
0.00699031
0.00698311
0.00697596
0.00696907
0.00696198
0.00695475
0.00694748
0.00694069
0.00693335
0.00692611
0.00691917
0.00691229
0.00690533
0.00689811
0.00689108
0.00688401
0.00687718
0.00687027
0.00686296
0.00685641
0.00684941
0.00684237
0.00683532
0.00682841
0.00682166
0.00681471
0.0068077
0.00680069
0.0067937
0.00678704
0.00678
0.00677298
0.00676622
0.00675925
0.00675226
0.00674555
0.00673863
0.00673193
0.00672497
0.00671832
0.00671104
0.0067041
0.00669756
0.00669079
0.00668369
0.00667713
0.00667028
0.00666361
0.00665659
0.00664991
0.00664299
0.00663643
0.00662962
0.00662291
0.0066159
0.00660951
0.00660233
0.00659569
0.00658915
0.0065826
0.00657581
0.00656896
0.00656213
0.00655574
0.00654885
0.00654229
0.00653577
0.006529
0.00652236
0.00651571
0.00650903
0.00650224
0.00649562
0.00648913
0.00648253
0.00647601
0.00646919
0.00646294
0.00645602
0.00644962
0.00644313
0.00643649
0.00642974
0.00642367
0.00641686
0.00641024
0.00640382
0.0063973
0.00639063
0.0063844
0.00637761
0.00637111
0.0063647
0.006358
0.0063516
0.00634526
0.00633874
0.00633239
0.00632584
0.00631952
0.00631309
0.00630658
0.00630002
0.00629363
0.00628722
0.00628096
0.00627446
0.00626789
0.0062617
0.00625543
0.00624902
0.00624256
0.00623609
0.00622993
0.00622353
0.00621705
0.00621078
0.00620426
0.00619806
0.00619174
0.00618564
0.00617909
0.00617311
0.00616643
0.0061605
0.00615412
0.00614778
0.00614132
0.00613546
0.00612907
0.00612247
0.00611644
0.00611019
0.00610419
0.00609769
0.00609165
0.00608544
0.00607938
0.00607295
0.00606683
0.00606052
0.00605452
0.00604814
0.00604217
0.00603593
0.00602957
0.00602345
0.00601735
0.00601143
0.00600499
0.00599918
0.00599301
0.0059867
0.00598076
0.00597449
0.0059686
0.00596246
0.00595643
0.0059502
0.00594428
0.00593818
0.00593198
0.00592607
0.00591992
0.00591399
0.00590785
0.00590185
0.005896
0.00588993
0.00588367
0.00587771
0.00587188
0.0058658
0.00585979
0.00585407
0.00584795
0.005842
0.005836
0.00582999
0.00582416
0.00581826
0.0058123
0.00580634
0.00580055
0.00579439
0.00578848
0.00578283
0.00577676
0.00577086
0.00576499
0.0057591
0.00575321
0.00574738
0.00574144
0.00573572
0.00572976
0.00572394
0.00571826
0.00571209
0.00570637
0.0057005
0.00569503
0.00568896
0.0056833
0.00567734
0.00567159
0.00566588
0.00565999
0.00565411
0.00564829
0.00564288
0.00563717
0.00563128
0.00562539
0.00561993
0.00561398
0.00560828
0.00560259
0.00559678
0.00559109
0.00558554
0.00557952
0.00557404
0.00556845
0.00556243
0.00555702
0.00555169
0.00554565
0.00553999
0.00553431
0.00552858
0.00552311
0.00551752
0.00551182
0.005506
0.00550046
0.0054949
0.00548951
0.00548372
0.00547818
0.00547259
0.00546691
0.00546156
0.00545595
0.00545031
0.0054448
0.00543914
0.00543363
0.00542794
0.0054226
0.00541707
0.00541129
0.00540623
0.00540025
0.00539487
0.00538954
0.00538376
0.00537846
0.00537281
0.00536742
0.00536199
0.00535651
0.005351
0.00534555
0.0053401
0.00533471
0.00532939
0.00532362
0.0053184
0.00531261
0.00530741
0.00530213
0.00529672
0.00529119
0.00528596
0.00528043
0.00527493
0.00526975
0.00526452
0.00525891
0.00525349
0.0052482
0.00524276
0.00523767
0.00523207
0.00522682
0.00522163
0.00521608
0.0052108
0.00520548
0.00520009
0.00519501
0.00518943
0.00518439
0.00517896
0.00517388
0.00516828
0.00516348
0.0051578
0.00515255
0.00514734
0.00514211
0.00513724
0.00513155
0.00512654
0.00512134
0.00511588
0.00511071
0.0051055
0.00510016
0.00509517
0.00508977
0.00508473
0.00507959
0.00507421
0.0050692
0.00506401
0.00505894
0.00505381
0.00504844
0.00504311
0.00503836
0.00503308
0.00502781
0.00502295
0.0050176
0.0050126
0.00500739
0.0050025
0.00499711
0.00499224
0.00498707
0.00498182
0.0049769
0.00497179
0.00496676
0.00496173
0.00495663
0.00495155
0.00494631
0.00494148
0.00493651
0.00493131
0.00492634
0.0049213
0.00491636
0.00491119
0.00490624
0.00490138
0.00489636
0.00489112
0.00488611
0.00488151
0.00487611
0.00487131
0.00486643
0.00486145
0.00485629
0.00485119
0.00484684
0.00484161
0.00483653
0.00483181
0.00482691
0.00482179
0.00481694
0.00481201
0.00480719
0.0048023
0.00479719
0.00479242
0.00478732
0.00478257
0.00477748
0.00477312
0.00476794
0.0047631
0.00475804
0.0047535
0.00474864
0.00474385
0.00473879
0.00473413
0.0047292
0.00472427
0.00471937
0.00471505
0.00470971
0.00470533
0.00470036
0.00469548
0.00469069
0.00468579
0.00468144
0.0046763
0.00467165
0.00466677
0.00466232
0.00465723
0.0046526
0.00464797
0.00464298
0.00463822
0.00463355
0.00462885
0.00462416
0.00461957
0.00461477
0.00461008
0.00460526
0.00460079
0.00459577
0.00459147
0.00458645
0.00458192
0.00457714
0.00457247
0.00456797
0.00456325
0.00455874
0.00455389
0.00454921
0.00454479
0.00453991
0.00453538
0.00453103
0.0045258
0.00452158
0.00451684
0.00451242
0.00450781
0.0045033
0.0044985
0.00449395
0.00448946
0.00448449
0.00448022
0.00447537
0.00447099
0.00446654
0.0044618
0.00445736
0.00445281
0.00444832
0.00444347
0.00443929
0.0044347
0.00443008
0.00442586
0.00442099
0.00441656
0.00441222
0.00440737
0.00440323
0.00439853
0.00439415
0.00438969
0.00438496
0.00438088
0.00437606
0.00437183
0.00436728
0.00436254
0.0043586
0.00435391
0.00434933
0.004345
0.00434066
0.00433601
0.00433193
0.00432741
0.0043229
0.00431867
0.00431432
0.00430968
0.00430553
0.0043008
0.00429644
0.00429208
0.00428797
0.00428328
0.00427907
0.00427484
0.00426994
0.00426612
0.00426142
0.00425728
0.004253
0.00424851
0.00424433
0.00423985
0.00423545
0.00423133
0.00422687
0.00422275
0.00421839
0.004214
0.00420968
0.00420545
0.00420096
0.00419666
0.00419255
0.00418834
0.00418421
0.0041798
0.00417558
0.00417143
0.00416699
0.0041628
0.00415853
0.00415414
0.00415003
0.00414565
0.00414164
0.00413729
0.00413308
0.00412896
0.00412453
0.00412073
0.00411619
0.00411202
0.0041079
0.00410379
0.00409943
0.0040955
0.00409114
0.00408721
0.00408263
0.00407862
0.00407456
0.00407042
0.00406606
0.00406214
0.00405801
0.00405368
0.00404958
0.00404559
0.00404124
0.00403729
0.00403309
0.00402912
0.0040247
0.00402086
0.00401674
0.0040126
0.0040086
0.00400433
0.0040005
0.0039963
0.00399235
0.00398821
0.00398419
0.00397998
0.00397614
0.00397168
0.00396785
0.00396387
0.00395979
0.0039556
0.00395176
0.00394738
0.00394354
0.00393955
0.00393545
0.00393158
0.00392754
0.00392359
0.00391958
0.00391549
0.00391148
0.0039075
0.0039035
0.00389957
0.00389569
0.0038917
0.00388782
0.00388381
0.00387966
0.003876
0.00387155
0.0038679
0.00386394
0.00386004
0.00385614
0.00385213
0.00384818
0.00384434
0.0038403
0.00383663
0.00383261
0.0038287
0.00382478
0.00382089
0.00381699
0.00381324
0.00380913
0.00380551
0.00380146
0.00379763
0.00379361
0.00378981
0.00378587
0.00378204
0.00377838
0.00377433
0.00377075
0.00376679
0.00376288
0.00375908
0.00375501
0.00375157
0.00374734
0.00374394
0.0037397
0.00373619
0.00373207
0.00372845
0.0037248
0.00372061
0.00371706
0.00371329
0.0037094
0.00370573
0.00370194
0.00369822
0.00369436
0.00369061
0.00368676
0.00368319
0.00367934
0.00367569
0.00367181
0.00366804
0.00366431
0.00366031
0.00365675
0.00365316
0.00364936
0.00364578
0.003642
0.00363847
0.00363453
0.00363078
0.00362726
0.00362341
0.0036196
0.00361614
0.00361247
0.00360856
0.00360515
0.00360127
0.00359773
0.00359402
0.00359022
0.00358671
0.00358298
0.0035793
0.00357575
0.00357225
0.00356838
0.00356496
0.00356095
0.00355758
0.00355393
0.00355003
0.0035468
0.00354305
0.00353943
0.00353579
0.00353234
0.00352858
0.00352504
0.00352147
0.00351782
0.00351432
0.00351066
0.0035068
0.00350371
0.00349985
0.00349631
0.00349285
0.00348935
0.00348579
0.00348204
0.00347871
0.00347511
0.00347162
0.00346795
0.00346436
0.00346084
0.00345722
0.00345379
0.00345041
0.00344665
0.00344331
0.0034399
0.00343623
0.00343287
0.00342913
0.00342577
0.00342234
0.00341841
0.00341539
0.00341179
0.00340823
0.00340489
0.00340151
0.00339771
0.00339463
0.00339108
0.0033873
0.00338404
0.00338058
0.00337717
0.00337379
0.00337017
0.00336674
0.00336349
0.00336005
0.00335635
0.00335329
0.00334966
0.00334609
0.00334302
0.00333956
0.00333617
0.00333298
0.00332916
0.00332608
0.00332254
0.00331907
0.0033159
0.00331243
0.00330891
0.00330572
0.00330213
0.00329899
0.00329552
0.00329219
0.00328884
0.00328523
0.00328209
0.0032788
0.00327538
0.00327199
0.00326872
0.00326542
0.00326223
0.00325868
0.00325539
0.00325212
0.00324886
0.00324548
0.00324211
0.00323885
0.00323555
0.00323209
0.00322897
0.00322573
0.00322221
0.003219
0.00321591
0.00321273
0.00320927
0.00320607
0.00320284
0.00319927
0.00319635
0.0031928
0.0031897
0.00318649
0.00318332
0.00317975
0.0031766
0.00317346
0.00317011
0.00316694
0.00316379
0.00316056
0.00315706
0.00315417
0.00315118
0.00314777
0.00314401
0.0031412
0.00313811
0.00313468
0.00313182
0.00312853
0.00312539
0.0031223
0.00311889
0.00311588
0.00311256
0.00310928
0.00310618
0.00310309
0.0030999
0.00309656
0.00309375
0.00309032
0.00308717
0.00308416
0.00308089
0.0030779
0.0030747
0.00307155
0.00306852
0.0030654
0.00306208
0.00305893
0.00305585
0.00305306
0.00304955
0.00304652
0.00304354
0.00304029
0.00303726
0.00303406
0.00303113
0.00302806
0.00302485
0.00302161
0.0030188
0.00301573
0.00301236
0.00300948
0.00300647
0.00300315
0.00300028
0.00299751
0.00299403
0.00299111
0.00298828
0.00298502
0.00298197
0.00297902
0.00297584
0.00297287
0.00296974
0.00296674
0.00296381
0.00296085
0.00295757
0.00295462
0.00295177
0.00294853
0.00294564
0.00294269
0.00293967
0.00293653
0.0029339
0.00293052
0.00292761
0.00292478
0.00292161
0.00291895
0.00291568
0.00291271
0.00290987
0.00290684
0.00290391
0.00290089
0.00289795
0.00289502
0.00289205
0.00288932
0.00288625
0.00288295
0.00288022
0.00287748
0.00287442
0.00287157
0.00286855
0.00286543
0.00286284
0.00285987
0.00285685
0.00285403
0.00285115
0.00284817
0.00284527
0.00284228
0.00283942
0.00283643
0.00283372
0.00283079
0.00282806
0.00282499
0.0028218
0.00281963
0.0028163
0.00281336
0.00281062
0.00280779
0.00280491
0.00280206
0.00279915
0.00279648
0.0027935
0.00279069
0.00278778
0.00278486
0.00278205
0.00277911
0.00277619
0.00277366
0.00277071
0.00276797
0.00276523
0.002762
0.00275941
0.0027568
0.00275386
0.00275118
0.0027481
0.00274519
0.0027425
0.00273973
0.00273697
0.002734
0.00273127
0.0027289
0.00272608
0.0027229
0.00272021
0.00271753
0.00271482
0.00271212
0.00270905
0.00270641
0.00270381
0.00270089
0.00269817
0.00269526
0.00269239
0.00268999
0.00268721
0.00268444
0.00268153
0.00267885
0.00267618
0.00267372
0.00267053
0.00266784
0.00266539
0.0026627
0.00265977
0.00265706
0.00265458
0.0026517
0.00264911
0.00264625
0.00264352
0.00264109
0.00263824
0.00263537
0.0026327
0.00263031
0.00262749
0.0026248
0.00262216
0.00261926
0.00261684
0.00261413
0.00261165
0.00260872
0.00260611
0.00260365
0.0026007
0.00259816
0.0025956
0.00259277
0.00258995
0.00258745
0.00258497
0.0025824
0.00257964
0.0025769
0.00257438
0.00257177
0.0025691
0.00256646
0.00256384
0.00256132
0.00255849
0.00255582
0.00255373
0.00255093
0.00254811
0.00254569
0.00254305
0.00254055
0.00253764
0.00253512
0.00253258
0.00253008
0.00252739
0.00252476
0.00252223
0.00251969
0.00251718
0.00251479
0.00251193
0.00250952
0.00250685
0.00250432
0.00250185
0.00249927
0.00249656
0.00249421
0.00249166
0.00248901
0.00248634
0.00248407
0.00248142
0.00247889
0.00247616
0.00247373
0.00247136
0.00246863
0.00246631
0.00246381
0.002461
0.00245861
0.00245626
0.00245352
0.00245096
0.0024488
0.00244617
0.00244358
0.00244118
0.00243846
0.00243622
0.00243369
0.00243116
0.00242875
0.00242614
0.00242371
0.00242127
0.00241906
0.00241624
0.00241393
0.00241158
0.00240882
0.00240638
0.0024041
0.00240173
0.00239902
0.00239646
0.0023944
0.0023919
0.00238914
0.0023868
0.00238449
0.00238204
0.00237982
0.00237724
0.00237459
0.00237203
0.00237002
0.0023677
0.00236523
0.00236236
0.00236023
0.00235765
0.00235531
0.00235327
0.00235061
0.00234793
0.00234584
0.0023436
0.00234085
0.00233849
0.00233629
0.0023339
0.0023314
0.00232915
0.00232669
0.00232424
0.00232195
0.00231959
0.00231722
0.00231476
0.00231241
0.00231018
0.00230762
0.00230545
0.00230308
0.00230065
0.00229828
0.00229584
0.0022936
0.0022913
0.00228891
0.00228658
0.00228422
0.00228202
0.00227964
0.00227714
0.00227476
0.00227257
0.00227023
0.00226813
0.0022656
0.00226308
0.0022611
0.0022589
0.00225639
0.00225379
0.00225194
0.0022496
0.00224709
0.00224481
0.00224264
0.00224021
0.0022382
0.00223566
0.00223339
0.00223121
0.00222889
0.00222649
0.0022242
0.00222211
0.00221976
0.00221751
0.00221534
0.00221301
0.00221068
0.00220828
0.00220621
0.00220395
0.00220187
0.00219932
0.00219709
0.002195
0.00219272
0.00219033
0.00218819
0.00218603
0.00218361
0.00218129
0.00217911
0.00217728
0.00217498
0.00217243
0.00217038
0.00216804
0.00216601
0.00216385
0.00216148
0.00215906
0.00215699
0.00215514
0.00215271
0.00215049
0.00214828
0.00214583
0.00214378
0.00214175
0.00213964
0.00213728
0.0021351
0.0021329
0.00213053
0.00212879
0.00212654
0.00212427
0.00212212
0.00211989
0.00211773
0.00211554
0.00211355
0.00211143
0.00210903
0.00210683
0.00210475
0.0021025
0.00210057
0.00209848
0.00209598
0.00209401
0.00209179
0.00208968
0.00208745
0.00208552
0.00208342
0.00208108
0.00207892
0.00207698
0.00207499
0.00207285
0.00207037
0.00206818
0.0020665
0.00206441
0.00206223
0.00205971
0.0020577
0.00205575
0.00205383
0.00205161
0.00204924
0.00204722
0.00204517
0.00204315
0.00204111
0.00203909
0.00203697
0.002035
0.00203247
0.00203057
0.00202874
0.00202651
0.00202424
0.00202241
0.00202054
0.00201804
0.00201602
0.00201409
0.00201208
0.00200979
0.00200789
0.0020059
0.00200377
0.00200169
0.00199972
0.00199777
0.00199556
0.00199332
0.00199151
0.00198954
0.00198736
0.00198556
0.00198347
0.00198127
0.00197912
0.0019772
0.00197559
0.00197331
0.001971
0.00196915
0.00196735
0.0019654
0.00196309
0.00196105
0.00195942
0.00195704
0.00195517
0.00195315
0.00195118
0.00194929
0.0019471
0.00194514
0.00194294
0.00194105
0.00193936
0.00193727
0.00193515
0.00193325
0.00193135
0.00192921
0.00192718
0.00192546
0.00192357
0.00192128
0.00191923
0.00191739
0.00191551
0.00191356
0.00191159
0.00190961
0.00190778
0.00190553
0.00190375
0.00190203
0.00189989
0.00189768
0.00189585
0.00189416
0.001892
0.00189008
0.00188812
0.00188602
0.00188444
0.00188244
0.00188061
0.00187838
0.00187644
0.00187457
0.00187297
0.00187094
0.00186906
0.00186711
0.00186501
0.00186304
0.00186137
0.00185945
0.00185742
0.00185552
0.00185375
0.00185185
0.00184975
0.00184788
0.00184615
0.00184428
0.00184241
0.00184045
0.00183858
0.00183663
0.00183476
0.00183301
0.00183091
0.00182906
0.00182723
0.00182551
0.00182343
0.00182162
0.00181999
0.00181793
0.00181592
0.00181403
0.00181252
0.00181045
0.00180883
0.00180654
0.00180506
0.00180324
0.00180113
0.00179938
0.00179739
0.00179561
0.00179391
0.0017921
0.00179007
0.00178831
0.00178644
0.00178476
0.0017829
0.00178085
0.00177916
0.00177726
0.00177562
0.00177385
0.00177185
0.00177004
0.00176818
0.00176658
0.00176447
0.00176278
0.00176094
0.0017592
0.00175725
0.00175561
0.00175361
0.00175212
0.00175027
0.00174857
0.0017466
0.00174477
0.0017432
0.00174138
0.00173947
0.00173755
0.00173598
0.0017342
0.00173243
0.00173042
0.00172875
0.00172704
0.00172519
0.00172354
0.00172165
0.00172005
0.00171828
0.00171635
0.00171463
0.00171298
0.0017112
0.0017093
0.00170776
0.00170593
0.00170418
0.00170241
0.00170074
0.00169886
0.00169703
0.00169549
0.00169375
0.00169198
0.00169018
0.0016884
0.00168652
0.0016852
0.00168345
0.00168159
0.0016798
0.00167828
0.00167644
0.00167452
0.00167268
0.00167131
0.00166959
0.001668
0.00166605
0.0016643
0.00166263
0.00166106
0.00165942
0.00165752
0.00165582
0.00165417
0.0016522
0.00165077
0.00164899
0.00164741
0.00164572
0.00164405
0.00164222
0.00164049
0.00163889
0.00163735
0.00163544
0.001634
0.00163237
0.00163048
0.00162893
0.00162722
0.00162542
0.00162388
0.00162229
0.00162056
0.0016186
0.00161725
0.00161575
0.00161414
0.00161219
0.0016104
0.00160884
0.00160716
0.00160569
0.00160403
0.00160241
0.00160071
0.00159905
0.00159727
0.00159571
0.0015941
0.0015925
0.00159092
0.00158913
0.00158749
0.00158588
0.00158454
0.00158274
0.00158104
0.00157929
0.00157777
0.00157622
0.00157445
0.00157293
0.00157131
0.00156975
0.00156835
0.00156644
0.00156483
0.00156329
0.00156155
0.00156001
0.0015586
0.00155707
0.0015553
0.00155376
0.00155181
0.00155048
0.00154889
0.00154731
0.00154582
0.00154414
0.00154232
0.00154089
0.00153948
0.00153762
0.0015362
0.00153472
0.00153298
0.00153133
0.00152993
0.00152838
0.00152684
0.0015253
0.00152369
0.00152184
0.00152049
0.00151896
0.0015174
0.00151585
0.00151406
0.00151269
0.00151121
0.00150971
0.00150797
0.00150651
0.00150498
0.00150342
0.00150191
0.00150044
0.0014988
0.00149713
0.0014956
0.0014942
0.00149263
0.00149105
0.00148957
0.00148812
0.00148638
0.00148507
0.00148348
0.00148193
0.00148037
0.00147878
0.00147737
0.00147588
0.00147438
0.00147255
0.00147138
0.00146985
0.00146827
0.00146688
0.00146517
0.00146373
0.00146253
0.00146077
0.00145924
0.00145777
0.00145613
0.00145485
0.00145317
0.00145187
0.00145033
0.00144857
0.00144736
0.00144585
0.00144419
0.00144279
0.00144134
0.00143985
0.0014382
0.00143692
0.00143555
0.00143392
0.00143247
0.00143077
0.0014294
0.00142795
0.00142663
0.00142532
0.00142361
0.0014221
0.00142062
0.00141914
0.00141774
0.0014164
0.00141486
0.00141329
0.00141192
0.00141034
0.00140895
0.0014077
0.00140625
0.00140486
0.00140334
0.00140184
0.00140051
0.00139889
0.00139748
0.00139592
0.00139472
0.00139328
0.00139194
0.00139064
0.0013888
0.00138744
0.00138599
0.00138463
0.00138319
0.00138182
0.00138052
0.00137877
0.00137759
0.00137622
0.00137459
0.00137318
0.00137172
0.00137043
0.00136908
0.00136777
0.00136647
0.00136479
0.00136321
0.00136191
0.00136055
0.00135925
0.00135789
0.00135639
0.00135486
0.00135374
0.00135216
0.00135078
0.00134942
0.00134822
0.0013468
0.0013455
0.00134392
0.0013423
0.00134105
0.00133983
0.00133825
0.00133695
0.0013357
0.00133428
0.00133297
0.00133159
0.00132998
0.00132865
0.00132723
0.00132603
0.00132477
0.00132327
0.00132182
0.00132063
0.00131918
0.00131809
0.00131652
0.00131509
0.00131361
0.00131215
0.00131121
0.00131
0.00130847
0.00130715
0.0013057
0.00130427
0.00130283
0.00130154
0.00130044
0.00129914
0.00129771
0.00129627
0.00129485
0.00129363
0.00129219
0.0012911
0.00128978
0.00128835
0.00128681
0.00128531
0.00128431
0.00128319
0.00128175
0.00128043
0.00127921
0.00127798
0.00127649
0.00127497
0.00127353
0.00127255
0.00127113
0.00126994
0.0012687
0.00126732
0.00126595
0.00126452
0.00126318
0.00126213
0.00126081
0.00125946
0.00125813
0.00125673
0.0012555
0.0012543
0.00125317
0.00125181
0.00125026
0.001249
0.00124768
0.00124641
0.00124525
0.00124399
0.0012428
0.00124145
0.00124021
0.00123885
0.00123735
0.00123629
0.00123505
0.00123374
0.00123245
0.00123117
0.00122997
0.00122891
0.00122737
0.00122602
0.00122487
0.00122363
0.00122241
0.00122121
0.00121989
0.00121862
0.00121733
0.00121599
0.00121499
0.00121358
0.00121223
0.00121098
0.00120973
0.00120867
0.00120739
0.00120618
0.00120481
0.00120354
0.00120229
0.00120122
0.00119987
0.00119886
0.00119752
0.00119608
0.00119471
0.0011936
0.0011926
0.00119151
0.00119007
0.00118859
0.00118754
0.00118636
0.00118512
0.00118398
0.0011829
0.00118137
0.00118019
0.00117901
0.00117776
0.00117671
0.00117547
0.00117413
0.00117296
0.0011718
0.00117065
0.00116939
0.00116816
0.00116681
0.00116559
0.00116439
0.00116347
0.00116226
0.001161
0.0011596
0.00115839
0.0011574
0.00115625
0.00115499
0.0011538
0.00115251
0.00115123
0.00115025
0.00114925
0.00114801
0.00114669
0.00114526
0.00114418
0.00114308
0.00114197
0.00114091
0.00113969
0.00113833
0.0011372
0.00113604
0.00113499
0.00113377
0.0011327
0.00113127
0.00113017
0.00112896
0.00112788
0.00112666
0.00112548
0.00112433
0.00112326
0.00112213
0.00112096
0.00111988
0.00111851
0.00111735
0.00111622
0.00111503
0.00111422
0.00111297
0.00111181
0.00111054
0.00110946
0.00110824
0.00110706
0.00110595
0.00110474
0.00110354
0.00110244
0.0011014
0.00110032
0.0010993
0.00109811
0.00109669
0.00109565
0.00109449
0.00109353
0.00109248
0.00109138
0.00109015
0.00108885
0.00108782
0.00108666
0.00108553
0.00108463
0.00108353
0.00108223
0.00108101
0.00107999
0.00107905
0.00107771
0.00107669
0.00107559
0.00107456
0.00107345
0.00107202
0.00107111
0.00107006
0.00106883
0.00106791
0.0010667
0.00106562
0.00106443
0.00106339
0.0010623
0.00106123
0.00106025
0.00105907
0.00105784
0.00105682
0.0010556
0.00105467
0.00105363
0.0010526
0.00105156
0.00105019
0.00104908
0.0010481
0.00104715
0.00104604
0.00104514
0.00104376
0.00104266
0.00104168
0.00104071
0.00103928
0.00103847
0.00103748
0.0010365
0.00103525
0.00103409
0.00103308
0.0010321
0.00103084
0.00102996
0.00102886
0.00102778
0.00102665
0.00102575
0.00102449
0.0010235
0.00102248
0.00102148
0.00102042
0.00101937
0.00101826
0.00101724
0.00101618
0.00101525
0.00101408
0.0010129
0.001012
0.00101115
0.00100996
0.00100887
0.00100776
0.00100659
0.00100551
0.00100465
0.00100356
0.00100267
0.0010016
0.00100084
0.000999646
0.000998329
0.000997343
0.000996441
0.00099533
0.000994288
0.000993453
0.000992365
0.000991385
0.000990143
0.000989142
0.000988046
0.000986971
0.000986101
0.000985279
0.000984209
0.000983235
0.000982257
0.000981243
0.000980045
0.000978926
0.000977842
0.000977099
0.000976052
0.000975127
0.000974015
0.000973038
0.000972
0.000970914
0.000969903
0.000968914
0.000968087
0.00096685
0.000965901
0.000965062
0.000964112
0.000962824
0.000961953
0.000961097
0.000959871
0.000958895
0.000957936
0.000957063
0.000956124
0.000955025
0.000954056
0.000952993
0.000952123
0.000951267
0.00095016
0.000949242
0.000948192
0.000947215
0.000946165
0.000945032
0.00094422
0.000943316
0.000942421
0.000941424
0.000940507
0.000939545
0.000938314
0.000937343
0.000936199
0.000935312
0.000934536
0.0009337
0.000932639
0.000931788
0.000930813
0.000929718
0.000928598
0.000927723
0.000926706
0.000925655
0.000924871
0.000923941
0.000923158
0.000922168
0.000921132
0.000920217
0.000919182
0.000918249
0.000917306
0.000916268
0.000915418
0.000914382
0.000913552
0.000912598
0.000911543
0.00091072
0.000909893
0.00090895
0.000907964
0.000906952
0.000905918
0.000905014
0.000903777
0.000903098
0.000902445
0.000901394
0.000900483
0.00089949
0.000898676
0.00089766
0.000896423
0.000895693
0.000894747
0.000893877
0.000892928
0.000892243
0.000891262
0.000890134
0.000889041
0.000888206
0.00088731
0.00088659
0.000885575
0.000884702
0.000883875
0.000882849
0.000881989
0.000880999
0.000880138
0.000879263
0.000878289
0.000877379
0.000876561
0.000875716
0.000874639
0.000873844
0.000872671
0.000871951
0.000871088
0.000870171
0.000869388
0.000868488
0.000867537
0.000866414
0.00086542
0.000864701
0.000863968
0.000863067
0.000862155
0.000861291
0.000860393
0.000859309
0.0008582
0.000857513
0.000856762
0.000855968
0.000855083
0.000854226
0.000853306
0.00085224
0.000851302
0.000850441
0.0008495
0.000848808
0.00084805
0.000847006
0.000846253
0.00084534
0.000844393
0.000843561
0.00084261
0.000841936
0.000840911
0.000840014
0.000839266
0.000838303
0.000837505
0.000836423
0.000835653
0.00083482
0.000834037
0.000833077
0.000832042
0.000831336
0.000830565
0.000829574
0.00082868
0.000827964
0.000827215
0.000826367
0.000825334
0.000824541
0.000823754
0.000822679
0.000821833
0.000820817
0.000820344
0.000819432
0.000818633
0.000817816
0.000816829
0.000815999
0.0008153
0.000814467
0.00081353
0.000812609
0.000811756
0.000810965
0.000810034
0.000809303
0.000808568
0.000807669
0.000806836
0.000805968
0.000805099
0.000804172
0.000803429
0.000802563
0.000801731
0.000800815
0.000799974
0.000799295
0.000798493
0.00079772
0.000797116
0.000796232
0.000795279
0.00079418
0.000793193
0.000792422
0.000791854
0.000791005
0.000790269
0.00078954
0.000788721
0.000787956
0.000787072
0.000786075
0.000785247
0.000784509
0.000783555
0.000782752
0.000782023
0.000781363
0.000780488
0.000779757
0.00077882
0.000778148
0.000777123
0.000776351
0.000775565
0.000774739
0.000773864
0.000773115
0.000772338
0.000771684
0.000770858
0.000769974
0.000769285
0.000768512
0.000767669
0.000766831
0.000765882
0.000765156
0.000764375
0.000763679
0.000762942
0.00076204
0.00076116
0.000760394
0.000759629
0.000758865
0.000758153
0.000757375
0.000756533
0.000755874
0.000755254
0.000754442
0.000753507
0.000752585
0.000751592
0.000750855
0.000750185
0.000749411
0.000748773
0.000748115
0.000747319
0.000746534
0.000745881
0.000744905
0.000744109
0.00074326
0.000742424
0.000741677
0.000741062
0.000740263
0.000739555
0.000738767
0.000738068
0.000737241
0.000736319
0.000735537
0.000734819
0.000733965
0.000733305
0.000732641
0.000731761
0.000731086
0.000730267
0.000729676
0.000728878
0.000728145
0.000727432
0.000726558
0.000725776
0.000724953
0.000724434
0.000723454
0.00072272
0.000722082
0.000721278
0.000720485
0.000719796
0.000719046
0.000718309
0.000717665
0.000716852
0.000716109
0.000715382
0.000714475
0.000713714
0.000713003
0.000712235
0.000711582
0.000710746
0.000710208
0.000709557
0.000708923
0.000708174
0.000707074
0.000706415
0.000705748
0.000704854
0.000704251
0.000703409
0.000702835
0.00070211
0.000701506
0.000700762
0.000699919
0.000699189
0.000698555
0.000697607
0.000696886
0.00069633
0.000695701
0.000694917
0.000694093
0.000693503
0.000692761
0.000691781
0.000691187
0.00069055
0.000689837
0.00068894
0.00068816
0.000687548
0.000686925
0.000686249
0.000685656
0.000685143
0.000684042
0.000683361
0.000682625
0.000681923
0.000681267
0.000680501
0.000679849
0.000679218
0.000678559
0.00067789
0.000677034
0.000676334
0.000675653
0.000674839
0.000674071
0.000673296
0.000672722
0.000672194
0.000671434
0.000670913
0.000670088
0.000669467
0.000668592
0.000667906
0.000667159
0.000666446
0.000665705
0.000665007
0.000664544
0.00066394
0.000663458
0.000662499
0.00066176
0.000661021
0.000660268
0.000659458
0.000658782
0.000658174
0.000657603
0.000656921
0.000656269
0.000655654
0.000654988
0.000654214
0.0006536
0.000652861
0.000651984
0.000651339
0.000650805
0.000650206
0.000649587
0.000648974
0.00064826
0.000647476
0.000646832
0.000646272
0.000645456
0.000644751
0.000644049
0.000643397
0.000642698
0.000642043
0.000641268
0.000640563
0.000639987
0.000639288
0.00063885
0.000638112
0.000637469
0.000636953
0.000636132
0.000635497
0.000634799
0.000634037
0.000633408
0.000632685
0.000632157
0.00063144
0.000630631
0.000629986
0.000629506
0.000628887
0.000628224
0.000627808
0.000627035
0.000626213
0.000625548
0.000624854
0.000624201
0.000623644
0.000622992
0.00062236
0.000621738
0.000621117
0.000620358
0.000619718
0.000619166
0.000618596
0.000617858
0.000617185
0.000616606
0.000616019
0.000615336
0.000614607
0.000614059
0.00061333
0.000612683
0.000611948
0.000611525
0.000610896
0.00061018
0.000609434
0.000608764
0.000608128
0.000607738
0.000607016
0.000606461
0.000605922
0.000605171
0.000604481
0.000603924
0.000603281
0.000602685
0.000601971
0.000601525
0.000600896
0.000600087
0.000599438
0.000598612
0.000598148
0.000597593
0.000596881
0.000596242
0.000595791
0.000595091
0.000594483
0.000593944
0.000593398
0.000592844
0.000592103
0.000591453
0.000590817
0.000589993
0.000589575
0.00058887
0.000588095
0.000587538
0.000587033
0.000586557
0.000586033
0.000585448
0.000584806
0.000584215
0.000583632
0.000582943
0.000582307
0.000581799
0.000581092
0.000580368
0.000579603
0.000579005
0.000578409
0.000577718
0.00057715
0.000576639
0.000576205
0.000575694
0.000575053
0.000574577
0.000573869
0.000573411
0.000572559
0.000572093
0.000571604
0.000570678
0.000570126
0.000569477
0.000568842
0.000568607
0.000567933
0.000567213
0.000566603
0.000565996
0.00056543
0.000565014
0.000564498
0.000563878
0.000563318
0.000562605
0.000561978
0.000561402
0.000560761
0.000560167
0.000559495
0.00055907
0.000558638
0.000558018
0.000557461
0.000556704
0.000556218
0.000555565
0.000555145
0.000554584
0.000554096
0.000553225
0.000552459
0.000551901
0.000551346
0.00055075
0.000550214
0.000549794
0.000549293
0.000548762
0.000548125
0.000547583
0.00054716
0.000546662
0.000545855
0.000545171
0.000544578
0.000544058
0.000543589
0.000543075
0.000542423
0.000541874
0.000541387
0.000540846
0.000540146
0.000539561
0.000539012
0.0005385
0.000537851
0.00053734
0.000536661
0.000536241
0.000535574
0.00053512
0.000534564
0.000534103
0.00053355
0.000532841
0.000532367
0.000531625
0.00053129
0.000530677
0.000530044
0.000529771
0.00052904
0.000528434
0.000527853
0.000527454
0.0005268
0.000526254
0.000525852
0.000525302
0.000524769
0.000524221
0.000523632
0.000523032
0.000522483
0.000521798
0.000521271
0.000520881
0.000520256
0.000519781
0.000519219
0.000518652
0.000518049
0.000517454
0.00051703
0.000516383
0.00051585
0.000515368
0.000514835
0.000514315
0.000513693
0.000513146
0.00051277
0.000512254
0.000511621
0.000511144
0.000510579
0.000510143
0.000509599
0.00050902
0.000508393
0.000507856
0.000507351
0.000506782
0.000506392
0.000505873
0.000505388
0.000504816
0.000504379
0.000503848
0.000503345
0.000502815
0.000502085
0.000501568
0.000501125
0.000500507
0.000499991
0.000499314
0.000498882
0.000498381
0.000497892
0.000497501
0.000496956
0.000496503
0.000495906
0.000495489
0.000494949
0.000494347
0.000493661
0.000493107
0.00049276
0.000492181
0.000491683
0.000491161
0.00049075
0.0004903
0.000489794
0.000489308
0.000488864
0.000488113
0.000487627
0.00048698
0.000486507
0.000486018
0.000485532
0.000485022
0.000484527
0.000484209
0.000483735
0.000483024
0.000482766
0.000482288
0.000481745
0.000481261
0.00048059
0.000480098
0.000479468
0.000478922
0.000478444
0.00047784
0.000477522
0.000476996
0.000476587
0.000476121
0.00047572
0.000475077
0.000474698
0.000474191
0.000473784
0.00047315
0.000472766
0.000472071
0.000471513
0.000470986
0.000470629
0.000470108
0.00046961
0.000469076
0.000468589
0.000468193
0.000467769
0.000467398
0.000466991
0.000466381
0.000465928
0.000465321
0.000464574
0.000464178
0.000463546
0.000463291
0.0004627
0.000462264
0.000461757
0.000461248
0.00046093
0.000460519
0.000460013
0.000459684
0.000459274
0.00045856
0.000458121
0.000457494
0.000456996
0.000456515
0.000456006
0.000455695
0.000455257
0.000454682
0.000454077
0.00045373
0.00045347
0.00045305
0.000452496
0.000452092
0.000451584
0.000451019
0.000450509
0.000449903
0.000449291
0.000448965
0.000448331
0.000447878
0.000447317
0.000446939
0.000446568
0.000446205
0.000445787
0.000445366
0.000445121
0.000444544
0.000443963
0.000443619
0.000443059
0.000442558
0.000442121
0.000441554
0.000441071
0.000440558
0.000440122
0.000439507
0.000439116
0.000438609
0.000438221
0.000437806
0.000437347
0.00043702
0.000436701
0.000436359
0.000435835
0.000435275
0.000434864
0.000434397
0.000433759
0.00043331
0.000432932
0.000432553
0.000432002
0.000431495
0.000430966
0.000430633
0.000430258
0.000429727
0.000429283
0.000428846
0.000428372
0.000427957
0.000427447
0.000427015
0.00042645
0.000426022
0.000425502
0.000425089
0.000424708
0.000424228
0.000423976
0.000423515
0.000423201
0.000422713
0.000422209
0.000421927
0.000421402
0.000420934
0.00042045
0.000420019
0.000419453
0.000419166
0.000418695
0.000418182
0.000417506
0.00041706
0.000416711
0.000416262
0.000415792
0.000415448
0.000415137
0.000414773
0.000414336
0.000413983
0.000413561
0.000413144
0.000412658
0.000412263
0.000411663
0.000411337
0.000410764
0.000410321
0.000409865
0.000409344
0.000409002
0.000408327
0.000408039
0.000407555
0.000407195
0.000406824
0.000406477
0.000406203
0.000405866
0.00040544
0.000405091
0.000404626
0.000404238
0.000403723
0.000403229
0.000402811
0.000402307
0.000401948
0.000401244
0.000400774
0.000400429
0.000399883
0.000399519
0.00039929
0.000398929
0.000398279
0.000398044
0.000397713
0.000397302
0.000396905
0.000396497
0.000396091
0.00039568
0.000395383
0.000395023
0.000394455
0.000394049
0.000393649
0.000393198
0.000392689
0.000392232
0.000391836
0.000391411
0.000390971
0.000390608
0.000390167
0.000389813
0.000389555
0.000389049
0.000388583
0.000388275
0.000387817
0.00038741
0.000387075
0.000386578
0.000386298
0.000385839
0.000385495
0.000384968
0.000384476
0.00038415
0.000383638
0.000383079
0.00038282
0.000382517
0.000382102
0.000381682
0.00038139
0.000381124
0.000380575
0.000380291
0.000379923
0.000379443
0.000378969
0.000378621
0.000378228
0.000377889
0.000377366
0.000377006
0.000376526
0.000376074
0.00037563
0.000375309
0.000374965
0.000374594
0.000374283
0.000373864
0.000373454
0.000373046
0.000372542
0.000372319
0.00037195
0.000371564
0.000371116
0.000370807
0.000370358
0.000370047
0.000369553
0.000369084
0.000368696
0.000368354
0.00036807
0.000367702
0.000367231
0.000366853
0.000366397
0.000366011
0.000365616
0.000365337
0.000364927
0.000364352
0.000364128
0.000363753
0.000363411
0.000363014
0.000362554
0.000362177
0.000362038
0.000361481
0.000361108
0.000360749
0.000360383
0.000359988
0.000359642
0.00035926
0.000358932
0.000358472
0.000358152
0.000357736
0.000357345
0.000357004
0.000356532
0.000356146
0.000355856
0.00035542
0.000355132
0.000354843
0.000354422
0.000353901
0.000353581
0.000353413
0.000352869
0.000352462
0.000352196
0.000351814
0.000351503
0.00035111
0.000350568
0.000350349
0.000349866
0.000349484
0.000349129
0.000348916
0.000348461
0.00034804
0.000347664
0.00034738
0.000346988
0.000346695
0.000346288
0.000345803
0.000345485
0.000345097
0.0003448
0.000344418
0.000344075
0.00034381
0.00034344
0.000342861
0.000342643
0.000342141
0.000342048
0.000341524
0.000341308
0.00034087
0.00034059
0.000340175
0.000339633
0.000339424
0.000338993
0.00033861
0.000338293
0.000338024
0.000337662
0.000337258
0.000336873
0.000336491
0.000336155
0.000335908
0.000335518
0.000335099
0.000334722
0.000334508
0.000334185
0.000333802
0.000333564
0.000333051
0.000332696
0.000332422
0.000331986
0.000331735
0.000331334
0.000330926
0.000330639
0.000330344
0.000329864
0.000329487
0.000329266
0.000328972
0.000328612
0.000328142
0.000327925
0.000327647
0.000327369
0.000326941
0.000326464
0.000326004
0.00032575
0.00032543
0.000325024
0.000324794
0.000324241
0.000323929
0.000323652
0.000323486
0.000323151
0.000322854
0.000322493
0.000322037
0.000321728
0.000321412
0.000320962
0.000320591
0.000320238
0.000319971
0.000319854
0.00031938
0.000319031
0.000318549
0.000318427
0.000318133
0.000317561
0.000317352
0.000316866
0.000316658
0.000316202
0.000315938
0.000315619
0.000315247
0.000315047
0.000314653
0.000314437
0.000314066
0.000313638
0.000313427
0.000312898
0.000312685
0.000312368
0.000311918
0.00031188
0.000311367
0.000311121
0.000310849
0.000310434
0.000310221
0.000309719
0.000309428
0.000308949
0.000308751
0.00030842
0.000308016
0.00030773
0.000307458
0.000307208
0.000306867
0.000306674
0.000306338
0.00030611
0.000305715
0.000305382
0.000305075
0.000304743
0.00030434
0.000304029
0.000303707
0.000303515
0.000303146
0.000302504
0.000302225
0.000301947
0.000301443
0.000301027
0.000300823
0.000300534
0.000300273
0.000299978
0.000299793
0.000299437
0.000299082
0.000298934
0.000298598
0.000298252
0.000297944
0.000297786
0.000297389
0.000297224
0.000296822
0.000296506
0.000296229
0.000295993
0.000295594
0.000295393
0.000294852
0.000294483
0.000294126
0.000293652
0.000293326
0.000292989
0.000292565
0.000292402
0.000292183
0.000291883
0.000291519
0.000291363
0.000291019
0.00029073
0.000290609
0.000290311
0.000290136
0.000289829
0.000289566
0.000289291
0.00028889
0.000288551
0.000288361
0.000287826
0.000287493
0.000287237
0.000286922
0.000286479
0.000286124
0.000285936
0.000285522
0.000285269
0.000284985
0.000284612
0.00028439
0.000284052
0.000283849
0.000283597
0.000283205
0.00028312
0.000282739
0.000282346
0.00028225
0.000281823
0.000281543
0.000281296
0.000280986
0.000280589
0.000280206
0.000280019
0.000279745
0.000279318
0.00027897
0.000278667
0.000278425
0.000278192
0.000277956
0.000277714
0.00027738
0.000277058
0.000276892
0.000276586
0.000276308
0.000276069
0.000275675
0.000275308
0.000275036
0.000274767
0.000274449
0.000274095
0.000273821
0.000273585
0.000273337
0.000273069
0.000272722
0.000272529
0.000272046
0.000271809
0.000271566
0.000271208
0.00027088
0.000270754
0.00027027
0.000270035
0.000269759
0.00026946
0.000269315
0.000269049
0.000268777
0.000268381
0.000268066
0.000267779
0.000267663
0.000267252
0.000267063
0.000266933
0.000266607
0.000266247
0.000266164
0.000265857
0.000265479
0.000265153
0.000264836
0.00026468
0.000264367
0.00026401
0.00026373
0.000263508
0.00026316
0.000262811
0.0002626
0.000262316
0.000262067
0.000261634
0.000261266
0.000261081
0.000260765
0.000260508
0.000260328
0.000260059
0.00025978
0.000259554
0.000259288
0.000259035
0.00025889
0.000258553
0.000258322
0.000258142
0.000257815
0.00025757
0.00025725
0.000257023
0.000256549
0.000256294
0.000255985
0.000255749
0.00025536
0.000255157
0.000254964
0.000254551
0.000254292
0.000253926
0.000253423
0.000253253
0.000253023
0.000252787
0.000252512
0.000252419
0.000252109
0.000251932
0.000251764
0.000251346
0.000251268
0.000251011
0.000250806
0.000250576
0.00025019
0.000250062
0.000249784
0.000249688
0.000249329
0.000249043
0.000248812
0.00024847
0.00024838
0.000247984
0.000247798
0.00024736
0.000247034
0.000246716
0.000246401
0.000246072
0.000245816
0.000245593
0.000245462
0.000245164
0.000244937
0.000244635
0.00024441
0.000244213
0.000243954
0.000243735
0.000243509
0.000243266
0.000242884
0.000242601
0.000242452
0.0002422
0.00024202
0.000241811
0.000241411
0.000241245
0.000240844
0.00024065
0.000240482
0.000240177
0.000239995
0.000239629
0.000239476
0.000239243
0.000238823
0.000238636
0.000238438
0.000238186
0.000237824
0.000237372
0.00023719
0.000236817
0.000236686
0.000236521
0.000236226
0.000235967
0.000235796
0.000235526
0.000235394
0.000235106
0.000235017
0.000234789
0.000234533
0.000234185
0.000233926
0.000233805
0.000233418
0.00023322
0.000233092
0.000232853
0.000232637
0.000232339
0.000231972
0.000231775
0.00023167
0.00023136
0.000230932
0.000230579
0.00023045
0.000230291
0.000229919
0.000229626
0.000229218
0.000229001
0.000228922
0.000228561
0.000228447
0.000228269
0.000228092
0.000227832
0.000227495
0.00022733
0.00022716
0.000226942
0.000226682
0.000226371
0.00022622
0.000225953
0.000225733
0.000225654
0.000225204
0.000225174
0.000224853
0.00022471
0.00022427
0.000223817
0.000223866
0.00022339
0.000223165
0.000222881
0.000222638
0.000222488
0.000222234
0.000221994
0.000221904
0.000221622
0.00022141
0.0002212
0.000220947
0.000220742
0.000220464
0.000220301
0.000219966
0.000219782
0.000219517
0.000219271
0.000219088
0.000218992
0.000218685
0.000218435
0.000218194
0.000218062
0.00021777
0.000217595
0.000217378
0.00021704
0.000216797
0.00021658
0.000216301
0.000216068
0.000215786
0.000215711
0.00021555
0.000215115
0.000215066
0.000214828
0.000214507
0.000214317
0.000214105
0.000213924
0.000213663
0.000213403
0.0002132
0.000212968
0.000212673
0.000212485
0.000212231
0.000212011
0.000211893
0.000211713
0.000211515
0.000211294
0.000210952
0.000210841
0.000210609
0.000210336
0.000210098
0.00020999
0.000209668
0.000209476
0.000209189
0.000208909
0.000208677
0.000208433
0.000208192
0.000207998
0.000207894
0.000207615
0.000207517
0.000207128
0.000206916
0.000206762
0.000206592
0.000206251
0.000206097
0.000205889
0.000205652
0.000205459
0.000205211
0.000204996
0.000204697
0.000204545
0.000204386
0.000204222
0.000204059
0.000203707
0.00020348
0.000203281
0.000203182
0.000203033
0.000202772
0.000202651
0.000202308
0.000202156
0.000201824
0.000201719
0.000201422
0.000201212
0.000200885
0.000200754
0.000200468
0.000200399
0.000200041
0.000199908
0.000199833
0.00019952
0.000199455
0.000199066
0.000198792
0.000198738
0.00019843
0.000198184
0.000197923
0.000197708
0.000197582
0.000197367
0.000197146
0.000196894
0.000196655
0.000196591
0.000196378
0.000196127
0.000196019
0.000195738
0.000195551
0.000195439
0.000195118
0.000195086
0.000194754
0.000194572
0.00019437
0.000194197
0.000193887
0.000193578
0.000193367
0.000193249
0.000193112
0.00019284
0.000192821
0.000192535
0.00019236
0.000192183
0.000191995
0.000191864
0.000191551
0.000191298
0.000191263
0.000190995
0.000190814
0.000190616
0.000190423
0.000190162
0.000189993
0.000189852
0.00018957
0.000189384
0.000189255
0.000188953
0.000188807
0.000188571
0.00018837
0.000188066
0.000187821
0.000187798
0.000187463
0.000187264
0.000187087
0.000187
0.000186776
0.000186501
0.000186325
0.000186244
0.000185983
0.000185859
0.00018543
0.00018534
0.00018496
0.00018478
0.000184645
0.000184575
0.00018436
0.000184116
0.000184024
0.00018387
0.000183657
0.000183518
0.000183256
0.000183119
0.000182992
0.000182606
0.000182435
0.000182346
0.000182253
0.00018201
0.000181866
0.000181556
0.000181483
0.000181279
0.000180992
0.000180875
0.00018053
0.000180426
0.000180154
0.000179973
0.000179756
0.000179645
0.000179446
0.000179324
0.000179083
0.000178799
0.000178762
0.00017848
0.000178409
0.000178105
0.000177928
0.000177645
0.000177612
0.000177367
0.000177157
0.00017703
0.000176755
0.000176562
0.000176372
0.00017611
0.000175967
0.000175863
0.000175716
0.00017557
0.000175334
0.000175192
0.000174927
0.000174868
0.000174671
0.000174416
0.000174108
0.000174141
0.000174
0.000173698
0.000173535
0.000173259
0.000173156
0.000172962
0.000172822
0.000172658
0.000172414
0.000172288
0.000172218
0.000172025
0.000171733
0.000171578
0.000171356
0.000171349
0.000171094
0.000170775
0.000170616
0.000170423
0.000170373
0.000170026
0.000169874
0.000169797
0.000169418
0.000169449
0.000169265
0.00016911
0.000168912
0.000168672
0.000168456
0.000168428
0.000168185
0.00016799
0.000167648
0.000167484
0.000167431
0.000167262
0.000167061
0.000166863
0.000166799
0.000166529
0.000166493
0.000166238
0.000166084
0.000165907
0.000165639
0.000165589
0.000165321
0.000165278
0.000164986
0.00016472
0.000164596
0.000164476
0.000164251
0.00016404
0.000163963
0.000163737
0.000163603
0.000163386
0.000163339
0.000163102
0.000162937
0.000162812
0.000162787
0.00016251
0.000162321
0.000162036
0.00016185
0.000161761
0.000161575
0.000161282
0.000161106
0.000160852
0.000160834
0.000160709
0.000160529
0.000160259
0.000160241
0.000160182
0.000159931
0.000159772
0.000159631
0.000159559
0.000159411
0.000159195
0.000158895
0.000158776
0.000158586
0.000158492
0.000158157
0.00015786
0.000157844
0.000157671
0.00015754
0.000157489
0.000157319
0.000157181
0.000156953
0.000156922
0.000156634
0.000156617
0.000156478
0.000156232
0.000156064
0.000155811
0.000155649
0.000155599
0.000155315
0.000155019
0.000154953
0.000154741
0.000154603
0.000154411
0.00015433
0.000154096
0.00015399
0.000153853
0.000153738
0.000153553
0.000153484
0.000153422
0.000153022
0.000152813
0.000152661
0.000152446
0.000152332
0.000152087
0.000151997
0.000151783
0.000151717
0.000151528
0.000151289
0.000151194
0.000151055
0.000150913
0.00015077
0.000150589
0.000150504
0.000150324
0.00015025
0.000150112
0.000149887
0.000149756
0.000149548
0.000149549
0.000149398
0.000149154
0.000148834
0.000148901
0.000148727
0.000148671
0.000148337
0.000148148
0.000148025
0.000148015
0.000147734
0.000147623
0.000147517
0.000147306
0.000147194
0.000147104
0.00014691
0.000146716
0.000146663
0.000146394
0.000146384
0.000146081
0.000146148
0.000145838
0.000145743
0.000145457
0.000145338
0.000145249
0.000145
0.000144902
0.000144635
0.000144418
0.000144332
0.000144188
0.000143973
0.000143854
0.000143823
0.000143723
0.000143396
0.000143271
0.000143156
0.000142903
0.000143014
0.000142528
0.000142446
0.00014245
0.000142245
0.000142098
0.000141871
0.000141778
0.000141641
0.000141431
0.000141448
0.000141167
0.000141214
0.000140933
0.000140739
0.000140734
0.000140428
0.000140389
0.000140079
0.000139918
0.000139892
0.000139818
0.000139711
0.000139403
0.000139368
0.000139125
0.000138908
0.000138865
0.000138732
0.000138652
0.000138532
0.00013834
0.000138395
0.000138115
0.000138074
0.000137923
0.000137687
0.000137568
0.000137325
0.000137198
0.000137101
0.000136951
0.00013691
0.000136645
0.000136494
0.000136516
0.0001363
0.00013629
0.000135952
0.00013581
0.000135824
0.00013548
0.000135506
0.000135197
0.000135052
0.000135038
0.00013475
0.000134759
0.000134566
0.000134331
0.000134358
0.000133922
0.00013387
0.000133702
0.000133673
0.000133653
0.000133308
0.000133222
0.000133212
0.000133044
0.000132892
0.000132645
0.000132425
0.000132277
0.000132276
0.00013214
0.00013194
0.000131729
0.000131744
0.000131683
0.00013159
0.000131241
0.000131105
0.000130984
0.000130906
0.000130753
0.000130619
0.000130436
0.000130432
0.000130336
0.00013022
0.000129945
0.000129935
0.000129843
0.000129725
0.000129568
0.000129457
0.000129307
0.000129082
0.000129035
0.000128909
0.000128785
0.000128575
0.0001285
0.000128441
0.000128308
0.000128022
0.000127989
0.000127922
0.000127838
0.00012764
0.000127509
0.000127408
0.000127107
0.000127119
0.000126985
0.000126781
0.000126534
0.000126639
0.000126377
0.000126089
0.000126134
0.000126044
0.000125754
0.000125661
0.000125674
0.000125333
0.000125331
0.000125142
0.00012479
0.000124864
0.000124545
0.000124642
0.000124453
0.000124284
0.000124125
0.000124081
0.000123909
0.000123787
0.000123728
0.000123545
0.000123379
0.000123276
0.000123025
0.000123009
0.000122685
0.000122624
0.000122574
0.000122456
0.000122373
0.000122231
0.000122087
0.00012208
0.000121923
0.000121939
0.000121733
0.000121589
0.000121569
0.000121436
0.000121338
0.000121219
0.000121115
0.000121022
0.000120811
0.000120847
0.000120599
0.000120415
0.000120287
0.000120244
0.000120116
0.00012004
0.000119793
0.000119757
0.000119565
0.000119368
0.000119322
0.000119184
0.000118984
0.000118984
0.000118756
0.000118639
0.000118573
0.000118331
0.000118264
0.000118209
0.000118034
0.000117913
0.000117795
0.000117631
0.000117597
0.000117367
0.000117387
0.00011723
0.000117017
0.000116881
0.000116962
0.000116732
0.000116579
0.000116359
0.000116385
0.000116075
0.000115816
0.000115849
0.000115629
0.000115595
0.0001155
0.000115394
0.000115339
0.000115215
0.000115037
0.00011495
0.000114707
0.000114762
0.000114596
0.000114589
0.000114459
0.00011423
0.000114185
0.000114016
0.000113923
0.000113759
0.000113739
0.000113679
0.000113462
0.000113483
0.000113227
0.000113248
0.000113183
0.000113067
0.000112972
0.000112926
0.000112607
0.000112579
0.000112428
0.000112328
0.000112226
0.000112057
0.000111913
0.000111791
0.000111616
0.000111648
0.000111524
0.000111411
0.000111161
0.000111108
0.000110869
0.000111002
0.000110837
0.000110744
0.000110657
0.000110501
0.000110474
0.000110322
0.000110116
0.000109927
0.000109846
0.000109814
0.000109761
0.00010953
0.000109534
0.00010944
0.000109301
0.000109161
0.000109053
0.000108987
0.000108776
0.000108616
0.000108533
0.000108314
0.000108258
0.0001082
0.000108017
0.000107831
0.000107747
0.000107632
0.000107492
0.000107479
0.000107125
0.000107143
0.000107024
0.000106901
0.000106795
0.000106719
0.000106544
0.000106576
0.000106317
0.000106435
0.000106078
0.00010599
0.000106046
0.0001059
0.000105826
0.000105693
0.000105608
0.000105595
0.000105438
0.000105496
0.000105283
0.00010505
0.000105133
0.000104859
0.000104956
0.000104753
0.000104599
0.000104631
0.000104451
0.000104378
0.00010418
0.000103996
0.00010386
0.000103904
0.00010377
0.000103677
0.000103475
0.000103494
0.000103384
0.000103387
0.000103216
0.000102947
0.000103087
0.000102769
0.0001029
0.000102754
0.000102532
0.000102307
0.000102306
0.000102212
0.000102186
0.000101977
0.000101922
0.000101903
0.000101904
0.000101655
0.000101413
0.000101299
0.000101238
0.000101249
0.00010087
0.000100643
0.000100705
0.000100584
0.000100464
0.000100431
0.000100091
0.000100104
9.99988e-05
