   0.773541
    1.53966
    2.29099
          3
          3
          3
          3
          3
          3
          3
          3
          3
          3
          3
          3
          3
          3
          3
          3
          3
          3
          3
          3
          3
          3
          3
          3
          3
    2.29187
     1.5403
   0.773887
   0.752135
    1.49706
    2.22759
    2.93671
          3
          3
          3
          3
          3
          3
          3
          3
          3
          3
          3
          3
          3
          3
          3
          3
          3
          3
          3
          3
          3
          3
          3
     2.9377
    2.22841
    1.49765
   0.752455
      0.731
    1.45499
      2.165
    2.85419
          3
          3
          3
          3
          3
          3
          3
          3
          3
          3
          3
          3
          3
          3
          3
          3
          3
          3
          3
          3
          3
          3
          3
     2.8551
    2.16575
    1.45554
   0.731296
   0.710138
    1.41346
    2.10321
    2.77273
          3
          3
          3
          3
          3
          3
          3
          3
          3
          3
          3
          3
          3
          3
          3
          3
          3
          3
          3
          3
          3
          3
          3
    2.77357
     2.1039
    1.41397
    0.71041
   0.689551
    1.37249
    2.04223
    2.69234
          3
          3
          3
          3
          3
          3
          3
          3
          3
          3
          3
          3
          3
          3
          3
          3
          3
          3
          3
          3
          3
          3
          3
    2.69311
    2.04287
    1.37295
     0.6898
    0.66924
    1.33206
    1.98207
    2.61303
          3
          3
          3
          3
          3
          3
          3
          3
          3
          3
          3
          3
          3
          3
          3
          3
          3
          3
          3
          3
          3
          3
          3
    2.61373
    1.98265
    1.33248
   0.669467
   0.649209
    1.29219
    1.92274
     2.5348
          3
          3
          3
          3
          3
          3
          3
          3
          3
          3
          3
          3
          3
          3
          3
          3
          3
          3
          3
          3
          3
          3
          3
    2.53545
    1.92327
    1.29257
   0.649416
   0.629459
    1.25287
    1.86425
    2.45769
          3
          3
          3
          3
          3
          3
          3
          3
          3
          3
          3
          3
          3
          3
          3
          3
          3
          3
          3
          3
          3
          3
          3
    2.45828
    1.86473
    1.25323
   0.629648
   0.609994
    1.21413
     1.8066
    2.38169
    2.93386
          3
          3
          3
          3
          3
          3
          3
          3
          3
          3
          3
          3
          3
          3
          3
          3
          3
          3
          3
          3
          3
    2.93446
    2.38222
    1.80704
    1.21445
   0.610167
   0.590818
    1.17596
     1.7498
    2.30681
    2.84162
          3
          3
          3
          3
          3
          3
          3
          3
          3
          3
          3
          3
          3
          3
          3
          3
          3
          3
          3
          3
          3
    2.84216
    2.30729
     1.7502
    1.17625
   0.590975
   0.571932
    1.13837
    1.69386
    2.23306
    2.75077
          3
          3
          3
          3
          3
          3
          3
          3
          3
          3
          3
          3
          3
          3
          3
          3
          3
          3
          3
          3
          3
    2.75127
     2.2335
    1.69423
    1.13863
   0.572074
   0.553336
    1.10136
    1.63879
    2.16045
    2.66133
          3
          3
          3
          3
          3
          3
          3
          3
          3
          3
          3
          3
          3
          3
          3
          3
          3
          3
          3
          3
          3
    2.66178
    2.16085
    1.63912
     1.1016
   0.553466
   0.535035
    1.06493
    1.58458
    2.08899
     2.5733
          3
          3
          3
          3
          3
          3
          3
          3
          3
          3
          3
          3
          3
          3
          3
          3
          3
          3
          3
          3
          3
    2.57371
    2.08936
    1.58488
    1.06515
   0.535154
   0.517029
    1.02909
    1.53125
    2.01868
    2.48669
    2.93076
          3
          3
          3
          3
          3
          3
          3
          3
          3
          3
          3
          3
          3
          3
          3
          3
          3
          3
          3
    2.93116
    2.48706
    2.01902
    1.53153
    1.02929
   0.517136
    0.49932
   0.993841
     1.4788
    1.94954
    2.40151
    2.83037
          3
          3
          3
          3
          3
          3
          3
          3
          3
          3
          3
          3
          3
          3
          3
          3
          3
          3
          3
    2.83073
    2.40185
    1.94984
    1.47905
   0.994022
   0.499417
   0.481909
   0.959188
    1.42724
    1.88156
    2.31777
    2.73167
          3
          3
          3
          3
          3
          3
          3
          3
          3
          3
          3
          3
          3
          3
          3
          3
          3
          3
          3
      2.732
    2.31807
    1.88183
    1.42746
    0.95935
   0.481997
     0.4648
   0.925133
    1.37657
    1.81475
    2.23547
    2.63468
          3
          3
          3
          3
          3
          3
          3
          3
          3
          3
          3
          3
          3
          3
          3
          3
          3
          3
          3
    2.63496
    2.23574
    1.81499
    1.37676
   0.925274
   0.464877
   0.447992
   0.891677
    1.32678
    1.74912
    2.15463
    2.53939
    2.89971
          3
          3
          3
          3
          3
          3
          3
          3
          3
          3
          3
          3
          3
          3
          3
          3
          3
    2.89995
    2.53963
    2.15485
    1.74932
    1.32695
   0.891798
   0.448057
   0.431485
   0.858821
    1.27789
    1.68467
    2.07523
    2.44581
    2.79285
          3
          3
          3
          3
          3
          3
          3
          3
          3
          3
          3
          3
          3
          3
          3
          3
          3
    2.79305
    2.44601
    2.07541
    1.68483
    1.27803
    0.85892
   0.431539
    0.41528
   0.826566
     1.2299
    1.62139
    1.99728
    2.35394
    2.68794
    2.99606
          3
          3
          3
          3
          3
          3
          3
          3
          3
          3
          3
          3
          3
          3
          3
    2.99621
     2.6881
     2.3541
    1.99743
    1.62152
    1.23001
   0.826645
   0.415322
   0.399378
   0.794915
     1.1828
     1.5593
     1.9208
    2.26379
      2.585
    2.88131
          3
          3
          3
          3
          3
          3
          3
          3
          3
          3
          3
          3
          3
          3
          3
    2.88142
    2.58511
    2.26391
     1.9209
     1.5594
    1.18288
   0.794973
    0.39941
    0.38378
   0.763867
     1.1366
     1.4984
    1.84577
    2.17536
    2.48402
    2.76875
          3
          3
          3
          3
          3
          3
          3
          3
          3
          3
          3
          3
          3
          3
          3
    2.76882
    2.48408
    2.17543
    1.84583
    1.49846
    1.13665
   0.763904
     0.3838
   0.368485
   0.733424
     1.0913
    1.43868
     1.7722
    2.08865
      2.385
    2.65838
    2.90616
          3
          3
          3
          3
          3
          3
          3
          3
          3
          3
          3
          3
          3
    2.90618
     2.6584
    2.38503
    2.08868
    1.77223
     1.4387
    1.09133
   0.733443
   0.368496
   0.353494
   0.703586
     1.0469
    1.38014
    1.70009
    2.00366
    2.28795
     2.5502
    2.78789
    2.99874
          3
          3
          3
          3
          3
          3
          3
          3
          3
          3
          3
    2.99874
     2.7879
    2.55021
    2.28796
    2.00367
    1.70009
    1.38015
    1.04691
   0.703589
   0.353496
   0.338807
   0.674352
     1.0034
    1.32279
    1.62944
     1.9204
    2.19287
    2.44422
    2.67204
    2.87412
          3
          3
          3
          3
          3
          3
          3
          3
          3
          3
          3
     2.8741
    2.67202
     2.4442
    2.19285
    1.92039
    1.62943
    1.32278
    1.00339
   0.674343
   0.338802
   0.324427
    0.64573
   0.960813
    1.26664
    1.56028
    1.83888
    2.09978
    2.34045
    2.55859
    2.75209
    2.91908
          3
          3
          3
          3
          3
          3
          3
          3
          3
    2.91905
    2.75205
    2.55855
    2.34041
    2.09973
    1.83884
    1.56023
    1.26661
   0.960781
   0.645707
   0.324415
   0.310351
   0.617713
   0.919125
    1.21169
    1.49258
    1.75909
    2.00866
    2.23889
    2.44756
    2.63266
     2.7924
    2.92525
          3
          3
          3
          3
          3
          3
          3
     2.9252
    2.79235
     2.6326
     2.4475
    2.23883
     2.0086
    1.75902
    1.49251
    1.21163
   0.919077
   0.617678
   0.310333
   0.296582
   0.590307
   0.878346
    1.15792
    1.42635
    1.68104
    1.91953
    2.13954
    2.33895
    2.51582
    2.66847
    2.79542
    2.89545
     2.9676
          3
          3
          3
    2.96757
    2.89541
    2.79537
     2.6684
    2.51574
    2.33886
    2.13945
    1.91944
    1.68094
    1.42626
    1.15785
   0.878281
   0.590261
   0.296558
   0.283118
   0.563508
    0.83847
    1.10535
    1.36159
    1.60472
    1.83239
     2.0424
    2.23275
     2.4016
    2.54732
     2.6685
    2.76398
    2.83284
    2.87442
    2.88832
     2.8744
     2.8328
    2.76392
    2.66843
    2.54723
     2.4015
    2.23265
    2.04229
    1.83227
     1.6046
    1.36149
    1.10526
   0.838396
   0.563455
    0.28309
   0.269961
    0.53732
   0.799502
    1.05398
    1.29831
    1.53013
    1.74722
    1.94747
    2.12897
    2.28996
     2.4289
    2.54445
    2.63549
    2.70115
    2.74079
    2.75404
    2.74077
    2.70111
    2.63543
    2.54437
    2.42881
    2.28985
    2.12885
    1.94734
    1.74708
       1.53
    1.29819
    1.05388
   0.799415
   0.537257
   0.269927
   0.257108
   0.511737
   0.761436
     1.0038
    1.23649
    1.45728
    1.66402
    1.85474
     2.0276
    2.18093
    2.31325
     2.4233
       2.51
    2.57253
    2.61029
     2.6229
    2.61026
    2.57248
    2.50992
    2.42319
    2.31313
    2.18079
    2.02746
     1.8546
    1.66388
    1.45713
    1.23636
    1.00368
   0.761337
   0.511666
    0.25707
    0.24456
   0.486762
   0.724274
   0.954807
    1.17614
    1.38615
     1.5828
    1.76421
    1.92863
    2.07447
    2.20033
      2.305
    2.38747
    2.44695
    2.48286
    2.49486
    2.48283
     2.4469
    2.38739
     2.3049
    2.20021
    2.07433
    1.92848
    1.76405
    1.58264
    1.38599
      1.176
   0.954677
   0.724166
   0.486685
   0.244519
   0.232317
   0.462393
   0.688012
   0.907004
    1.11726
    1.31675
    1.50356
    1.67588
    1.83206
     1.9706
    2.09016
    2.18958
    2.26792
    2.32442
    2.35854
    2.36993
     2.3585
    2.32436
    2.26784
    2.18948
    2.09003
    1.97045
     1.8319
    1.67571
    1.50338
    1.31658
     1.1171
   0.906865
   0.687899
    0.46231
   0.232272
   0.220378
    0.43863
   0.652654
    0.86039
    1.05984
    1.24907
    1.42628
    1.58975
     1.7379
    1.86932
    1.98273
    2.07704
    2.15135
    2.20495
    2.23731
    2.24811
    2.23727
    2.20488
    2.15126
    2.07692
    1.98258
    1.86915
    1.73772
    1.58956
     1.4261
     1.2489
    1.05967
   0.860243
   0.652533
   0.438542
   0.220331
   0.208743
   0.415472
   0.618196
   0.814963
    1.00388
    1.18312
    1.35097
     1.5058
    1.64613
    1.77061
    1.87803
    1.96736
    2.03775
    2.08851
    2.11916
     2.1294
    2.11913
    2.08845
    2.03765
    1.96724
    1.87788
    1.77044
    1.64595
    1.50562
    1.35078
    1.18294
    1.00371
    0.81481
    0.61807
   0.415381
   0.208694
   0.197411
   0.392918
   0.584636
   0.770721
    0.94938
    1.11889
    1.27763
    1.42405
    1.55676
    1.67448
    1.77607
    1.86055
    1.92712
    1.97512
     2.0041
    2.01378
    2.00407
    1.97505
    1.92702
    1.86043
    1.77592
    1.67431
    1.55658
    1.42386
    1.27743
    1.11871
   0.949205
   0.770566
   0.584509
   0.392825
   0.197361
   0.186384
   0.370969
   0.551977
   0.727667
   0.896344
    1.05639
    1.20625
     1.3445
    1.46979
    1.58093
    1.67684
     1.7566
    1.81945
    1.86477
    1.89213
    1.90126
    1.89209
     1.8647
    1.81935
    1.75648
    1.67669
    1.58076
    1.46961
    1.34431
    1.20606
     1.0562
   0.896167
   0.727509
   0.551848
   0.370875
   0.186333
    0.17566
   0.349624
   0.520216
   0.685796
   0.844768
     0.9956
    1.13684
    1.26713
    1.38522
    1.48996
    1.58035
    1.65552
    1.71474
    1.75746
    1.78324
    1.79185
    1.78321
    1.75739
    1.71465
    1.65539
     1.5802
    1.48979
    1.38503
    1.26694
    1.13665
   0.995411
    0.84459
   0.685639
   0.520088
    0.34953
   0.175609
   0.165239
   0.328882
   0.489354
   0.645111
   0.794651
   0.936534
     1.0694
    1.19195
    1.30303
    1.40156
    1.48659
     1.5573
    1.61301
    1.65318
    1.67744
    1.68554
    1.67741
    1.65312
    1.61291
    1.55717
    1.48644
    1.40139
    1.30285
    1.19176
     1.0692
   0.936347
   0.794475
   0.644955
   0.489227
    0.32879
   0.165189
   0.155121
   0.308744
    0.45939
   0.605609
   0.745992
   0.879187
    1.00391
    1.11897
    1.22324
    1.31574
    1.39555
    1.46193
    1.51423
    1.55195
    1.57472
    1.58232
    1.57469
    1.55188
    1.51414
    1.46181
    1.39541
    1.31557
    1.22306
    1.11878
    1.00372
   0.879004
   0.745821
   0.605458
   0.459266
   0.308654
   0.155073
   0.145306
    0.28921
   0.430324
   0.567291
   0.698791
   0.823558
   0.940392
    1.04817
    1.14584
    1.23248
    1.30725
    1.36943
    1.41842
    1.45375
    1.47508
     1.4822
    1.47505
    1.45369
    1.41833
    1.36932
    1.30711
    1.23233
    1.14567
    1.04799
   0.940211
   0.823383
   0.698627
   0.567146
   0.430204
   0.289123
    0.14526
   0.135795
   0.270279
   0.402155
   0.530156
   0.653049
   0.769648
   0.878833
   0.979553
    1.07084
    1.15181
    1.22168
    1.27979
    1.32557
    1.35859
    1.37852
    1.38517
    1.37849
    1.35853
    1.32548
    1.27968
    1.22155
    1.15166
    1.07068
   0.979384
   0.878663
   0.769483
   0.652893
   0.530018
   0.402042
   0.270196
    0.13575
   0.126587
   0.251951
   0.374885
   0.494206
   0.608765
   0.717458
    0.81924
   0.913129
   0.998222
     1.0737
    1.13884
      1.193
    1.23568
    1.26646
    1.28504
    1.29124
    1.28501
     1.2664
     1.2356
     1.1929
    1.13871
    1.07356
   0.998069
   0.912969
   0.819079
   0.717301
   0.608618
   0.494076
   0.374778
   0.251873
   0.126545
   0.117682
   0.234227
   0.348513
    0.45944
    0.56594
   0.666987
   0.761608
   0.848893
      0.928
   0.998168
    1.05872
    1.10908
    1.14875
    1.17737
    1.19464
     1.2004
    1.19461
    1.17731
    1.14868
    1.10898
     1.0586
   0.998035
   0.927856
   0.848742
   0.761456
   0.666839
   0.565802
   0.459318
   0.348412
   0.234154
   0.117642
    0.10908
   0.217106
   0.323039
   0.425858
   0.524573
   0.618235
    0.70594
   0.786844
   0.860169
   0.925208
   0.981336
    1.02801
    1.06479
    1.09131
    1.10732
    1.11266
    1.10729
    1.09126
    1.06471
    1.02792
   0.981226
   0.925083
   0.860033
   0.786703
   0.705798
   0.618097
   0.524445
   0.425744
   0.322945
   0.217038
   0.109043
   0.100781
   0.200589
   0.298463
    0.39346
   0.484666
   0.571201
   0.652234
   0.726983
   0.794728
   0.854819
   0.906677
   0.949802
   0.983779
    1.00828
    1.02307
    1.02801
    1.02305
    1.00823
   0.983711
   0.949716
   0.906574
   0.854703
   0.794602
    0.72685
   0.652099
   0.571071
   0.484544
   0.393353
   0.298375
   0.200526
   0.100747
  0.0927859
   0.184675
   0.274785
   0.362245
   0.446214
   0.525884
   0.600487
   0.669306
   0.731678
   0.787001
   0.834744
   0.874447
   0.905728
   0.928286
   0.941904
   0.946451
   0.941883
   0.928245
   0.905667
   0.874368
   0.834649
   0.786893
    0.73156
   0.669184
   0.600364
   0.525763
   0.446101
   0.362145
   0.274702
   0.184616
  0.0927538
  0.0850933
   0.169365
   0.252003
   0.332212
    0.40922
   0.482285
   0.550703
   0.613815
   0.671016
   0.721752
   0.765537
   0.801948
   0.830636
   0.851324
   0.863813
   0.867983
   0.863793
   0.851285
   0.830579
   0.801875
   0.765449
   0.721652
   0.670907
   0.613701
   0.550587
   0.482172
   0.409114
   0.332119
   0.251926
   0.169309
  0.0850633
  0.0777036
   0.154657
   0.230118
   0.303362
   0.373682
   0.440401
   0.502877
    0.56051
   0.612742
   0.659072
   0.699054
   0.732304
     0.7585
   0.777391
   0.788795
   0.792602
   0.788776
   0.777354
   0.758445
   0.732234
   0.698972
   0.658978
    0.61264
   0.560403
   0.502769
   0.440296
   0.373583
   0.303274
   0.230046
   0.154605
  0.0776756
  0.0706167
   0.140551
    0.20913
   0.275693
   0.339599
   0.400233
   0.457011
   0.509386
   0.556855
   0.598959
   0.635295
   0.665511
   0.689318
   0.706486
   0.716849
   0.720309
   0.716831
   0.706451
   0.689267
   0.665446
   0.635217
   0.598872
   0.556759
   0.509286
    0.45691
   0.400135
   0.339507
   0.275612
   0.209063
   0.140502
  0.0705904
  0.0638321
   0.127048
   0.189038
   0.249206
   0.306972
   0.361781
   0.413103
   0.460446
   0.503354
   0.541413
   0.574257
    0.60157
   0.623089
   0.638607
   0.647975
   0.651102
   0.647958
   0.638575
   0.623041
   0.601509
   0.574184
    0.54133
   0.503265
   0.460352
   0.413008
   0.361688
   0.306886
   0.249129
   0.188974
   0.127002
  0.0638074
  0.0573502
   0.114146
   0.169841
   0.223899
     0.2758
   0.325042
   0.371153
   0.413688
   0.452238
   0.486432
   0.515941
   0.540479
   0.559812
   0.573755
   0.582171
   0.584979
   0.582154
   0.573723
   0.559767
   0.540421
    0.51587
   0.486353
   0.452153
   0.413599
   0.371063
   0.324955
   0.275718
   0.223827
   0.169782
   0.114103
   0.057327
  0.0511707
   0.101847
   0.151541
   0.199774
   0.246081
   0.290017
   0.331159
   0.369111
   0.403507
   0.434015
   0.460343
   0.482237
   0.499487
   0.511926
   0.519434
    0.52194
   0.519419
   0.511897
   0.499444
   0.482182
   0.460277
   0.433941
   0.403426
   0.369027
   0.331074
   0.289934
   0.246004
   0.199705
   0.151484
   0.101806
  0.0511487
  0.0452934
  0.0901491
   0.134135
   0.176828
   0.217816
   0.256705
   0.293121
   0.326713
   0.357158
   0.384162
   0.407465
   0.426844
   0.442111
   0.453121
   0.459767
   0.461984
   0.459752
   0.453093
   0.442071
   0.426792
   0.407403
   0.384092
   0.357082
   0.326634
   0.293041
   0.256627
   0.217743
   0.176763
   0.134082
  0.0901104
  0.0452726
  0.0397181
  0.0790522
   0.117624
   0.155061
   0.191004
   0.225106
   0.257039
   0.286495
   0.313191
   0.336871
   0.357305
   0.374298
   0.387686
   0.397339
   0.403166
    0.40511
   0.403153
   0.397313
   0.387647
   0.374249
   0.357247
   0.336804
   0.313119
    0.28642
   0.256963
   0.225031
   0.190935
      0.155
   0.117573
  0.0790159
  0.0396985
  0.0344449
  0.0685566
   0.102007
   0.134473
   0.165643
   0.195217
    0.22291
   0.248455
   0.271607
   0.292141
   0.309862
   0.324598
   0.336208
   0.344579
   0.349631
   0.351317
   0.349619
   0.344554
   0.336171
   0.324552
   0.309807
   0.292079
   0.271539
   0.248384
   0.222838
   0.195148
   0.165578
   0.134415
   0.101959
  0.0685222
  0.0344263
  0.0294734
  0.0586617
  0.0872838
   0.115064
   0.141735
    0.16704
   0.190736
   0.212593
   0.232402
   0.249972
   0.265135
   0.277743
   0.287676
   0.294839
   0.299162
   0.300603
    0.29915
   0.294816
   0.287643
     0.2777
   0.265083
   0.249913
   0.232338
   0.212526
   0.190668
   0.166975
   0.141674
    0.11501
  0.0872391
  0.0586293
   0.029456
  0.0248038
  0.0493675
  0.0734546
  0.0968331
   0.119278
   0.140573
   0.160514
   0.178907
   0.195577
   0.210363
   0.223122
   0.233732
   0.242091
   0.248118
   0.251755
   0.252968
   0.251744
   0.248096
   0.242059
   0.233691
   0.223073
   0.210307
   0.195517
   0.178844
    0.16045
   0.140511
    0.11922
  0.0967819
  0.0734124
   0.049337
  0.0247874
  0.0204358
  0.0406735
  0.0605185
  0.0797795
  0.0982713
   0.115816
   0.132244
   0.147397
   0.161131
   0.173312
   0.183823
   0.192564
    0.19945
   0.204414
    0.20741
   0.208409
     0.2074
   0.204394
    0.19942
   0.192525
   0.183777
    0.17326
   0.161074
   0.147338
   0.132184
   0.115757
   0.098217
  0.0797314
  0.0604789
  0.0406449
  0.0204203
  0.0163691
  0.0325795
  0.0484751
  0.0639029
  0.0787143
  0.0927666
   0.105925
   0.118062
   0.129062
   0.138818
   0.147237
   0.154237
   0.159751
   0.163727
   0.166126
   0.166925
   0.166116
   0.163708
   0.159723
     0.1542
   0.147193
   0.138769
   0.129009
   0.118007
   0.105869
  0.0927121
  0.0786634
  0.0638577
   0.048438
  0.0325526
  0.0163546
  0.0126038
  0.0250852
   0.037324
  0.0492024
  0.0606061
  0.0714254
  0.0815559
  0.0909002
  0.0993685
   0.106879
    0.11336
   0.118749
   0.122994
   0.126054
     0.1279
   0.128514
   0.127891
   0.126036
   0.122967
   0.118715
    0.11332
   0.106833
  0.0993187
  0.0908481
  0.0815032
  0.0713741
  0.0605583
  0.0491601
  0.0372891
  0.0250599
  0.0125902
 0.00913954
  0.0181901
  0.0270646
  0.0356775
   0.043946
  0.0517905
  0.0591355
  0.0659103
  0.0720498
  0.0774948
  0.0821929
  0.0860993
  0.0891761
  0.0913938
  0.0927313
  0.0931756
  0.0927227
  0.0913769
  0.0891513
  0.0860674
  0.0821549
  0.0774517
   0.072003
  0.0658615
  0.0590862
  0.0517425
  0.0439012
  0.0356378
  0.0270319
  0.0181665
  0.0091268
 0.00597616
  0.0118939
  0.0176962
  0.0233273
  0.0287329
  0.0338611
  0.0386625
  0.0430908
  0.0471037
  0.0506624
  0.0537328
  0.0562853
  0.0582955
   0.059744
  0.0606171
  0.0609063
   0.060609
  0.0597281
  0.0582722
  0.0562554
  0.0536971
   0.050622
  0.0470599
  0.0430451
  0.0386162
  0.0338161
  0.0286909
  0.0232901
  0.0176656
  0.0118717
 0.00596423
 0.00311343
 0.00619604
 0.00921817
  0.0121508
  0.0149656
  0.0176356
  0.0201352
  0.0224402
  0.0245286
  0.0263802
  0.0279775
  0.0293049
  0.0303499
  0.0311023
  0.0315551
   0.031704
  0.0315476
  0.0310875
  0.0303281
  0.0292769
  0.0279441
  0.0263425
  0.0244876
  0.0223974
  0.0200919
  0.0175935
  0.0149263
   0.012116
 0.00918956
 0.00617532
 0.00310227
0.000551065
 0.00109605
 0.00162973
   0.002147
 0.00264291
  0.0031127
 0.00355192
 0.00395638
 0.00432223
 0.00464602
 0.00492467
 0.00515559
 0.00533661
 0.00546606
 0.00554274
 0.00556601
  0.0055357
 0.00545218
  0.0053163
 0.00512944
 0.00489347
  0.0046107
 0.00428393
 0.00391633
 0.00351149
 0.00307336
 0.00260617
 0.00211446
 0.00160298
 0.00107669
 0.00054064
-0.00171122
-0.00340669
-0.00507004
-0.00668523
-0.00823668
-0.00970943
 -0.0110892
 -0.0123627
 -0.0135177
 -0.0145428
 -0.0154283
 -0.0161654
 -0.0167472
 -0.0171678
 -0.0174231
 -0.0175108
 -0.0174297
 -0.0171807
 -0.0167661
 -0.0161899
 -0.0154574
 -0.0145758
 -0.0135534
 -0.0124001
  -0.011127
-0.00974616
-0.00827098
-0.00671561
  -0.005095
-0.00342476
-0.00172095
-0.00367377
-0.00731284
 -0.0108821
 -0.0143472
 -0.0176748
 -0.0208327
 -0.0237904
 -0.0265196
 -0.0289938
 -0.0311891
 -0.0330844
 -0.0346614
 -0.0359048
 -0.0368025
 -0.0373459
 -0.0375297
 -0.0373521
 -0.0368146
 -0.0359224
 -0.0346841
 -0.0331116
 -0.0312199
 -0.0290271
 -0.0265544
 -0.0238256
 -0.0208669
 -0.0177067
 -0.0143755
 -0.0109054
-0.00732968
-0.00368284
-0.00533697
 -0.0106232
 -0.0158077
 -0.0208405
 -0.0256732
 -0.0302592
 -0.0345542
 -0.0385169
 -0.0421091
 -0.0452961
 -0.0480472
 -0.0503358
 -0.0521399
 -0.0534419
 -0.0542294
 -0.0544947
 -0.0542351
 -0.0534531
 -0.0521563
 -0.0503569
 -0.0480724
 -0.0453246
 -0.0421401
 -0.0385493
 -0.0345869
 -0.0302909
 -0.0257029
 -0.0208668
 -0.0158293
 -0.0106388
-0.00534539
-0.00670124
 -0.0133385
 -0.0198479
 -0.0261667
  -0.032234
 -0.0379913
 -0.0433832
 -0.0483577
 -0.0528669
 -0.0568673
 -0.0603202
 -0.0631925
 -0.0654565
 -0.0670902
 -0.0680778
 -0.0684098
 -0.0680831
 -0.0671006
 -0.0654717
 -0.0632121
 -0.0603436
 -0.0568937
 -0.0528955
 -0.0483877
 -0.0434134
 -0.0380207
 -0.0322614
  -0.026191
 -0.0198679
  -0.013353
-0.00670904
-0.00776706
 -0.0154598
 -0.0230042
 -0.0303276
 -0.0373593
 -0.0440317
 -0.0502805
 -0.0560454
 -0.0612709
 -0.0659066
  -0.069908
 -0.0732363
 -0.0758594
 -0.0777521
 -0.0788961
 -0.0792802
 -0.0789009
 -0.0777617
 -0.0758734
 -0.0732543
 -0.0699295
  -0.065931
 -0.0612973
  -0.056073
 -0.0503083
 -0.0440588
 -0.0373846
   -0.03035
 -0.0230226
 -0.0154731
-0.00777422
-0.00853493
 -0.0169881
 -0.0252782
 -0.0333253
 -0.0410519
 -0.0483835
 -0.0552495
 -0.0615838
 -0.0673253
 -0.0724188
  -0.076815
 -0.0804718
 -0.0833536
 -0.0854329
 -0.0866893
  -0.087111
 -0.0866938
 -0.0854415
 -0.0833664
 -0.0804882
 -0.0768346
 -0.0724409
 -0.0673494
  -0.061609
 -0.0552749
 -0.0484082
 -0.0410749
 -0.0333457
  -0.025295
 -0.0170003
-0.00854147
-0.00900547
 -0.0179247
 -0.0266716
 -0.0351621
 -0.0433144
 -0.0510499
 -0.0582941
 -0.0649771
 -0.0710347
 -0.0764086
 -0.0810468
 -0.0849046
 -0.0879449
 -0.0901382
 -0.0914636
 -0.0919081
 -0.0914676
 -0.0901461
 -0.0879563
 -0.0849194
 -0.0810645
 -0.0764286
 -0.0710565
     -0.065
  -0.058317
 -0.0510722
 -0.0433352
 -0.0351806
 -0.0266868
 -0.0179356
-0.00901138
-0.00917932
 -0.0182706
 -0.0271864
 -0.0358406
 -0.0441501
 -0.0520347
 -0.0594185
 -0.0662303
 -0.0724046
 -0.0778817
  -0.082609
  -0.086541
 -0.0896396
  -0.091875
 -0.0932256
 -0.0936785
 -0.0932291
  -0.091882
 -0.0896498
 -0.0865542
 -0.0826248
 -0.0778996
  -0.072424
 -0.0662506
 -0.0594389
 -0.0520546
 -0.0441687
 -0.0358571
 -0.0271999
 -0.0182804
-0.00918459
-0.00905726
 -0.0180276
 -0.0268247
 -0.0353637
 -0.0435626
 -0.0513421
 -0.0586274
 -0.0653483
 -0.0714402
 -0.0768443
 -0.0815085
 -0.0853878
  -0.088445
 -0.0906504
 -0.0919829
 -0.0924295
 -0.0919859
 -0.0906565
  -0.088454
 -0.0853995
 -0.0815224
   -0.07686
 -0.0714572
 -0.0653661
 -0.0586453
 -0.0513595
 -0.0435788
 -0.0353782
 -0.0268365
 -0.0180362
-0.00906187
-0.00864004
 -0.0171972
  -0.025589
 -0.0337346
 -0.0415556
 -0.0489767
 -0.0559263
 -0.0623375
 -0.0681486
 -0.0733034
 -0.0777526
  -0.081453
 -0.0843691
 -0.0864728
 -0.0877436
 -0.0881695
 -0.0877464
  -0.086478
 -0.0843768
  -0.081463
 -0.0777644
 -0.0733169
 -0.0681631
 -0.0623528
 -0.0559417
 -0.0489917
 -0.0415696
  -0.033747
 -0.0255992
 -0.0172046
-0.00864403
-0.00792867
 -0.0157812
  -0.023482
 -0.0309569
 -0.0381338
 -0.0449437
  -0.051321
 -0.0572042
 -0.0625366
  -0.067267
 -0.0713496
 -0.0747453
 -0.0774211
 -0.0793513
 -0.0805173
  -0.080908
 -0.0805196
 -0.0793558
 -0.0774275
 -0.0747535
 -0.0713596
 -0.0672782
 -0.0625489
 -0.0572169
 -0.0513339
 -0.0449562
 -0.0381455
 -0.0309672
 -0.0234905
 -0.0157874
-0.00793198
-0.00692411
 -0.0137817
 -0.0205068
 -0.0270346
 -0.0333022
 -0.0392493
 -0.0448185
 -0.0499562
 -0.0546129
 -0.0587437
  -0.062309
 -0.0652743
 -0.0676109
 -0.0692964
 -0.0703147
 -0.0706559
 -0.0703166
 -0.0693001
 -0.0676162
  -0.065281
  -0.062317
 -0.0587528
 -0.0546226
 -0.0499663
 -0.0448288
 -0.0392593
 -0.0333115
 -0.0270429
 -0.0205136
 -0.0137867
-0.00692677
-0.00562759
 -0.0112011
 -0.0166669
 -0.0219723
 -0.0270663
 -0.0318996
  -0.036426
 -0.0406016
 -0.0443863
 -0.0477436
 -0.0506412
 -0.0530512
 -0.0549503
 -0.0563202
 -0.0571477
 -0.0574249
 -0.0571491
 -0.0563228
 -0.0549541
 -0.0530562
 -0.0506472
 -0.0477504
 -0.0443936
 -0.0406093
 -0.0364338
 -0.0319072
 -0.0270733
 -0.0219785
  -0.016672
 -0.0112048
-0.00562958
-0.00404036
-0.00804191
 -0.0119661
 -0.0157752
 -0.0194324
 -0.0229026
 -0.0261522
 -0.0291501
 -0.0318673
 -0.0342777
  -0.036358
 -0.0380882
 -0.0394516
  -0.040435
 -0.0410291
 -0.0412281
   -0.04103
 -0.0404368
 -0.0394542
 -0.0380915
  -0.036362
 -0.0342822
 -0.0318722
 -0.0291552
 -0.0261574
 -0.0229076
 -0.0194371
 -0.0157793
 -0.0119695
-0.00804439
 -0.0040417
-0.00216396
-0.00430712
-0.00640886
-0.00844892
 -0.0104077
 -0.0122662
 -0.0140067
 -0.0156123
 -0.0170676
 -0.0183585
 -0.0194726
 -0.0203993
 -0.0211295
 -0.0216562
 -0.0219743
 -0.0220809
 -0.0219748
 -0.0216571
 -0.0211308
 -0.0204009
 -0.0194746
 -0.0183607
   -0.01707
 -0.0156148
 -0.0140093
 -0.0122687
   -0.01041
-0.00845099
-0.00641057
-0.00430836
-0.00216463
          0
          0
          0
          0
          0
          0
          0
          0
          0
          0
          0
          0
          0
          0
          0
          0
          0
          0
          0
          0
          0
          0
          0
          0
          0
          0
          0
          0
          0
          0
          0
