   0.0980201
     0.19509
     0.29028
     0.38268
      0.4714
    0.555569
    0.634389
    0.707109
    0.773009
    0.831469
    0.881919
    0.923879
    0.956939
    0.980789
    0.995179
    0.999999
    0.995179
    0.980789
    0.956939
    0.923879
    0.881919
    0.831469
    0.773009
    0.707109
    0.634389
    0.555569
      0.4714
     0.38268
     0.29028
     0.19509
   0.0980199
   -0.773541
    -1.53966
    -2.29099
    -3.02029
    -3.72052
    -4.38495
    -5.00718
    -5.58121
     -6.1015
    -6.56305
    -6.96141
    -7.29274
    -7.55384
    -7.74219
    -7.85597
     -7.8941
     -7.8562
    -7.74264
     -7.5545
    -7.29359
    -6.96243
    -6.56421
    -6.10276
    -5.58252
    -5.00851
    -4.38624
    -3.72173
    -3.02136
    -2.29187
     -1.5403
   -0.773887
   0.0935252
    0.185965
     0.27623
    0.363222
    0.445827
    0.523504
    0.595747
    0.662042
    0.721887
    0.774809
    0.820375
    0.858203
    0.887971
    0.909422
    0.922368
    0.926696
    0.922368
    0.909422
    0.887972
    0.858204
    0.820376
     0.77481
    0.721889
    0.662044
     0.59575
    0.523507
    0.445831
    0.363227
    0.276234
    0.185968
   0.0935271
   -0.752135
    -1.49706
    -2.22759
    -2.93671
    -3.61757
    -4.26362
    -4.86864
     -5.4268
    -5.93271
     -6.3815
    -6.76885
    -7.09102
     -7.3449
    -7.52804
    -7.63868
    -7.67575
    -7.63889
    -7.52846
    -7.34551
     -7.0918
     -6.7698
    -6.38257
    -5.93387
    -5.42801
    -4.86987
    -4.26482
    -3.61869
     -2.9377
    -2.22841
    -1.49765
   -0.752455
   0.0884205
    0.175729
    0.260816
    0.342586
    0.419956
    0.492376
    0.559434
    0.620727
    0.675862
    0.724472
     0.76622
    0.800809
    0.827983
    0.847543
    0.859338
     0.86328
    0.859338
    0.847543
    0.827984
     0.80081
    0.766222
    0.724474
    0.675865
     0.62073
    0.559439
    0.492381
    0.419962
    0.342592
    0.260822
    0.175733
    0.088423
      -0.731
    -1.45499
      -2.165
    -2.85419
    -3.51592
    -4.14382
    -4.73184
    -5.27431
    -5.76601
     -6.2022
    -6.57866
    -6.89178
    -7.13853
    -7.31652
    -7.42405
    -7.46007
    -7.42424
    -7.31691
    -7.13909
    -6.89251
    -6.57954
    -6.20319
    -5.76709
    -5.27544
    -4.73298
    -4.14493
    -3.51695
     -2.8551
    -2.16575
    -1.45554
   -0.731296
   0.0834088
    0.165733
    0.245896
    0.322839
    0.395533
    0.463389
    0.526051
    0.583175
    0.634437
    0.679533
     0.71819
    0.750164
    0.775252
    0.793292
    0.804164
    0.807796
    0.804164
    0.793293
    0.775254
    0.750166
    0.718192
    0.679536
    0.634441
     0.58318
    0.526056
    0.463395
    0.395539
    0.322846
    0.245902
    0.165738
   0.0834115
   -0.710138
    -1.41346
    -2.10321
    -2.77273
    -3.41557
    -4.02555
    -4.59679
    -5.12378
    -5.60144
    -6.02518
     -6.3909
    -6.69507
    -6.93477
    -7.10768
    -7.21214
    -7.24713
    -7.21232
    -7.10804
    -6.93529
    -6.69574
     -6.3917
    -6.02608
    -5.60243
    -5.12481
    -4.59783
    -4.02657
    -3.41652
    -2.77357
     -2.1039
    -1.41397
    -0.71041
   0.0787357
    0.156433
    0.232064
     0.30462
    0.373124
    0.436947
    0.495776
    0.549309
    0.597268
    0.639394
    0.675455
    0.705247
    0.728602
    0.745382
     0.75549
    0.758867
    0.755491
    0.745383
    0.728604
     0.70525
    0.675458
    0.639398
    0.597273
    0.549315
    0.495782
    0.436954
    0.373131
    0.304627
     0.23207
    0.156438
   0.0787384
   -0.689551
    -1.37249
    -2.04223
    -2.69234
    -3.31654
    -3.90883
     -4.4635
    -4.97521
    -5.43902
    -5.85047
    -6.20558
    -6.50093
    -6.73368
    -6.90157
    -7.00299
    -7.03696
    -7.00315
     -6.9019
    -6.73415
    -6.50155
    -6.20631
     -5.8513
    -5.43993
    -4.97616
    -4.46446
    -3.90976
    -3.31741
    -2.69311
    -2.04287
    -1.37295
     -0.6898
     0.07447
    0.147953
    0.219474
    0.288075
    0.352832
    0.413074
    0.468522
    0.518911
    0.563997
    0.603553
    0.637381
    0.665304
    0.687178
    0.702886
    0.712345
    0.715504
    0.712346
    0.702888
     0.68718
    0.665307
    0.637384
    0.603558
    0.564002
    0.518918
    0.468529
    0.413081
    0.352839
    0.288082
     0.21948
    0.147958
   0.0744726
    -0.66924
    -1.33206
    -1.98207
    -2.61303
    -3.21884
    -3.79368
    -4.33201
    -4.82864
    -5.27879
    -5.67811
    -6.02275
     -6.3094
    -6.53528
    -6.69823
    -6.79665
    -6.82962
     -6.7968
    -6.69852
    -6.53571
    -6.30996
    -6.02342
    -5.67886
    -5.27961
     -4.8295
    -4.33288
    -3.79453
    -3.21964
    -2.61373
    -1.98265
    -1.33248
   -0.669467
   0.0706133
    0.140292
     0.20811
    0.273162
    0.334575
    0.391632
    0.444084
    0.491697
    0.534255
     0.57156
    0.603436
    0.629732
    0.650319
    0.665096
    0.673993
    0.676963
    0.673993
    0.665098
    0.650321
    0.629735
     0.60344
    0.571565
    0.534261
    0.491703
     0.44409
    0.391638
    0.334582
    0.273169
    0.208116
    0.140296
   0.0706159
   -0.649209
    -1.29219
    -1.92274
     -2.5348
    -3.12248
    -3.68011
    -4.20233
    -4.68408
    -5.12075
    -5.50811
    -5.84244
     -6.1205
    -6.33962
    -6.49767
    -6.59315
    -6.62512
    -6.59328
    -6.49794
    -6.34001
      -6.121
    -5.84305
     -5.5088
     -5.1215
    -4.68487
    -4.20312
    -3.68089
    -3.12321
    -2.53545
    -1.92327
    -1.29257
   -0.649416
   0.0671421
    0.133399
    0.197893
    0.259769
    0.318199
    0.372421
    0.422211
    0.467364
    0.507686
    0.543004
    0.573161
    0.598024
     0.61748
    0.631441
    0.639844
    0.642649
    0.639844
    0.631443
    0.617482
    0.598027
    0.573165
    0.543009
    0.507692
    0.467371
    0.422218
    0.372427
    0.318206
    0.259776
    0.197899
    0.133403
   0.0671446
   -0.629459
    -1.25287
    -1.86425
    -2.45769
    -3.02749
    -3.56815
    -4.07447
    -4.54157
    -4.96495
    -5.34052
    -5.66467
    -5.93426
    -6.14671
    -6.29995
    -6.39252
    -6.42351
    -6.39264
    -6.30019
    -6.14706
    -5.93472
    -5.66521
    -5.34114
    -4.96562
    -4.54228
    -4.07519
    -3.56885
    -3.02815
    -2.45828
    -1.86473
    -1.25323
   -0.629648
   0.0640077
    0.127175
    0.188671
    0.247683
    0.303425
    0.355148
    0.402592
    0.445573
    0.483923
    0.517486
    0.546127
    0.569727
    0.588187
    0.601429
    0.609397
    0.612057
    0.609398
    0.601431
     0.58819
    0.569731
    0.546132
    0.517492
    0.483929
     0.44558
    0.402599
    0.355155
    0.303433
    0.247691
    0.188678
     0.12718
   0.0640105
   -0.609994
    -1.21413
     -1.8066
    -2.38169
    -2.93386
     -3.4578
    -3.94846
    -4.40111
    -4.81139
    -5.17535
    -5.48946
    -5.75071
    -5.95658
    -6.10508
    -6.19478
    -6.22482
     -6.1949
    -6.10531
     -5.9569
    -5.75113
    -5.48996
    -5.17591
    -4.81201
    -4.40176
    -3.94912
    -3.45844
    -2.93446
    -2.38222
    -1.80704
    -1.21445
   -0.610167
    0.061175
    0.121552
    0.180342
    0.236773
    0.290099
     0.33961
    0.384977
     0.42604
    0.462646
     0.49466
    0.521962
    0.544446
    0.562027
    0.574634
    0.582218
     0.58475
    0.582219
    0.574636
     0.56203
    0.544451
    0.521967
    0.494666
    0.462652
    0.426046
    0.384985
    0.339618
    0.290108
    0.236782
     0.18035
    0.121558
   0.0611782
   -0.590818
    -1.17596
     -1.7498
    -2.30681
    -2.84162
    -3.34909
    -3.82431
    -4.26273
     -4.6601
    -5.01261
    -5.31684
    -5.56988
    -5.76928
     -5.9131
    -5.99998
    -6.02906
    -6.00007
     -5.9133
    -5.76957
    -5.57026
     -5.3173
    -5.01313
    -4.66066
    -4.26332
    -3.82491
    -3.34967
    -2.84216
    -2.30729
     -1.7502
    -1.17625
   -0.590975
   0.0586179
    0.116478
     0.17283
    0.226942
    0.278106
    0.325647
    0.369169
    0.408526
    0.443586
    0.474227
    0.500342
    0.521839
    0.538641
    0.550686
    0.557931
     0.56035
    0.557932
    0.550688
    0.538644
    0.521844
    0.500348
    0.474233
    0.443593
    0.408535
    0.369178
    0.325658
    0.278117
    0.226952
    0.172839
    0.116484
   0.0586214
   -0.571932
    -1.13837
    -1.69386
    -2.23306
    -2.75077
    -3.24201
    -3.70204
    -4.12644
     -4.5111
    -4.85234
    -5.14684
    -5.39178
    -5.58479
    -5.72402
    -5.80811
    -5.83627
    -5.80821
     -5.7242
    -5.58506
    -5.39213
    -5.14726
     -4.8528
    -4.51161
    -4.12698
    -3.70259
    -3.24254
    -2.75127
     -2.2335
    -1.69423
    -1.13863
   -0.572074
   0.0563106
    0.111901
    0.166059
    0.218088
    0.267315
    0.313102
     0.35498
     0.39282
    0.426504
    0.455925
    0.480986
    0.501606
    0.517717
    0.529264
    0.536208
    0.538527
     0.53621
    0.529267
    0.517722
    0.501612
    0.480993
    0.455932
    0.426513
     0.39283
    0.354991
    0.313114
    0.267327
    0.218098
    0.166068
    0.111908
   0.0563143
   -0.553336
    -1.10136
    -1.63879
    -2.16045
    -2.66133
    -3.13659
    -3.58166
    -3.99225
    -4.36441
    -4.69454
    -4.97947
    -5.21644
    -5.40317
    -5.53787
    -5.61922
    -5.64646
     -5.6193
    -5.53803
    -5.40342
    -5.21675
    -4.97984
    -4.69497
    -4.36488
    -3.99274
    -3.58216
    -3.13708
    -2.66178
    -2.16085
    -1.63912
     -1.1016
   -0.553466
    0.054228
    0.107771
    0.159952
    0.210109
    0.257604
    0.301827
    0.342241
     0.37873
     0.41119
    0.439524
    0.463647
    0.483487
    0.498983
    0.510086
    0.516762
    0.518991
    0.516765
    0.510092
     0.49899
    0.483495
    0.463656
    0.439533
    0.411199
    0.378741
    0.342252
    0.301839
    0.257616
    0.210121
    0.159962
    0.107778
   0.0542318
   -0.535035
    -1.06493
    -1.58458
    -2.08899
     -2.5733
    -3.03284
    -3.46318
    -3.86019
    -4.22003
    -4.53924
    -4.81474
    -5.04387
    -5.22442
    -5.35466
    -5.43332
    -5.45965
     -5.4334
    -5.35482
    -5.22464
    -5.04415
    -4.81508
    -4.53963
    -4.22046
    -3.86064
    -3.46364
    -3.03328
    -2.57371
    -2.08936
    -1.58488
    -1.06515
   -0.535154
   0.0523339
    0.104015
    0.154399
    0.202854
    0.248772
    0.291571
    0.330709
    0.366016
      0.3974
    0.424779
    0.448076
    0.467228
    0.482181
    0.492893
    0.499333
    0.501483
    0.499336
    0.492899
    0.482189
    0.467237
    0.448086
    0.424789
    0.397411
    0.366027
    0.330721
    0.291584
    0.248785
    0.202866
    0.154409
    0.104023
    0.052338
   -0.517029
    -1.02909
    -1.53125
    -2.01868
    -2.48669
    -2.93076
    -3.34662
    -3.73026
    -4.07799
    -4.38645
    -4.65267
    -4.87409
    -5.04857
    -5.17442
    -5.25043
    -5.27587
    -5.25049
    -5.17455
    -5.04876
    -4.87436
    -4.65299
     -4.3868
    -4.07838
    -3.73067
    -3.34703
    -2.93116
    -2.48706
    -2.01902
    -1.53153
    -1.02929
   -0.517136
   0.0506034
    0.100585
    0.149328
    0.196231
    0.240714
    0.282224
    0.320239
    0.354507
    0.384947
    0.411486
    0.434057
    0.452604
     0.46708
    0.477447
    0.483678
    0.485758
    0.483681
    0.477451
    0.467087
    0.452613
    0.434067
    0.411497
    0.384959
     0.35452
    0.320252
    0.282237
    0.240728
    0.196244
    0.149338
    0.100592
   0.0506077
    -0.49932
   -0.993841
     -1.4788
    -1.94954
    -2.40151
    -2.83037
    -3.23198
    -3.60248
    -3.93829
    -4.23619
    -4.49329
    -4.70711
    -4.87561
    -4.99714
    -5.07055
    -5.09512
    -5.07061
    -4.99727
    -4.87579
    -4.70735
    -4.49357
    -4.23651
    -3.93865
    -3.60285
    -3.23235
    -2.83073
    -2.40185
    -1.94984
    -1.47905
   -0.994022
   -0.499417
   0.0490221
   0.0974506
    0.144698
    0.190191
    0.233375
    0.273724
    0.310741
    0.344087
     0.37369
    0.399485
    0.421414
    0.439426
     0.45348
    0.463543
     0.46959
    0.471608
    0.469592
    0.463547
    0.453487
    0.439435
    0.421425
    0.399497
    0.373703
    0.344101
    0.310755
    0.273738
    0.233389
    0.190204
    0.144709
   0.0974588
   0.0490266
   -0.481909
   -0.959188
    -1.42724
    -1.88156
    -2.31777
    -2.73167
    -3.11928
    -3.47686
    -3.80096
    -4.08846
    -4.33659
    -4.54296
    -4.70558
    -4.82287
    -4.89372
    -4.91742
    -4.89377
    -4.82297
    -4.70573
    -4.54316
    -4.33685
    -4.08875
    -3.80127
    -3.47718
    -3.11961
      -2.732
    -2.31807
    -1.88183
    -1.42746
    -0.95935
   -0.481997
   0.0475766
   0.0945871
    0.140471
    0.184681
     0.22669
    0.265993
    0.302121
    0.334646
    0.363505
    0.388639
    0.409997
    0.427534
    0.441214
    0.451007
    0.456891
    0.458855
    0.456893
    0.451011
    0.441221
    0.427543
    0.410008
    0.388652
    0.363518
     0.33466
    0.302135
    0.266008
    0.226704
    0.184695
    0.140482
   0.0945956
   0.0475813
     -0.4648
   -0.925133
    -1.37657
    -1.81475
    -2.23547
    -2.63468
    -3.00852
     -3.3534
    -3.66599
    -3.94327
    -4.18258
    -4.38162
    -4.53846
    -4.65158
    -4.71991
    -4.74277
    -4.71996
    -4.65169
    -4.53861
    -4.38181
    -4.18281
    -3.94353
    -3.66626
    -3.35368
    -3.00881
    -2.63496
    -2.23574
    -1.81499
    -1.37676
   -0.925274
   -0.464877
   0.0462401
   0.0919389
    0.136561
    0.179582
    0.220498
    0.258827
    0.294117
    0.325952
    0.354178
    0.378747
    0.399614
    0.416742
    0.430098
    0.439656
    0.445399
    0.447315
    0.445401
     0.43966
    0.430104
    0.416751
    0.399625
     0.37876
    0.354193
    0.325968
    0.294134
    0.258844
    0.220514
    0.179597
    0.136573
   0.0919479
    0.046245
   -0.447992
   -0.891677
    -1.32678
    -1.74912
    -2.15463
    -2.53939
    -2.89971
    -3.23211
    -3.53338
    -3.80064
     -4.0313
    -4.22313
    -4.37429
    -4.48332
    -4.54917
    -4.57121
    -4.54922
     -4.4834
    -4.37441
    -4.22328
    -4.03148
    -3.80086
    -3.53362
    -3.23235
    -2.89995
    -2.53963
    -2.15485
    -1.74932
    -1.32695
   -0.891798
   -0.448057
   0.0449996
   0.0894816
    0.132934
    0.174855
    0.214763
    0.252198
    0.286727
    0.317952
    0.345624
    0.369699
    0.390138
    0.406909
    0.419982
    0.429337
    0.434956
    0.436831
    0.434959
    0.429341
    0.419989
    0.406918
    0.390149
    0.369712
    0.345639
    0.317969
    0.286744
    0.252215
     0.21478
    0.174871
    0.132946
   0.0894909
   0.0450047
   -0.431485
   -0.858821
    -1.27789
    -1.68467
    -2.07523
    -2.44581
    -2.79285
    -3.11299
    -3.40316
    -3.66057
    -3.88272
    -4.06747
    -4.21306
    -4.31807
    -4.38149
    -4.40271
    -4.38152
    -4.31814
    -4.21316
    -4.06761
    -3.88287
    -3.66074
    -3.40336
    -3.11319
    -2.79305
    -2.44601
    -2.07541
    -1.68483
    -1.27803
    -0.85892
   -0.431539
   0.0438469
   0.0871989
    0.129566
    0.170471
     0.20945
    0.246065
    0.279903
    0.310584
    0.337765
    0.361403
    0.381465
    0.397921
    0.410746
    0.419922
    0.425433
    0.427272
    0.425436
    0.419928
    0.410756
    0.397932
    0.381479
    0.361418
    0.337782
    0.310602
    0.279922
    0.246084
    0.209468
    0.170487
     0.12958
    0.087209
   0.0438524
    -0.41528
   -0.826566
     -1.2299
    -1.62139
    -1.99728
    -2.35394
    -2.68794
    -2.99606
    -3.27533
    -3.52306
    -3.73686
    -3.91467
    -4.05478
    -4.15584
    -4.21688
     -4.2373
    -4.21692
    -4.15591
    -4.05487
    -3.91478
    -3.73698
    -3.52319
    -3.27547
    -2.99621
     -2.6881
     -2.3541
    -1.99743
    -1.62152
    -1.23001
   -0.826645
   -0.415322
   0.0427632
   0.0850525
    0.126399
    0.166344
    0.204445
     0.24028
    0.273454
      0.3036
    0.330389
    0.353673
    0.373425
     0.38962
    0.402238
    0.411264
    0.416684
    0.418493
    0.416687
     0.41127
    0.402248
    0.389632
     0.37344
     0.35369
    0.330407
     0.30362
    0.273474
      0.2403
    0.204464
    0.166361
    0.126414
   0.0850633
   0.0427691
   -0.399378
   -0.794915
     -1.1828
     -1.5593
     -1.9208
    -2.26379
      -2.585
    -2.88131
    -3.14988
    -3.38812
    -3.59373
    -3.76473
    -3.89947
    -3.99665
    -4.05534
    -4.07498
    -4.05536
    -3.99669
    -3.89952
     -3.7648
    -3.59381
    -3.38821
    -3.14998
    -2.88142
    -2.58511
    -2.26391
     -1.9209
     -1.5594
    -1.18288
   -0.794973
    -0.39941
   0.0417403
   0.0830267
     0.12341
     0.16245
    0.199725
     0.23483
    0.267386
    0.297043
    0.323486
    0.346461
    0.365945
    0.381916
    0.394357
    0.403254
    0.408597
     0.41038
      0.4086
    0.403261
    0.394367
    0.381929
    0.365961
     0.34648
    0.323506
    0.297065
    0.267408
    0.234852
    0.199746
    0.162469
    0.123426
   0.0830381
   0.0417465
    -0.38378
   -0.763867
     -1.1366
     -1.4984
    -1.84577
    -2.17536
    -2.48402
    -2.76875
    -3.02682
    -3.25575
    -3.45332
    -3.61763
    -3.74711
    -3.84049
    -3.89689
    -3.91575
     -3.8969
    -3.84051
    -3.74714
    -3.61767
    -3.45337
     -3.2558
    -3.02689
    -2.76882
    -2.48408
    -2.17543
    -1.84583
    -1.49846
    -1.13665
   -0.763904
     -0.3838
    0.040766
    0.081097
    0.120562
     0.15874
    0.195224
    0.229628
    0.261586
    0.290765
    0.316858
    0.339597
    0.358872
    0.374665
    0.386965
    0.395759
    0.401039
    0.402801
    0.401043
    0.395767
    0.386977
     0.37468
    0.358889
    0.339617
    0.316881
    0.290788
     0.26161
    0.229652
    0.195247
     0.15876
    0.120579
   0.0811091
   0.0407726
   -0.368485
   -0.733424
     -1.0913
    -1.43868
     -1.7722
    -2.08865
      -2.385
    -2.65838
    -2.90616
    -3.12595
    -3.31564
     -3.4734
    -3.59771
    -3.68737
    -3.74151
    -3.75962
    -3.74152
    -3.68738
    -3.59772
    -3.47342
    -3.31566
    -3.12597
    -2.90618
     -2.6584
    -2.38503
    -2.08868
    -1.77223
     -1.4387
    -1.09133
   -0.733443
   -0.368496
   0.0398323
   0.0792474
    0.117832
    0.155182
    0.190908
    0.224638
    0.256023
    0.284741
      0.3105
    0.333041
    0.352144
    0.367792
    0.379976
    0.388686
    0.393916
    0.395661
     0.39392
    0.388694
    0.379988
    0.367809
    0.352163
    0.333063
    0.310524
    0.284767
    0.256049
    0.224664
    0.190932
    0.155204
     0.11785
   0.0792606
   0.0398394
   -0.353494
   -0.703586
     -1.0469
    -1.38014
    -1.70009
    -2.00366
    -2.28795
     -2.5502
    -2.78789
    -2.99874
     -3.1807
    -3.33204
    -3.45128
    -3.53729
    -3.58923
     -3.6066
    -3.58923
    -3.53729
    -3.45129
    -3.33204
    -3.18071
    -2.99874
     -2.7879
    -2.55021
    -2.28796
    -2.00367
    -1.70009
    -1.38015
    -1.04691
   -0.703589
   -0.353496
   0.0389279
   0.0774553
    0.115185
     0.15173
    0.186715
    0.219782
    0.250597
    0.278848
    0.304254
    0.326565
    0.345564
    0.361122
    0.373231
    0.381885
    0.387081
    0.388815
    0.387086
    0.381895
    0.373245
     0.36114
    0.345586
    0.326589
    0.304281
    0.278876
    0.250626
    0.219811
    0.186741
    0.151754
    0.115205
   0.0774694
   0.0389356
   -0.338807
   -0.674352
     -1.0034
    -1.32279
    -1.62944
     -1.9204
    -2.19287
    -2.44422
    -2.67204
    -2.87412
    -3.04852
    -3.19356
    -3.30785
    -3.39027
    -3.44005
    -3.45669
    -3.44005
    -3.39027
    -3.30783
    -3.19355
     -3.0485
     -2.8741
    -2.67202
     -2.4442
    -2.19285
    -1.92039
    -1.62943
    -1.32278
    -1.00339
   -0.674343
   -0.338802
   0.0380434
   0.0757021
    0.112595
    0.148348
    0.182602
    0.215012
    0.245257
    0.273035
    0.298076
    0.320138
    0.339012
    0.354526
    0.366597
    0.375222
      0.3804
    0.382127
    0.380405
    0.375233
    0.366612
    0.354546
    0.339036
    0.320165
    0.298105
    0.273066
    0.245288
    0.215043
    0.182631
    0.148374
    0.112616
   0.0757176
   0.0380518
   -0.324427
    -0.64573
   -0.960813
    -1.26664
    -1.56028
    -1.83888
    -2.09978
    -2.34045
    -2.55859
    -2.75209
    -2.91908
    -3.05796
    -3.16739
    -3.24632
    -3.29398
    -3.30991
    -3.29397
     -3.2463
    -3.16737
    -3.05794
    -2.91905
    -2.75205
    -2.55855
    -2.34041
    -2.09973
    -1.83884
    -1.56023
    -1.26661
   -0.960781
   -0.645707
   -0.324415
   0.0371698
   0.0739695
    0.110032
    0.144999
    0.178522
    0.210272
    0.239935
    0.267224
    0.291875
    0.313653
    0.332356
    0.347815
    0.359895
    0.368524
    0.373703
    0.375431
    0.373709
    0.368536
    0.359912
    0.347837
    0.332383
    0.313683
    0.291907
    0.267259
    0.239971
    0.210306
    0.178555
    0.145027
    0.110056
   0.0739867
   0.0371791
   -0.310351
   -0.617713
   -0.919125
    -1.21169
    -1.49258
    -1.75909
    -2.00866
    -2.23889
    -2.44756
    -2.63266
     -2.7924
    -2.92525
    -3.02992
    -3.10542
    -3.15101
    -3.16625
    -3.15099
    -3.10539
    -3.02989
     -2.9252
    -2.79235
     -2.6326
     -2.4475
    -2.23883
     -2.0086
    -1.75902
    -1.49251
    -1.21163
   -0.919077
   -0.617678
   -0.310333
    0.036296
   0.0722356
    0.107465
    0.141638
     0.17442
    0.205491
    0.234549
    0.261315
    0.285532
    0.306973
    0.325437
    0.340758
    0.352801
    0.361464
     0.36668
    0.368421
    0.366687
    0.361477
     0.35282
    0.340783
    0.325467
    0.307007
    0.285569
    0.261354
    0.234589
     0.20553
    0.174456
     0.14167
    0.107492
   0.0722551
   0.0363066
   -0.296582
   -0.590307
   -0.878346
    -1.15792
    -1.42635
    -1.68104
    -1.91953
    -2.13954
    -2.33895
    -2.51582
    -2.66847
    -2.79542
    -2.89545
     -2.9676
    -3.01116
    -3.02573
    -3.01115
    -2.96757
    -2.89541
    -2.79537
     -2.6684
    -2.51574
    -2.33886
    -2.13945
    -1.91944
    -1.68094
    -1.42626
    -1.15785
   -0.878281
   -0.590261
   -0.296558
   0.0354076
   0.0704711
    0.104848
    0.138205
    0.170216
    0.200572
     0.22898
    0.255166
    0.278881
    0.299898
    0.318021
     0.33308
    0.344937
    0.353483
    0.358643
     0.36037
    0.358651
    0.353499
     0.34496
    0.333109
    0.318056
    0.299938
    0.278923
    0.255211
    0.229025
    0.200617
    0.170258
    0.138242
    0.104879
   0.0704934
   0.0354197
   -0.283118
   -0.563508
    -0.83847
    -1.10535
    -1.36159
    -1.60472
    -1.83239
     -2.0424
    -2.23275
     -2.4016
    -2.54732
     -2.6685
    -2.76398
    -2.83284
    -2.87442
    -2.88832
     -2.8744
     -2.8328
    -2.76392
    -2.66843
    -2.54723
     -2.4015
    -2.23265
    -2.04229
    -1.83227
     -1.6046
    -1.36149
    -1.10526
   -0.838396
   -0.563455
    -0.28309
   0.0344933
   0.0686537
     0.10215
    0.134657
    0.165861
     0.19546
    0.223169
    0.248722
    0.271873
    0.292401
    0.310112
    0.324836
    0.336436
      0.3448
    0.349853
    0.351545
    0.349862
    0.344819
    0.336462
    0.324871
    0.310153
    0.292448
    0.271924
    0.248775
    0.223223
    0.195513
     0.16591
    0.134701
    0.102186
   0.0686801
   0.0345077
   -0.269961
    -0.53732
   -0.799502
    -1.05398
    -1.29831
    -1.53013
    -1.74722
    -1.94747
    -2.12897
    -2.28996
     -2.4289
    -2.54445
    -2.63549
    -2.70115
    -2.74079
    -2.75404
    -2.74077
    -2.70111
    -2.63543
    -2.54437
    -2.42881
    -2.28985
    -2.12885
    -1.94734
    -1.74708
       -1.53
    -1.29819
    -1.05388
   -0.799415
   -0.537257
   -0.269927
   0.0335479
   0.0667734
   0.0993554
    0.130979
    0.161339
    0.190142
    0.217111
    0.241987
    0.264529
    0.284523
    0.301776
    0.316123
    0.327428
    0.335582
    0.340508
    0.342159
    0.340519
    0.335604
     0.32746
    0.316165
    0.301826
     0.28458
    0.264591
    0.242052
    0.217177
    0.190206
    0.161399
    0.131033
   0.0993998
   0.0668057
   0.0335654
   -0.257108
   -0.511737
   -0.761436
     -1.0038
    -1.23649
    -1.45728
    -1.66402
    -1.85474
     -2.0276
    -2.18093
    -2.31325
     -2.4233
       -2.51
    -2.57253
    -2.61029
     -2.6229
    -2.61026
    -2.57248
    -2.50992
    -2.42319
    -2.31313
    -2.18079
    -2.02746
     -1.8546
    -1.66388
    -1.45713
    -1.23636
    -1.00368
   -0.761337
   -0.511666
    -0.25707
   0.0325712
   0.0648306
   0.0964668
    0.127174
    0.156657
    0.184631
    0.210827
    0.234991
    0.256892
    0.276318
    0.293084
    0.307028
    0.318016
    0.325943
    0.330733
    0.332339
    0.330747
    0.325971
    0.318057
    0.307081
    0.293147
    0.276389
    0.256969
    0.235072
    0.210909
    0.184712
    0.156733
    0.127242
   0.0965223
   0.0648711
   0.0325932
    -0.24456
   -0.486762
   -0.724274
   -0.954807
    -1.17614
    -1.38615
     -1.5828
    -1.76421
    -1.92863
    -2.07447
    -2.20033
      -2.305
    -2.38747
    -2.44695
    -2.48286
    -2.49486
    -2.48283
     -2.4469
    -2.38739
     -2.3049
    -2.20021
    -2.07433
    -1.92848
    -1.76405
    -1.58264
    -1.38599
      -1.176
   -0.954677
   -0.724166
   -0.486685
   -0.244519
    0.031566
   0.0628309
   0.0934929
    0.123257
    0.151835
    0.178952
    0.204346
    0.227773
    0.249008
    0.267845
    0.284103
    0.297626
    0.308283
    0.315972
    0.320619
    0.322179
    0.320637
    0.316007
    0.308334
    0.297692
    0.284182
    0.267935
    0.249106
    0.227876
    0.204451
    0.179054
     0.15193
    0.123342
   0.0935636
   0.0628823
   0.0315939
   -0.232317
   -0.462393
   -0.688012
   -0.907004
    -1.11726
    -1.31675
    -1.50356
    -1.67588
    -1.83206
     -1.9706
    -2.09016
    -2.18958
    -2.26792
    -2.32442
    -2.35854
    -2.36993
     -2.3585
    -2.32436
    -2.26784
    -2.18948
    -2.09003
    -1.97045
     -1.8319
    -1.67571
    -1.50338
    -1.31658
     -1.1171
   -0.906865
   -0.687899
    -0.46231
   -0.232272
   0.0305362
   0.0607822
   0.0904462
    0.119242
    0.146893
     0.17313
    0.197703
    0.220373
    0.240923
    0.259153
    0.274889
    0.287978
    0.298294
    0.305738
    0.310239
    0.311751
    0.310262
    0.305784
     0.29836
    0.288063
    0.274991
    0.259269
    0.241049
    0.220506
    0.197837
    0.173262
    0.147016
    0.119352
    0.090537
   0.0608483
   0.0305721
   -0.220378
    -0.43863
   -0.652654
    -0.86039
    -1.05984
    -1.24907
    -1.42628
    -1.58975
     -1.7379
    -1.86932
    -1.98273
    -2.07704
    -2.15135
    -2.20495
    -2.23731
    -2.24811
    -2.23727
    -2.20488
    -2.15126
    -2.07692
    -1.98258
    -1.86915
    -1.73772
    -1.58956
     -1.4261
     -1.2489
    -1.05967
   -0.860243
   -0.652533
   -0.438542
   -0.220331
   0.0294862
   0.0586934
     0.08734
     0.11515
    0.141854
    0.167195
     0.19093
    0.212828
    0.232678
    0.250289
    0.265492
    0.278138
    0.288107
    0.295301
    0.299652
    0.301117
    0.299682
     0.29536
    0.288192
    0.278248
    0.265623
    0.250439
     0.23284
    0.212998
    0.191102
    0.167364
    0.142012
    0.115291
   0.0874565
   0.0587783
   0.0295322
   -0.208743
   -0.415472
   -0.618196
   -0.814963
    -1.00388
    -1.18312
    -1.35097
     -1.5058
    -1.64613
    -1.77061
    -1.87803
    -1.96736
    -2.03775
    -2.08851
    -2.11916
     -2.1294
    -2.11913
    -2.08845
    -2.03765
    -1.96724
    -1.87788
    -1.77044
    -1.64595
    -1.50562
    -1.35078
    -1.18294
    -1.00371
    -0.81481
    -0.61807
   -0.415381
   -0.208694
   0.0284203
   0.0565733
   0.0841872
    0.110996
     0.13674
    0.161172
    0.184056
     0.20517
    0.224311
    0.241294
    0.255956
    0.268153
    0.277769
    0.284711
    0.288911
    0.290328
    0.288949
    0.284786
    0.277878
    0.268294
    0.256124
    0.241485
    0.224518
    0.205387
    0.184276
    0.161387
    0.136942
    0.111175
   0.0843355
   0.0566812
   0.0284788
   -0.197411
   -0.392918
   -0.584636
   -0.770721
    -0.94938
    -1.11889
    -1.27763
    -1.42405
    -1.55676
    -1.67448
    -1.77607
    -1.86055
    -1.92712
    -1.97512
     -2.0041
    -2.01378
    -2.00407
    -1.97505
    -1.92702
    -1.86043
    -1.77592
    -1.67431
    -1.55658
    -1.42386
    -1.27743
    -1.11871
   -0.949205
   -0.770566
   -0.584509
   -0.392825
   -0.197361
   0.0273429
   0.0544301
   0.0810004
    0.106797
    0.131572
    0.155084
    0.177108
    0.197431
    0.215856
    0.232205
     0.24632
    0.258065
    0.267325
    0.274012
     0.27806
     0.27943
    0.278107
    0.274106
    0.267463
    0.258242
    0.246532
    0.232445
    0.216117
    0.197704
    0.177385
    0.155355
    0.131825
    0.107022
   0.0811863
   0.0545653
    0.027416
   -0.186384
   -0.370969
   -0.551977
   -0.727667
   -0.896344
    -1.05639
    -1.20625
     -1.3445
    -1.46979
    -1.58093
    -1.67684
     -1.7566
    -1.81945
    -1.86477
    -1.89213
    -1.90126
    -1.89209
     -1.8647
    -1.81935
    -1.75648
    -1.67669
    -1.58076
    -1.46961
    -1.34431
    -1.20606
     -1.0562
   -0.896167
   -0.727509
   -0.551848
   -0.370875
   -0.186333
   0.0262579
   0.0522721
   0.0777915
     0.10257
    0.126368
    0.148955
    0.170114
     0.18964
    0.207344
    0.223055
    0.236621
     0.24791
    0.256813
    0.263244
     0.26714
    0.268462
    0.267198
     0.26336
    0.256983
    0.248129
    0.236882
    0.223351
    0.207666
    0.189978
    0.170456
    0.149288
     0.12668
    0.102847
   0.0780201
   0.0524382
   0.0263477
    -0.17566
   -0.349624
   -0.520216
   -0.685796
   -0.844768
     -0.9956
    -1.13684
    -1.26713
    -1.38522
    -1.48996
    -1.58035
    -1.65552
    -1.71474
    -1.75746
    -1.78324
    -1.79185
    -1.78321
    -1.75739
    -1.71465
    -1.65539
     -1.5802
    -1.48979
    -1.38503
    -1.26694
    -1.13665
   -0.995411
    -0.84459
   -0.685639
   -0.520088
    -0.34953
   -0.175609
   0.0251693
    0.050107
   0.0745722
   0.0983288
    0.121147
    0.142807
    0.163098
    0.181825
    0.198806
    0.213877
    0.226892
    0.237724
    0.246269
    0.252444
    0.256187
    0.257463
    0.256258
    0.252584
    0.246474
    0.237988
    0.227207
    0.214234
    0.199194
    0.182232
    0.163509
    0.143208
    0.121523
   0.0986623
   0.0748472
   0.0503066
   0.0252772
   -0.165239
   -0.328882
   -0.489354
   -0.645111
   -0.794651
   -0.936534
     -1.0694
    -1.19195
    -1.30303
    -1.40156
    -1.48659
     -1.5573
    -1.61301
    -1.65318
    -1.67744
    -1.68554
    -1.67741
    -1.65312
    -1.61291
    -1.55717
    -1.48644
    -1.40139
    -1.30285
    -1.19176
     -1.0692
   -0.936347
   -0.794475
   -0.644955
   -0.489227
    -0.32879
   -0.165189
   0.0240811
   0.0479426
   0.0713539
    0.094089
    0.115928
     0.13666
    0.156083
    0.174011
     0.19027
    0.204701
    0.217165
    0.227541
    0.235728
    0.241647
    0.245238
    0.246467
    0.245322
    0.241812
     0.23597
    0.227853
    0.217537
    0.205122
    0.190727
     0.17449
    0.156568
    0.137132
    0.116369
   0.0944808
   0.0716768
   0.0481769
   0.0242076
   -0.155121
   -0.308744
    -0.45939
   -0.605609
   -0.745992
   -0.879187
    -1.00391
    -1.11897
    -1.22324
    -1.31574
    -1.39555
    -1.46193
    -1.51423
    -1.55195
    -1.57472
    -1.58232
    -1.57469
    -1.55188
    -1.51414
    -1.46181
    -1.39541
    -1.31557
    -1.22306
    -1.11878
    -1.00372
   -0.879004
   -0.745821
   -0.605458
   -0.459266
   -0.308654
   -0.155073
   0.0229973
   0.0457867
    0.068148
   0.0898651
    0.110728
    0.130535
    0.149094
    0.166226
    0.181764
    0.195557
    0.207473
    0.217394
    0.225224
    0.230886
    0.234326
    0.235509
    0.234423
    0.231076
    0.225502
    0.217751
      0.2079
    0.196041
    0.182289
    0.166776
     0.14965
    0.131077
    0.111234
   0.0903143
   0.0685178
   0.0460549
    0.023142
   -0.145306
    -0.28921
   -0.430324
   -0.567291
   -0.698791
   -0.823558
   -0.940392
    -1.04817
    -1.14584
    -1.23248
    -1.30725
    -1.36943
    -1.41842
    -1.45375
    -1.47508
     -1.4822
    -1.47505
    -1.45369
    -1.41833
    -1.36932
    -1.30711
    -1.23233
    -1.14567
    -1.04799
   -0.940211
   -0.823383
   -0.698627
   -0.567146
   -0.430204
   -0.289123
    -0.14526
   0.0219216
   0.0436467
   0.0649654
   0.0856718
    0.105565
    0.124454
    0.142154
    0.158494
    0.173316
    0.186475
    0.197845
    0.207313
    0.214788
    0.220197
    0.223486
    0.224622
    0.223594
     0.22041
      0.2151
    0.207715
    0.198324
    0.187018
    0.173905
     0.15911
    0.142776
     0.12506
    0.106132
    0.086174
   0.0653787
   0.0439462
   0.0220831
   -0.135795
   -0.270279
   -0.402155
   -0.530156
   -0.653049
   -0.769648
   -0.878833
   -0.979553
    -1.07084
    -1.15181
    -1.22168
    -1.27979
    -1.32557
    -1.35859
    -1.37852
    -1.38517
    -1.37849
    -1.35853
    -1.32548
    -1.27968
    -1.22155
    -1.15166
    -1.07068
   -0.979384
   -0.878663
   -0.769483
   -0.652893
   -0.530018
   -0.402042
   -0.270196
    -0.13575
   0.0208576
   0.0415298
   0.0618169
   0.0815227
    0.100457
    0.118435
    0.135284
    0.150841
    0.164953
    0.177484
    0.188312
    0.197332
    0.204454
     0.20961
    0.212749
    0.213838
    0.212867
    0.209843
    0.204795
    0.197771
    0.188836
    0.178077
    0.165597
    0.151514
    0.135964
    0.119097
    0.101075
    0.082071
   0.0622678
   0.0418565
   0.0210336
   -0.126587
   -0.251951
   -0.374885
   -0.494206
   -0.608765
   -0.717458
    -0.81924
   -0.913129
   -0.998222
     -1.0737
    -1.13884
      -1.193
    -1.23568
    -1.26646
    -1.28504
    -1.29124
    -1.28501
     -1.2664
     -1.2356
     -1.1929
    -1.13871
    -1.07356
   -0.998069
   -0.912969
   -0.819079
   -0.717301
   -0.608618
   -0.494076
   -0.374778
   -0.251873
   -0.126545
   0.0198088
   0.0394428
   0.0587123
   0.0774311
   0.0954179
    0.112499
    0.128507
    0.143289
      0.1567
    0.168611
    0.178904
    0.187479
    0.194253
    0.199158
    0.202147
     0.20319
    0.202274
    0.199407
    0.194617
    0.187948
    0.179464
    0.169245
    0.157388
    0.144009
    0.129234
    0.113205
    0.096078
   0.0780159
   0.0591932
    0.039791
   0.0199964
   -0.117682
   -0.234227
   -0.348513
    -0.45944
    -0.56594
   -0.666987
   -0.761608
   -0.848893
      -0.928
   -0.998168
    -1.05872
    -1.10908
    -1.14875
    -1.17737
    -1.19464
     -1.2004
    -1.19461
    -1.17731
    -1.14868
    -1.10898
     -1.0586
   -0.998035
   -0.927856
   -0.848742
   -0.761456
   -0.666839
   -0.565802
   -0.459318
   -0.348412
   -0.234154
   -0.117642
   0.0187781
   0.0373915
   0.0556605
   0.0734084
   0.0904635
     0.10666
    0.121842
    0.135862
    0.148582
     0.15988
    0.169645
    0.177783
    0.184212
     0.18887
    0.191711
    0.192705
    0.191843
     0.18913
    0.184593
    0.178273
    0.170231
    0.160543
    0.149301
    0.136613
    0.122601
    0.107399
    0.091153
   0.0740193
   0.0561626
    0.037755
   0.0189738
    -0.10908
   -0.217106
   -0.323039
   -0.425858
   -0.524573
   -0.618235
    -0.70594
   -0.786844
   -0.860169
   -0.925208
   -0.981336
    -1.02801
    -1.06479
    -1.09131
    -1.10732
    -1.11266
    -1.10729
    -1.09126
    -1.06471
    -1.02792
   -0.981226
   -0.925083
   -0.860033
   -0.786703
   -0.705798
   -0.618097
   -0.524445
   -0.425744
   -0.322945
   -0.217038
   -0.109043
    0.017768
   0.0353811
   0.0526692
    0.069465
    0.085606
    0.100936
    0.115306
    0.128576
    0.140619
    0.151315
    0.160562
    0.168268
    0.174358
    0.178772
    0.181466
    0.182412
    0.181601
    0.179039
    0.174749
    0.168771
    0.161162
    0.151995
    0.141356
    0.129347
    0.116084
    0.101693
   0.0863125
   0.0700908
   0.0531835
   0.0357534
   0.0179684
   -0.100781
   -0.200589
   -0.298463
    -0.39346
   -0.484666
   -0.571201
   -0.652234
   -0.726983
   -0.794728
   -0.854819
   -0.906677
   -0.949802
   -0.983779
    -1.00828
    -1.02307
    -1.02801
    -1.02305
    -1.00823
   -0.983711
   -0.949716
   -0.906574
   -0.854703
   -0.794602
    -0.72685
   -0.652099
   -0.571071
   -0.484544
   -0.393353
   -0.298375
   -0.200526
   -0.100747
   0.0167807
   0.0334157
   0.0497444
   0.0656089
   0.0808556
   0.0953368
    0.108912
    0.121449
    0.132827
    0.142934
    0.151672
    0.158955
    0.164712
    0.168886
    0.171435
    0.172334
    0.171572
    0.169156
    0.165106
    0.159463
    0.152278
    0.143619
     0.13357
    0.122226
    0.109696
   0.0960996
   0.0815676
   0.0662394
   0.0502626
   0.0337907
   0.0169826
  -0.0927859
   -0.184675
   -0.274785
   -0.362245
   -0.446214
   -0.525884
   -0.600487
   -0.669306
   -0.731678
   -0.787001
   -0.834744
   -0.874447
   -0.905728
   -0.928286
   -0.941904
   -0.946451
   -0.941883
   -0.928245
   -0.905667
   -0.874368
   -0.834649
   -0.786893
    -0.73156
   -0.669184
   -0.600364
   -0.525763
   -0.446101
   -0.362145
   -0.274702
   -0.184616
  -0.0927538
   0.0158176
   0.0314984
    0.046891
   0.0618466
   0.0762204
   0.0898731
    0.102672
    0.114494
    0.125222
    0.134753
    0.142994
    0.149863
    0.155294
    0.159233
    0.161639
     0.16249
    0.161775
      0.1595
    0.155686
    0.150367
    0.143595
    0.135434
     0.12596
    0.115266
    0.103451
   0.0906312
    0.076928
   0.0624733
    0.047406
   0.0318711
   0.0160182
  -0.0850933
   -0.169365
   -0.252003
   -0.332212
    -0.40922
   -0.482285
   -0.550703
   -0.613815
   -0.671016
   -0.721752
   -0.765537
   -0.801948
   -0.830636
   -0.851324
   -0.863813
   -0.867983
   -0.863793
   -0.851285
   -0.830579
   -0.801875
   -0.765449
   -0.721652
   -0.670907
   -0.613701
   -0.550587
   -0.482172
   -0.409114
   -0.332119
   -0.251926
   -0.169309
  -0.0850633
   0.0148799
   0.0296316
   0.0441127
   0.0581831
   0.0717066
   0.0845521
   0.0965951
    0.107718
    0.117814
    0.126783
    0.134539
    0.141005
    0.146117
    0.149826
    0.152093
    0.152896
    0.152227
    0.150089
    0.146502
      0.1415
     0.13513
    0.127452
     0.11854
    0.108477
   0.0973608
   0.0852972
    0.072402
    0.058799
   0.0446189
    0.029998
   0.0150771
  -0.0777036
   -0.154657
   -0.230118
   -0.303362
   -0.373682
   -0.440401
   -0.502877
    -0.56051
   -0.612742
   -0.659072
   -0.699054
   -0.732304
     -0.7585
   -0.777391
   -0.788795
   -0.792602
   -0.788776
   -0.777354
   -0.758445
   -0.732234
   -0.698972
   -0.658978
    -0.61264
   -0.560403
   -0.502769
   -0.440296
   -0.373583
   -0.303274
   -0.230046
   -0.154605
  -0.0776756
   0.0139684
    0.027817
   0.0414119
   0.0546216
   0.0673183
    0.079379
   0.0906865
    0.101131
    0.110611
    0.119034
    0.126317
     0.13239
    0.137192
    0.140677
    0.142808
    0.143565
    0.142938
    0.140933
    0.137568
    0.132873
    0.126894
    0.119686
    0.111318
    0.101871
    0.091433
   0.0801054
   0.0679964
   0.0552222
   0.0419054
   0.0281743
   0.0141608
  -0.0706167
   -0.140551
    -0.20913
   -0.275693
   -0.339599
   -0.400233
   -0.457011
   -0.509386
   -0.556855
   -0.598959
   -0.635295
   -0.665511
   -0.689318
   -0.706486
   -0.716849
   -0.720309
   -0.716831
   -0.706451
   -0.689267
   -0.665446
   -0.635217
   -0.598872
   -0.556759
   -0.509286
    -0.45691
   -0.400135
   -0.339507
   -0.275612
   -0.209063
   -0.140502
  -0.0705904
   0.0130838
   0.0260557
   0.0387903
   0.0511646
   0.0630588
   0.0743575
    0.084951
   0.0947364
    0.103619
    0.111511
    0.118336
    0.124027
    0.128528
    0.131794
    0.133793
    0.134504
    0.133919
    0.132042
    0.128891
    0.124495
    0.118894
    0.112143
    0.104304
   0.0954535
   0.0856748
   0.0750618
   0.0637163
    0.051747
    0.039269
   0.0264022
   0.0132703
  -0.0638321
   -0.127048
   -0.189038
   -0.249206
   -0.306972
   -0.361781
   -0.413103
   -0.460446
   -0.503354
   -0.541413
   -0.574257
    -0.60157
   -0.623089
   -0.638607
   -0.647975
   -0.651102
   -0.647958
   -0.638575
   -0.623041
   -0.601509
   -0.574184
    -0.54133
   -0.503265
   -0.460352
   -0.413008
   -0.361688
   -0.306886
   -0.249129
   -0.188974
   -0.127002
  -0.0638074
   0.0122263
   0.0243485
   0.0362494
   0.0478139
   0.0589301
   0.0694901
   0.0793915
    0.088538
   0.0968406
    0.104218
    0.110599
    0.115919
    0.120128
    0.123183
    0.125053
    0.125719
    0.125175
    0.123423
    0.120479
    0.116372
    0.111139
    0.104829
   0.0975032
   0.0892309
    0.080091
   0.0701708
   0.0595655
   0.0483768
   0.0367121
   0.0246834
   0.0124067
  -0.0573502
   -0.114146
   -0.169841
   -0.223899
     -0.2758
   -0.325042
   -0.371153
   -0.413688
   -0.452238
   -0.486432
   -0.515941
   -0.540479
   -0.559812
   -0.573755
   -0.582171
   -0.584979
   -0.582154
   -0.573723
   -0.559767
   -0.540421
    -0.51587
   -0.486353
   -0.452153
   -0.413599
   -0.371063
   -0.324955
   -0.275718
   -0.223827
   -0.169782
   -0.114103
   -0.057327
   0.0113964
   0.0226961
     0.03379
   0.0445707
   0.0549339
    0.064779
   0.0740105
   0.0825385
     0.09028
   0.0971595
     0.10311
    0.108072
    0.111998
    0.114847
    0.116593
    0.117217
    0.116711
    0.115079
    0.112336
    0.108508
     0.10363
   0.0977487
   0.0909192
   0.0832068
   0.0746851
   0.0654356
   0.0555469
   0.0451137
   0.0342363
   0.0230193
   0.0115704
  -0.0511707
   -0.101847
   -0.151541
   -0.199774
   -0.246081
   -0.290017
   -0.331159
   -0.369111
   -0.403507
   -0.434015
   -0.460343
   -0.482237
   -0.499487
   -0.511926
   -0.519434
    -0.52194
   -0.519419
   -0.511897
   -0.499444
   -0.482182
   -0.460277
   -0.433941
   -0.403426
   -0.369027
   -0.331074
   -0.289934
   -0.246004
   -0.199705
   -0.151484
   -0.101806
  -0.0511487
   0.0105943
   0.0210992
   0.0314131
   0.0414363
   0.0510717
   0.0602258
   0.0688097
     0.07674
   0.0839393
   0.0903373
   0.0958714
    0.100487
    0.104139
    0.106791
    0.108417
    0.108998
     0.10853
    0.107014
    0.104466
    0.100908
   0.0963731
    0.090905
   0.0845551
   0.0773839
   0.0694598
   0.0608585
   0.0516623
   0.0419595
   0.0318432
   0.0214105
    0.010762
  -0.0452934
  -0.0901491
   -0.134135
   -0.176828
   -0.217816
   -0.256705
   -0.293121
   -0.326713
   -0.357158
   -0.384162
   -0.407465
   -0.426844
   -0.442111
   -0.453121
   -0.459767
   -0.461984
   -0.459752
   -0.453093
   -0.442071
   -0.426792
   -0.407403
   -0.384092
   -0.357082
   -0.326634
   -0.293041
   -0.256627
   -0.217743
   -0.176763
   -0.134082
  -0.0901104
  -0.0452726
  0.00982033
   0.0195582
   0.0291195
   0.0384117
   0.0473448
   0.0558321
   0.0637912
   0.0711445
   0.0778205
   0.0837539
   0.0888866
    0.093168
   0.0965561
   0.0990169
    0.100526
    0.101067
    0.100635
   0.0992317
   0.0968705
   0.0935728
   0.0893696
   0.0843004
   0.0784134
   0.0717644
    0.064417
   0.0564412
   0.0479134
   0.0389154
   0.0295335
   0.0198579
  0.00998173
  -0.0397181
  -0.0790522
   -0.117624
   -0.155061
   -0.191004
   -0.225106
   -0.257039
   -0.286495
   -0.313191
   -0.336871
   -0.357305
   -0.374298
   -0.387686
   -0.397339
   -0.403166
    -0.40511
   -0.403153
   -0.397313
   -0.387647
   -0.374249
   -0.357247
   -0.336804
   -0.313119
    -0.28642
   -0.256963
   -0.225031
   -0.190935
      -0.155
   -0.117573
  -0.0790159
  -0.0396985
  0.00907479
   0.0180738
   0.0269101
    0.035498
   0.0437545
   0.0515994
   0.0589565
    0.065754
   0.0719258
   0.0774115
   0.0821574
   0.0861166
   0.0892502
   0.0915269
   0.0929237
   0.0934262
   0.0930285
   0.0917335
   0.0895526
   0.0865059
   0.0826218
    0.077937
   0.0724959
   0.0663501
   0.0595582
    0.052185
   0.0443012
   0.0359823
   0.0273081
    0.018362
  0.00922995
  -0.0344449
  -0.0685566
   -0.102007
   -0.134473
   -0.165643
   -0.195217
    -0.22291
   -0.248455
   -0.271607
   -0.292141
   -0.309862
   -0.324598
   -0.336208
   -0.344579
   -0.349631
   -0.351317
   -0.349619
   -0.344554
   -0.336171
   -0.324552
   -0.309807
   -0.292079
   -0.271539
   -0.248384
   -0.222838
   -0.195148
   -0.165578
   -0.134415
   -0.101959
  -0.0685222
  -0.0344263
  0.00835796
   0.0166465
   0.0247856
   0.0326964
   0.0403022
   0.0475293
   0.0543074
   0.0605704
   0.0662572
   0.0713123
   0.0756861
   0.0793354
   0.0822242
   0.0843237
   0.0856126
   0.0860776
   0.0857132
   0.0845219
   0.0825144
    0.079709
   0.0761319
   0.0718167
   0.0668044
   0.0611425
   0.0548849
   0.0480914
   0.0408269
   0.0331611
   0.0251676
    0.016923
  0.00850684
  -0.0294734
  -0.0586617
  -0.0872838
   -0.115064
   -0.141735
    -0.16704
   -0.190736
   -0.212593
   -0.232402
   -0.249972
   -0.265135
   -0.277743
   -0.287676
   -0.294839
   -0.299162
   -0.300603
    -0.29915
   -0.294816
   -0.287643
     -0.2777
   -0.265083
   -0.249913
   -0.232338
   -0.212526
   -0.190668
   -0.166975
   -0.141674
    -0.11501
  -0.0872391
  -0.0586293
   -0.029456
  0.00767008
   0.0152769
   0.0227469
   0.0300077
   0.0369891
   0.0436232
   0.0498455
   0.0555954
   0.0608167
   0.0654584
   0.0694749
   0.0728266
   0.0754803
   0.0774096
   0.0785948
   0.0790237
   0.0786912
   0.0775995
   0.0757582
   0.0731844
   0.0699018
   0.0659414
   0.0613407
   0.0561432
   0.0503985
   0.0441614
   0.0374915
   0.0304527
   0.0231126
   0.0155416
   0.0078126
  -0.0248038
  -0.0493675
  -0.0734546
  -0.0968331
   -0.119278
   -0.140573
   -0.160514
   -0.178907
   -0.195577
   -0.210363
   -0.223122
   -0.233732
   -0.242091
   -0.248118
   -0.251755
   -0.252968
   -0.251744
   -0.248096
   -0.242059
   -0.233691
   -0.223073
   -0.210307
   -0.195517
   -0.178844
    -0.16045
   -0.140511
    -0.11922
  -0.0967819
  -0.0734124
   -0.049337
  -0.0247874
  0.00701137
   0.0139653
   0.0207945
   0.0274329
   0.0338162
   0.0398823
   0.0455723
   0.0508306
    0.055606
   0.0598516
   0.0635258
   0.0665923
   0.0690207
   0.0707868
   0.0718726
   0.0722668
   0.0719646
   0.0709682
   0.0692862
    0.066934
   0.0639335
   0.0603129
   0.0561063
   0.0513537
   0.0461003
   0.0403962
   0.0342958
   0.0278578
   0.0211437
    0.014218
  0.00714743
  -0.0204358
  -0.0406735
  -0.0605185
  -0.0797795
  -0.0982713
   -0.115816
   -0.132244
   -0.147397
   -0.161131
   -0.173312
   -0.183823
   -0.192564
    -0.19945
   -0.204414
    -0.20741
   -0.208409
     -0.2074
   -0.204394
    -0.19942
   -0.192525
   -0.183777
    -0.17326
   -0.161074
   -0.147338
   -0.132184
   -0.115757
   -0.098217
  -0.0797314
  -0.0604789
  -0.0406449
  -0.0204203
  0.00638201
   0.0127121
    0.018929
   0.0249727
   0.0307844
   0.0363077
   0.0414889
   0.0462774
   0.0506265
   0.0544935
   0.0578405
   0.0606343
   0.0628473
   0.0644573
    0.065448
   0.0658088
   0.0655356
     0.06463
      0.0631
   0.0609596
   0.0582287
   0.0549327
   0.0511029
   0.0467754
   0.0419916
   0.0367969
    0.031241
   0.0253771
   0.0192614
   0.0129527
  0.00651152
  -0.0163691
  -0.0325795
  -0.0484751
  -0.0639029
  -0.0787143
  -0.0927666
   -0.105925
   -0.118062
   -0.129062
   -0.138818
   -0.147237
   -0.154237
   -0.159751
   -0.163727
   -0.166126
   -0.166925
   -0.166116
   -0.163708
   -0.159723
     -0.1542
   -0.147193
   -0.138769
   -0.129009
   -0.118007
   -0.105869
  -0.0927121
  -0.0786634
  -0.0638577
   -0.048438
  -0.0325526
  -0.0163546
  0.00578208
   0.0115175
   0.0171508
   0.0226274
   0.0278942
      0.0329
   0.0375961
   0.0419367
   0.0458794
   0.0493854
   0.0524203
   0.0549541
   0.0569616
   0.0584227
   0.0593224
   0.0596514
   0.0594056
   0.0585866
   0.0572015
   0.0552629
   0.0527888
   0.0498023
   0.0463316
   0.0424095
   0.0380733
   0.0333644
   0.0283277
   0.0230113
   0.0174663
   0.0117459
  0.00590502
  -0.0126038
  -0.0250852
   -0.037324
  -0.0492024
  -0.0606061
  -0.0714254
  -0.0815559
  -0.0909002
  -0.0993685
   -0.106879
    -0.11336
   -0.118749
   -0.122994
   -0.126054
     -0.1279
   -0.128514
   -0.127891
   -0.126036
   -0.122967
   -0.118715
    -0.11332
   -0.106833
  -0.0993187
  -0.0908481
  -0.0815032
  -0.0713741
  -0.0605583
  -0.0491601
  -0.0372891
  -0.0250599
  -0.0125902
  0.00521163
   0.0103816
   0.0154599
   0.0203973
    0.025146
   0.0296597
   0.0338945
   0.0378091
   0.0413652
   0.0445279
    0.047266
   0.0495524
   0.0513644
   0.0526838
    0.053497
   0.0537956
   0.0535758
    0.052839
   0.0515916
   0.0498448
   0.0476149
   0.0449227
   0.0417935
   0.0382569
   0.0343465
   0.0300995
   0.0255565
   0.0207609
   0.0157587
   0.0105979
  0.00532809
 -0.00913954
  -0.0181901
  -0.0270646
  -0.0356775
   -0.043946
  -0.0517905
  -0.0591355
  -0.0659103
  -0.0720498
  -0.0774948
  -0.0821929
  -0.0860993
  -0.0891761
  -0.0913938
  -0.0927313
  -0.0931756
  -0.0927227
  -0.0913769
  -0.0891513
  -0.0860674
  -0.0821549
  -0.0774517
   -0.072003
  -0.0658615
  -0.0590862
  -0.0517425
  -0.0439012
  -0.0356378
  -0.0270319
  -0.0181665
  -0.0091268
  0.00467062
  0.00930432
   0.0138563
   0.0182824
   0.0225396
   0.0265867
   0.0303841
   0.0338947
   0.0370842
   0.0399212
   0.0423778
   0.0444296
   0.0460562
   0.0472412
   0.0479724
    0.048242
   0.0480468
    0.047388
   0.0462711
   0.0447062
   0.0427079
   0.0402947
   0.0374893
   0.0343182
   0.0308116
   0.0270028
    0.022928
   0.0186264
    0.014139
  0.00950899
  0.00478081
 -0.00597616
  -0.0118939
  -0.0176962
  -0.0233273
  -0.0287329
  -0.0338611
  -0.0386625
  -0.0430908
  -0.0471037
  -0.0506624
  -0.0537328
  -0.0562853
  -0.0582955
   -0.059744
  -0.0606171
  -0.0609063
   -0.060609
  -0.0597281
  -0.0582722
  -0.0562554
  -0.0536971
   -0.050622
  -0.0470599
  -0.0430451
  -0.0386162
  -0.0338161
  -0.0286909
  -0.0232901
  -0.0176656
  -0.0118717
 -0.00596423
  0.00415897
  0.00828554
   0.0123398
   0.0162823
    0.020075
   0.0236808
   0.0270645
   0.0301932
   0.0330361
   0.0355652
   0.0377557
   0.0395856
   0.0410369
   0.0420948
   0.0427484
   0.0429907
   0.0428188
   0.0422336
   0.0412401
   0.0398473
   0.0380679
   0.0359185
   0.0334193
   0.0305939
    0.027469
   0.0240744
   0.0204425
   0.0166079
   0.0126073
  0.00847925
  0.00426328
 -0.00311343
 -0.00619604
 -0.00921817
  -0.0121508
  -0.0149656
  -0.0176356
  -0.0201352
  -0.0224402
  -0.0245286
  -0.0263802
  -0.0279775
  -0.0293049
  -0.0303499
  -0.0311023
  -0.0315551
   -0.031704
  -0.0315476
  -0.0310875
  -0.0303281
  -0.0292769
  -0.0279441
  -0.0263425
  -0.0244876
  -0.0223974
  -0.0200919
  -0.0175935
  -0.0149263
   -0.012116
 -0.00918956
 -0.00617532
 -0.00310227
  0.00367656
  0.00732501
     0.01091
   0.0143968
   0.0177514
   0.0209413
   0.0239352
   0.0267039
   0.0292201
   0.0314591
   0.0333988
   0.0350198
   0.0363059
    0.037244
   0.0378246
   0.0380412
   0.0378913
   0.0373756
   0.0364985
   0.0352677
   0.0336947
    0.031794
   0.0295833
   0.0270837
   0.0243187
   0.0213145
   0.0180999
   0.0147055
   0.0111638
  0.00750873
   0.0037755
-0.000551065
 -0.00109605
 -0.00162973
   -0.002147
 -0.00264291
  -0.0031127
 -0.00355192
 -0.00395638
 -0.00432223
 -0.00464602
 -0.00492467
 -0.00515559
 -0.00533661
 -0.00546606
 -0.00554274
 -0.00556601
  -0.0055357
 -0.00545218
  -0.0053163
 -0.00512944
 -0.00489347
  -0.0046107
 -0.00428393
 -0.00391633
 -0.00351149
 -0.00307336
 -0.00260617
 -0.00211446
 -0.00160298
 -0.00107669
 -0.00054064
  0.00322323
  0.00642243
  0.00956658
   0.0126252
   0.0155684
   0.0183676
   0.0209954
    0.023426
   0.0256355
   0.0276021
   0.0293063
   0.0307311
   0.0318622
    0.032688
      0.0332
   0.0333927
   0.0332635
   0.0328132
   0.0320454
    0.030967
   0.0295878
   0.0279207
   0.0259811
   0.0237874
   0.0213603
   0.0187228
   0.0159001
    0.012919
  0.00980819
  0.00659739
  0.00331747
  0.00171122
  0.00340669
  0.00507004
  0.00668523
  0.00823668
  0.00970943
   0.0110892
   0.0123627
   0.0135177
   0.0145428
   0.0154283
   0.0161654
   0.0167472
   0.0171678
   0.0174231
   0.0175108
   0.0174297
   0.0171807
   0.0167661
   0.0161899
   0.0154574
   0.0145758
   0.0135534
   0.0124001
    0.011127
  0.00974616
  0.00827098
  0.00671561
    0.005095
  0.00342476
  0.00172095
  0.00279886
  0.00557754
  0.00830909
   0.0109669
   0.0135252
   0.0159589
   0.0182441
   0.0203585
   0.0222811
   0.0239929
    0.025477
   0.0267184
   0.0277046
   0.0284255
   0.0288736
   0.0290439
   0.0289343
   0.0285453
   0.0278799
   0.0269441
   0.0257464
   0.0242978
   0.0226119
   0.0207044
   0.0185934
   0.0162989
   0.0138428
   0.0112483
  0.00854046
  0.00574511
  0.00288913
  0.00367377
  0.00731284
   0.0108821
   0.0143472
   0.0176748
   0.0208327
   0.0237904
   0.0265196
   0.0289938
   0.0311891
   0.0330844
   0.0346614
   0.0359048
   0.0368025
   0.0373459
   0.0375297
   0.0373521
   0.0368146
   0.0359224
   0.0346841
   0.0331116
   0.0312199
   0.0290271
   0.0265544
   0.0238256
   0.0208669
   0.0177067
   0.0143755
   0.0109054
  0.00732968
  0.00368284
  0.00240335
  0.00479015
  0.00713723
  0.00942172
   0.0116213
   0.0137145
   0.0156807
   0.0175006
    0.019156
   0.0206307
   0.0219098
   0.0229805
    0.023832
   0.0244553
    0.024844
   0.0249938
   0.0249026
   0.0245708
   0.0240009
   0.0231981
   0.0221694
   0.0209245
   0.0194748
    0.017834
   0.0160174
   0.0140423
   0.0119274
  0.00969298
  0.00736029
  0.00495172
  0.00249039
  0.00533697
   0.0106232
   0.0158077
   0.0208405
   0.0256732
   0.0302592
   0.0345542
   0.0385169
   0.0421091
   0.0452961
   0.0480472
   0.0503358
   0.0521399
   0.0534419
   0.0542294
   0.0544947
   0.0542351
   0.0534531
   0.0521563
   0.0503569
   0.0480724
   0.0453246
   0.0421401
   0.0385493
   0.0345869
   0.0302909
   0.0257029
   0.0208668
   0.0158293
   0.0106388
  0.00534539
  0.00203667
  0.00406019
  0.00605088
  0.00798932
  0.00985653
   0.0116342
   0.0133048
   0.0148517
   0.0162598
   0.0175147
   0.0186041
   0.0195168
   0.0202435
   0.0207766
   0.0211105
   0.0212413
   0.0211673
   0.0208886
   0.0204074
   0.0197279
   0.0188561
   0.0177999
   0.0165692
   0.0151753
   0.0136315
   0.0119523
   0.0101536
  0.00825262
  0.00626741
  0.00421702
  0.00212116
  0.00670124
   0.0133385
   0.0198479
   0.0261667
    0.032234
   0.0379913
   0.0433832
   0.0483577
   0.0528669
   0.0568673
   0.0603202
   0.0631925
   0.0654565
   0.0670902
   0.0680778
   0.0684098
   0.0680831
   0.0671006
   0.0654717
   0.0632121
   0.0603436
   0.0568937
   0.0528955
   0.0483877
   0.0434134
   0.0380207
   0.0322614
    0.026191
   0.0198679
    0.013353
  0.00670904
  0.00169887
  0.00338774
  0.00505014
  0.00666981
  0.00823087
  0.00971792
   0.0111162
    0.012412
   0.0135921
   0.0146448
   0.0155595
   0.0163268
   0.0169387
   0.0173888
   0.0176723
   0.0177859
   0.0177278
   0.0174982
   0.0170988
   0.0165329
   0.0158055
   0.0149233
   0.0138942
   0.0127279
   0.0114353
   0.0100285
  0.00852094
  0.00692687
  0.00526152
  0.00354084
  0.00178135
  0.00776706
   0.0154598
   0.0230042
   0.0303276
   0.0373593
   0.0440317
   0.0502805
   0.0560454
   0.0612709
   0.0659066
    0.069908
   0.0732363
   0.0758594
   0.0777521
   0.0788961
   0.0792802
   0.0789009
   0.0777617
   0.0758734
   0.0732543
   0.0699295
    0.065931
   0.0612973
    0.056073
   0.0503083
   0.0440588
   0.0373846
     0.03035
   0.0230226
   0.0154731
  0.00777422
  0.00139008
  0.00277303
  0.00413531
  0.00546359
  0.00674476
  0.00796614
  0.00911559
   0.0101816
   0.0111535
   0.0120214
   0.0127764
   0.0134107
   0.0139178
   0.0142921
   0.0145296
   0.0146274
    0.014584
   0.0143994
   0.0140748
   0.0136128
   0.0130176
   0.0122943
   0.0114496
   0.0104913
  0.00942832
  0.00827059
  0.00702906
  0.00571551
  0.00434246
  0.00292305
   0.0014709
  0.00853493
   0.0169881
   0.0252782
   0.0333253
   0.0410519
   0.0483835
   0.0552495
   0.0615838
   0.0673253
   0.0724188
    0.076815
   0.0804718
   0.0833536
   0.0854329
   0.0866893
    0.087111
   0.0866938
   0.0854415
   0.0833664
   0.0804882
   0.0768346
   0.0724409
   0.0673494
    0.061609
   0.0552749
   0.0484082
   0.0410749
   0.0333457
    0.025295
   0.0170003
  0.00854147
  0.00111049
  0.00221641
  0.00330691
  0.00437126
  0.00539892
  0.00637966
  0.00730366
   0.0081616
  0.00894477
  0.00964517
   0.0102555
   0.0107695
   0.0111816
   0.0114872
    0.011683
   0.0117665
   0.0117364
   0.0115925
   0.0113357
   0.0109679
   0.0104923
  0.00991314
   0.0092355
  0.00846562
  0.00761061
  0.00667845
   0.0056779
  0.00461844
  0.00351013
  0.00236356
  0.00118975
  0.00900547
   0.0179247
   0.0266716
   0.0351621
   0.0433144
   0.0510499
   0.0582941
   0.0649771
   0.0710347
   0.0764086
   0.0810468
   0.0849046
   0.0879449
   0.0901382
   0.0914636
   0.0919081
   0.0914676
   0.0901461
   0.0879563
   0.0849194
   0.0810645
   0.0764286
   0.0710565
       0.065
    0.058317
   0.0510722
   0.0433352
   0.0351806
   0.0266868
   0.0179356
  0.00901138
 0.000860314
   0.0017183
  0.00256553
   0.0033936
  0.00419428
  0.00495952
   0.0056816
  0.00635315
  0.00696728
  0.00751761
  0.00799834
  0.00840436
  0.00873124
  0.00897531
  0.00913369
  0.00920434
  0.00918607
  0.00907856
  0.00888236
  0.00859891
  0.00823051
   0.0077803
  0.00725225
  0.00665113
  0.00598241
  0.00525231
  0.00446762
  0.00363575
  0.00276458
  0.00186242
 0.000937922
  0.00917932
   0.0182706
   0.0271864
   0.0358406
   0.0441501
   0.0520347
   0.0594185
   0.0662303
   0.0724046
   0.0778817
    0.082609
    0.086541
   0.0896396
    0.091875
   0.0932256
   0.0936785
   0.0932291
    0.091882
   0.0896498
   0.0865542
   0.0826248
   0.0778996
    0.072424
   0.0662506
   0.0594389
   0.0520546
   0.0441687
   0.0358571
   0.0271999
   0.0182804
  0.00918459
 0.000639767
  0.00127914
  0.00191179
  0.00253142
   0.0031318
  0.00370685
  0.00425066
  0.00475763
  0.00522245
  0.00564019
  0.00600636
  0.00631695
  0.00656848
    0.006758
  0.00688319
  0.00694232
  0.00693434
  0.00685883
  0.00671606
  0.00650694
  0.00623307
  0.00589669
  0.00550069
  0.00504854
  0.00454432
  0.00399263
  0.00339858
  0.00276772
    0.002106
  0.00141973
 0.000715462
  0.00905726
   0.0180276
   0.0268247
   0.0353637
   0.0435626
   0.0513421
   0.0586274
   0.0653483
   0.0714402
   0.0768443
   0.0815085
   0.0853878
    0.088445
   0.0906504
   0.0919829
   0.0924295
   0.0919859
   0.0906565
    0.088454
   0.0853995
   0.0815224
     0.07686
   0.0714572
   0.0653661
   0.0586453
   0.0513595
   0.0435788
   0.0353782
   0.0268365
   0.0180362
  0.00906187
  0.00044904
 0.000899289
  0.00134626
  0.00178546
  0.00221241
   0.0026227
  0.00301206
  0.00337636
  0.00371171
  0.00401443
  0.00428117
  0.00450889
  0.00469491
  0.00483696
  0.00493316
   0.0049821
  0.00498283
  0.00493486
   0.0048382
  0.00469334
  0.00450127
  0.00426345
   0.0039818
  0.00365874
  0.00329707
  0.00290005
  0.00247128
  0.00201473
  0.00153468
  0.00103566
 0.000522454
  0.00864004
   0.0171972
    0.025589
   0.0337346
   0.0415556
   0.0489767
   0.0559263
   0.0623375
   0.0681486
   0.0733034
   0.0777526
    0.081453
   0.0843691
   0.0864728
   0.0877436
   0.0881695
   0.0877464
    0.086478
   0.0843768
    0.081463
   0.0777644
   0.0733169
   0.0681631
   0.0623528
   0.0559417
   0.0489917
   0.0415696
    0.033747
   0.0255992
   0.0172046
  0.00864403
 0.000288271
 0.000579041
 0.000869374
  0.00115629
   0.0014368
  0.00170793
  0.00196676
  0.00221045
  0.00243627
  0.00264164
  0.00282416
  0.00298161
  0.00311203
  0.00321369
  0.00328513
   0.0033252
  0.00333303
   0.0033081
   0.0032502
  0.00315946
  0.00303637
  0.00288172
  0.00269666
  0.00248266
   0.0022415
  0.00197527
  0.00168631
  0.00137725
  0.00105094
 0.000710445
 0.000359004
  0.00792867
   0.0157812
    0.023482
   0.0309569
   0.0381338
   0.0449437
    0.051321
   0.0572042
   0.0625366
    0.067267
   0.0713496
   0.0747453
   0.0774211
   0.0793513
   0.0805173
    0.080908
   0.0805196
   0.0793558
   0.0774275
   0.0747535
   0.0713596
   0.0672782
   0.0625489
   0.0572169
   0.0513339
   0.0449562
   0.0381455
   0.0309672
   0.0234905
   0.0157874
  0.00793198
 0.000157539
 0.000318553
  0.00048137
 0.000644254
 0.000805424
 0.000963077
   0.0011154
  0.00126061
  0.00139695
  0.00152271
  0.00163629
  0.00173617
  0.00182095
  0.00188936
  0.00194029
  0.00197281
  0.00198614
  0.00197973
  0.00195321
  0.00190642
  0.00183943
  0.00175252
  0.00164619
  0.00152116
  0.00137836
  0.00121893
  0.00104421
 0.000855701
 0.000655113
 0.000444288
 0.000225215
  0.00692411
   0.0137817
   0.0205068
   0.0270346
   0.0333022
   0.0392493
   0.0448185
   0.0499562
   0.0546129
   0.0587437
    0.062309
   0.0652743
   0.0676109
   0.0692964
   0.0703147
   0.0706559
   0.0703166
   0.0693001
   0.0676162
    0.065281
    0.062317
   0.0587528
   0.0546226
   0.0499663
   0.0448288
   0.0392593
   0.0333115
   0.0270429
   0.0205136
   0.0137867
  0.00692677
 5.68595e-05
 0.000117869
 0.000182331
 0.000249471
 0.000318447
 0.000388361
 0.000458271
 0.000527199
 0.000594149
 0.000658118
 0.000718109
 0.000773145
 0.000822284
 0.000864631
 0.000899349
 0.000925676
 0.000942934
 0.000950538
 0.000948009
 0.000934981
 0.000911207
 0.000876568
 0.000831073
 0.000774865
 0.000708222
 0.000631555
 0.000545406
 0.000450444
 0.000347463
  0.00023737
 0.000121178
  0.00562759
   0.0112011
   0.0166669
   0.0219723
   0.0270663
   0.0318996
    0.036426
   0.0406016
   0.0443863
   0.0477436
   0.0506412
   0.0530512
   0.0549503
   0.0563202
   0.0571477
   0.0574249
   0.0571491
   0.0563228
   0.0549541
   0.0530562
   0.0506472
   0.0477504
   0.0443936
   0.0406093
   0.0364338
   0.0319072
   0.0270733
   0.0219785
    0.016672
   0.0112048
  0.00562958
-1.38002e-05
-2.30702e-05
-2.78202e-05
-2.81447e-05
-2.42195e-05
-1.62984e-05
-4.70756e-06
   1.016e-05
 2.78514e-05
  4.7862e-05
 6.96433e-05
 9.26122e-05
 0.000116161
 0.000139666
 0.000162498
 0.000184035
 0.000203667
 0.000220811
 0.000234916
 0.000245477
 0.000252037
 0.000254202
  0.00025164
 0.000244095
 0.000231386
 0.000213411
 0.000190154
 0.000161684
 0.000128153
 8.98019e-05
 4.69505e-05
  0.00404036
  0.00804191
   0.0119661
   0.0157752
   0.0194324
   0.0229026
   0.0261522
   0.0291501
   0.0318673
   0.0342777
    0.036358
   0.0380882
   0.0394516
    0.040435
   0.0410291
   0.0412281
     0.04103
   0.0404368
   0.0394542
   0.0380915
    0.036362
   0.0342822
   0.0318722
   0.0291552
   0.0261574
   0.0229076
   0.0194371
   0.0157793
   0.0119695
  0.00804439
   0.0040417
-5.45114e-05
-0.000104401
-0.000149278
-0.000188838
-0.000222863
-0.000251225
-0.000273881
-0.000290872
-0.000302323
-0.000308434
-0.000309476
-0.000305786
-0.000297763
-0.000285853
-0.000270548
-0.000252373
 -0.00023188
-0.000209637
-0.000186221
-0.000162207
-0.000138159
-0.000114626
-9.21259e-05
-7.11446e-05
-5.21261e-05
-3.54667e-05
-2.15092e-05
-1.05384e-05
-2.77732e-06
 1.61583e-06
 2.54958e-06
  0.00216396
  0.00430712
  0.00640886
  0.00844892
   0.0104077
   0.0122662
   0.0140067
   0.0156123
   0.0170676
   0.0183585
   0.0194726
   0.0203993
   0.0211295
   0.0216562
   0.0219743
   0.0220809
   0.0219748
   0.0216571
   0.0211308
   0.0204009
   0.0194746
   0.0183607
     0.01707
   0.0156148
   0.0140093
   0.0122687
     0.01041
  0.00845099
  0.00641057
  0.00430836
  0.00216463
  2.8026e-45
  4.2039e-45
  4.2039e-45
  4.2039e-45
  4.2039e-45
  4.2039e-45
  4.2039e-45
  4.2039e-45
  4.2039e-45
  4.2039e-45
  4.2039e-45
  4.2039e-45
  4.2039e-45
  4.2039e-45
  4.2039e-45
  4.2039e-45
  4.2039e-45
  4.2039e-45
  4.2039e-45
  4.2039e-45
  4.2039e-45
  4.2039e-45
  4.2039e-45
  4.2039e-45
  4.2039e-45
  4.2039e-45
  4.2039e-45
  4.2039e-45
  4.2039e-45
  4.2039e-45
  2.8026e-45
-2.24208e-44
-2.24208e-44
-2.24208e-44
 2.24208e-44
 2.24208e-44
 2.24208e-44
-2.24208e-44
-2.24208e-44
-2.24208e-44
-2.24208e-44
-2.24208e-44
-2.24208e-44
-2.24208e-44
 2.24208e-44
-2.24208e-44
-2.24208e-44
 2.24208e-44
 2.24208e-44
 2.24208e-44
 2.24208e-44
-2.24208e-44
-2.24208e-44
-2.24208e-44
 2.24208e-44
-2.24208e-44
-2.24208e-44
 2.24208e-44
 2.24208e-44
 2.24208e-44
 2.24208e-44
-2.24208e-44
