0.999999
0.926696
0.8632799999999999
0.807796
0.758867
0.715504
0.676963
0.642649
0.612057
0.58475
0.56035
0.5385270000000001
0.518991
0.501483
0.48575799999999997
0.47160799999999997
0.458855
0.44731499999999996
0.436831
0.42727200000000004
0.418493
0.41038
0.402801
0.39566100000000004
0.388815
0.382127
0.375431
0.368421
0.36036999999999997
0.351545
0.342159
0.332339
0.322179
0.311751
0.301117
0.29032800000000003
0.27943
0.268462
0.257463
0.24646700000000002
0.23550900000000002
0.224622
0.213838
0.20319
0.192705
0.182412
0.172334
0.16249
0.152896
0.143565
0.13450399999999998
0.125719
0.117217
0.108998
0.10106699999999999
0.0934262
0.0860776
0.0790237
0.0722668
0.06580880000000001
0.0596514
0.0537956
0.048242
0.0429907
0.0380412
0.0333927
0.0290439
0.0249938
0.021241299999999998
0.0177859
0.0146274
0.011766500000000001
0.00920434
0.00694232
0.004982100000000001
0.0033251999999999995
0.00197281
0.0009256760000000001
0.000184035
-0.000252373
4.203899999999999e-45
