-7.884360000000001
-7.6643
-7.4473
-7.23337
-7.02252
-6.81473
-6.61002
-6.40838
-6.20982
-6.01434
-5.82195
-5.632619999999999
-5.44638
-5.263240000000001
-5.08315
-4.90615
-4.73225
-4.56139
-4.39363
-4.2289699999999995
-4.06736
-3.9088199999999995
-3.75336
-3.60097
-3.45166
-3.3054300000000003
-3.16227
-3.02219
-2.8852
-2.75127
-2.62042
-2.49265
-2.36796
-2.2463599999999997
-2.12784
-2.0123900000000003
-1.9000400000000002
-1.79076
-1.6845700000000001
-1.5814700000000002
-1.48145
-1.3845100000000001
-1.2906600000000001
-1.1999
-1.11222
-1.02762
-0.9461069999999999
-0.8676780000000001
-0.7923319999999999
-0.720068
-0.650886
-0.584785
-0.5217649999999999
-0.46182399999999996
-0.404964
-0.351182
-0.300479
-0.252853
-0.208302
-0.166826
-0.128422
-0.09308949999999999
-0.060826
-0.0316291
-0.00549614
0.017575900000000002
0.0375902
0.0545508
0.0684617
0.079328
0.0871545
0.09194760000000002
0.0937137
0.0924604
0.0881961
0.0809304
0.07067380000000001
0.057438300000000005
0.0412371
0.0220854
-2.24208e-44
