Residual: 
3.32818
2.00638
1.59034
1.41566
1.3235
1.25985
1.20708
1.15942
1.11494
1.0729
1.03297
0.994952
0.958722
0.924171
0.891206
0.859744
0.829711
0.801034
0.773648
0.747492
0.722505
0.698633
0.675822
0.654023
0.633189
0.613273
0.594232
0.576026
0.558615
0.541962
0.526032
0.51079
0.496204
0.482244
0.468881
0.456086
0.443832
0.432095
0.420851
0.410075
0.399747
0.389846
0.380351
0.371244
0.362506
0.354122
0.346073
0.338344
0.330922
0.323791
0.316938
0.31035
0.304016
0.297923
0.292061
0.286419
0.280988
0.275757
0.270717
0.265861
0.26118
0.256666
0.252312
0.248111
0.244055
0.24014
0.236359
0.232705
0.229174
0.225761
0.22246
0.219267
0.216177
0.213187
0.210291
0.207487
0.20477
0.202137
0.199585
0.197111
0.194711
0.192382
0.190123
0.18793
0.185801
0.183734
0.181725
0.179774
0.177878
0.176034
0.174242
0.172499
0.170804
0.169155
0.16755
0.165988
0.164467
0.162987
0.161545
0.16014
0.158772
0.157439
0.156139
0.154873
0.153638
0.152434
0.15126
0.150115
0.148997
0.147907
0.146844
0.145805
0.144792
0.143802
0.142836
0.141892
0.14097
0.14007
0.13919
0.138331
0.137491
0.136669
0.135867
0.135082
0.134314
0.133564
0.132829
0.132111
0.131408
0.130721
0.130048
0.129389
0.128744
0.128113
0.127495
0.126889
0.126296
0.125715
0.125146
0.124588
0.124042
0.123506
0.122981
0.122466
0.121961
0.121466
0.12098
0.120503
0.120036
0.119577
0.119127
0.118685
0.118251
0.117825
0.117407
0.116996
0.116593
0.116197
0.115807
0.115425
0.115049
0.114679
0.114316
0.113958
0.113607
0.113261
0.112922
0.112587
0.112258
0.111934
0.111616
0.111302
0.110993
0.110689
0.11039
0.110095
0.109805
0.109519
0.109237
0.108959
0.108685
0.108415
0.108149
0.107887
0.107628
0.107373
0.107121
0.106873
0.106628
0.106386
0.106148
0.105912
0.10568
0.10545
0.105224
0.105
0.104779
0.104561
0.104345
0.104132
0.103922
0.103714
0.103508
0.103305
0.103104
0.102905
0.102708
0.102514
0.102322
0.102131
0.101943
0.101757
0.101573
0.101391
0.10121
0.101032
0.100855
0.10068
0.100506
0.100335
0.100165
0.0999964
0.0998296
0.0996643
0.0995006
0.0993383
0.0991775
0.0990182
0.0988602
0.0987037
0.0985484
0.0983945
0.0982419
0.0980906
0.0979405
0.0977916
0.097644
0.0974974
0.0973522
0.097208
0.0970649
0.0969229
0.0967821
0.0966422
0.0965034
0.0963656
0.0962288
0.0960931
0.0959583
0.0958243
0.0956914
0.0955594
0.0954283
0.095298
0.0951686
0.09504
0.0949123
0.0947854
0.0946593
0.0945341
0.0944096
0.0942859
0.0941629
0.0940406
0.0939192
0.0937984
0.0936783
0.0935589
0.0934402
0.0933222
0.0932049
0.0930882
0.0929721
0.0928567
0.0927418
0.0926276
0.0925141
0.0924011
0.0922887
0.0921768
0.0920655
0.0919548
0.0918446
0.091735
0.0916258
0.0915172
0.0914091
0.0913016
0.0911945
0.091088
0.0909819
0.0908763
0.0907711
0.0906665
0.0905623
0.0904585
0.0903552
0.0902523
0.0901499
0.0900478
0.0899462
0.089845
0.0897442
0.0896439
0.0895439
0.0894442
0.089345
0.0892462
0.0891478
0.0890497
0.088952
0.0888546
0.0887576
0.0886609
0.0885646
0.0884686
0.0883731
0.0882777
0.0881827
0.0880882
0.0879938
0.0878998
0.087806
0.0877126
0.0876196
0.0875268
0.0874343
0.0873421
0.0872502
0.0871585
0.0870672
0.0869761
0.0868853
0.0867948
0.0867045
0.0866145
0.0865248
0.0864353
0.0863461
0.0862571
0.0861684
0.08608
0.0859917
0.0859036
0.085816
0.0857284
0.0856412
0.0855541
0.0854672
0.0853806
0.0852942
0.0852081
0.0851222
0.0850364
0.0849509
0.0848656
0.0847805
0.0846955
0.0846109
0.0845264
0.0844421
0.0843581
0.0842741
0.0841904
0.0841069
0.0840235
0.0839404
0.0838574
0.0837747
0.083692
0.0836096
0.0835274
0.0834455
0.0833635
0.0832818
0.0832002
0.0831188
0.0830377
0.0829565
0.0828757
0.082795
0.0827145
0.082634
0.0825538
0.0824738
0.0823939
0.082314
0.0822344
0.082155
0.0820757
0.0819964
0.0819174
0.0818385
0.0817599
0.0816812
0.0816027
0.0815245
0.0814463
0.0813682
0.0812904
0.0812126
0.0811351
0.0810576
0.0809803
0.080903
0.0808259
0.0807489
0.080672
0.0805954
0.0805188
0.0804424
0.080366
0.0802898
0.0802136
0.0801378
0.080062
0.0799862
0.0799105
0.0798351
0.0797598
0.0796845
0.0796093
0.0795343
0.0794594
0.0793846
0.0793099
0.0792354
0.0791608
0.0790865
0.0790123
0.0789381
0.0788641
0.0787902
0.0787163
0.0786425
0.078569
0.0784956
0.0784221
0.0783488
0.0782756
0.0782025
0.0781295
0.0780567
0.0779839
0.0779112
0.0778386
0.0777661
0.0776937
0.0776213
0.0775491
0.077477
0.077405
0.0773331
0.0772612
0.0771895
0.0771178
0.0770463
0.0769749
0.0769036
0.0768321
0.076761
0.0766898
0.0766189
0.0765479
0.0764771
0.0764063
0.0763357
0.0762651
0.0761946
0.0761242
0.0760538
0.0759836
0.0759135
0.0758435
0.0757733
0.0757034
0.0756337
0.0755638
0.0754943
0.0754247
0.0753551
0.0752858
0.0752164
0.0751472
0.0750779
0.0750089
0.0749398
0.074871
0.074802
0.0747333
0.0746644
0.0745959
0.0745274
0.0744589
0.0743904
0.0743222
0.0742539
0.0741858
0.0741176
0.0740496
0.0739816
0.0739137
0.0738459
0.0737782
0.0737104
0.073643
0.0735753
0.0735079
0.0734405
0.0733732
0.073306
0.0732388
0.0731717
0.0731046
0.0730378
0.0729709
0.072904
0.0728374
0.0727706
0.0727041
0.0726376
0.072571
0.0725046
0.0724381
0.0723719
0.0723057
0.0722396
0.0721735
0.0721075
0.0720415
0.0719756
0.0719098
0.0718441
0.0717783
0.0717128
0.0716472
0.0715818
0.0715163
0.071451
0.0713856
0.0713204
0.0712552
0.0711902
0.0711251
0.0710601
0.0709952
0.0709303
0.0708657
0.0708009
0.0707362
0.0706716
0.0706071
0.0705424
0.0704781
0.0704137
0.0703495
0.0702851
0.0702212
0.070157
0.0700929
0.0700289
0.0699648
0.069901
0.0698373
0.0697735
0.0697098
0.0696461
0.0695826
0.069519
0.0694555
0.0693921
0.0693287
0.0692654
0.0692023
0.069139
0.069076
0.0690129
0.0689499
0.0688869
0.0688242
0.0687611
0.0686986
0.0686357
0.0685731
0.0685104
0.0684478
0.0683854
0.068323
0.0682606
0.0681982
0.0681359
0.0680738
0.0680116
0.0679495
0.0678875
0.0678253
0.0677635
0.0677016
0.0676398
0.067578
0.0675163
0.0674546
0.0673931
0.0673314
0.0672699
0.0672085
0.0671471
0.0670857
0.0670245
0.0669632
0.066902
0.0668409
0.0667799
0.0667187
0.0666578
0.0665968
0.0665361
0.0664752
0.0664145
0.0663538
0.0662931
0.0662324
0.0661719
0.0661114
0.066051
0.0659906
0.0659302
0.0658699
0.0658096
0.0657495
0.0656893
0.0656293
0.0655693
0.0655093
0.0654493
0.0653895
0.0653296
0.0652698
0.0652102
0.0651504
0.0650908
0.0650313
0.0649717
0.0649122
0.0648528
0.0647934
0.0647341
0.0646748
0.0646155
0.0645564
0.0644973
0.0644382
0.0643791
0.0643201
0.0642613
0.0642023
0.0641435
0.0640847
0.064026
0.0639674
0.0639086
0.0638503
0.0637917
0.0637333
0.0636747
0.0636165
0.0635579
0.0634997
0.0634415
0.0633833
0.0633252
0.063267
0.063209
0.0631509
0.0630931
0.063035
0.0629773
0.0629195
0.0628617
0.0628041
0.0627464
0.0626887
0.0626311
0.0625737
0.0625161
0.0624587
0.0624013
0.0623441
0.0622868
0.0622295
0.0621724
0.0621152
0.0620581
0.0620012
0.0619441
0.0618872
0.0618303
0.0617734
0.0617167
0.0616598
0.0616031
0.0615464
0.0614899
0.0614332
0.0613767
0.0613203
0.0612638
0.0612075
0.0611513
0.0610948
0.0610386
0.0609824
0.0609262
0.0608701
0.0608141
0.0607579
0.060702
0.0606461
0.0605902
0.0605344
0.0604786
0.0604229
0.0603672
0.0603115
0.0602559
0.0602003
0.0601448
0.0600894
0.0600339
0.0599785
0.0599234
0.059868
0.0598128
0.0597575
0.0597024
0.0596472
0.0595922
0.0595373
0.0594823
0.0594274
0.0593725
0.0593176
0.0592628
0.0592082
0.0591534
0.0590988
0.0590442
0.0589896
0.0589352
0.0588806
0.0588261
0.0587718
0.0587175
0.0586631
0.0586089
0.0585546
0.0585006
0.0584464
0.0583924
0.0583383
0.0582843
0.0582304
0.0581765
0.0581225
0.0580689
0.0580151
0.0579614
0.0579077
0.057854
0.0578006
0.057747
0.0576935
0.0576399
0.0575867
0.0575332
0.0574799
0.0574266
0.0573733
0.0573203
0.0572671
0.0572139
0.057161
0.0571079
0.0570549
0.0570019
0.0569492
0.0568963
0.0568436
0.0567906
0.0567379
0.0566854
0.0566328
0.0565802
0.0565277
0.056475
0.0564228
0.0563702
0.056318
0.0562656
0.0562134
0.0561611
0.056109
0.0560566
0.0560047
0.0559525
0.0559006
0.0558486
0.0557968
0.0557448
0.0556929
0.0556411
0.0555892
0.0555376
0.055486
0.0554343
0.0553828
0.0553313
0.0552797
0.0552281
0.0551767
0.0551255
0.0550742
0.0550228
0.0549716
0.0549204
0.0548693
0.0548181
0.054767
0.0547159
0.0546649
0.0546141
0.0545633
0.0545123
0.0544614
0.0544107
0.05436
0.0543093
0.0542585
0.0542079
0.0541575
0.0541068
0.0540564
0.054006
0.0539556
0.0539051
0.0538548
0.0538046
0.0537543
0.0537041
0.053654
0.0536038
0.0535539
0.0535038
0.0534538
0.0534039
0.0533542
0.0533041
0.0532543
0.0532044
0.0531549
0.053105
0.0530554
0.0530058
0.0529564
0.0529066
0.0528573
0.0528077
0.0527585
0.0527089
0.0526597
0.0526104
0.0525613
0.0525121
0.0524629
0.0524137
0.0523648
0.0523156
0.0522668
0.0522176
0.0521689
0.05212
0.0520712
0.0520223
0.0519737
0.051925
0.0518763
0.0518276
0.051779
0.0517305
0.051682
0.0516336
0.0515851
0.0515367
0.0514885
0.0514402
0.0513918
0.0513437
0.0512955
0.0512474
0.0511993
0.0511511
0.0511033
0.0510553
0.0510074
0.0509595
0.0509115
0.0508639
0.0508161
0.0507684
0.0507206
0.0506731
0.0506254
0.0505779
0.0505304
0.0504829
0.0504353
0.050388
0.0503408
0.0502933
0.0502459
0.0501988
0.0501515
0.0501043
0.0500573
0.0500103
0.0499632
0.0499163
0.0498693
0.0498223
0.0497754
0.0497286
0.0496817
0.0496349
0.0495883
0.0495415
0.0494949
0.0494485
0.0494019
0.0493552
0.0493089
0.0492624
0.049216
0.0491697
0.0491234
0.049077
0.0490308
0.0489848
0.0489384
0.0488924
0.0488464
0.0488002
0.0487542
0.0487083
0.0486623
0.0486166
0.0485706
0.0485247
0.048479
0.0484334
0.0483876
0.0483419
0.0482964
0.048251
0.0482053
0.0481598
0.0481142
0.0480689
0.0480235
0.0479781
0.0479329
0.0478876
0.0478425
0.0477973
0.0477521
0.0477069
0.0476619
0.0476168
0.0475719
0.047527
0.0474822
0.0474374
0.0473924
0.0473476
0.0473027
0.0472581
0.0472134
0.047169
0.0471242
0.0470798
0.0470353
0.0469907
0.0469463
0.0469018
0.0468575
0.0468133
0.046769
0.0467246
0.0466804
0.0466363
0.0465922
0.0465481
0.046504
0.0464602
0.0464161
0.0463721
0.0463281
0.0462843
0.0462405
0.0461967
0.046153
0.0461093
0.0460655
0.046022
0.0459783
0.0459347
0.0458913
0.0458478
0.0458042
0.0457611
0.0457176
0.0456741
0.0456309
0.0455873
0.0455444
0.0455015
0.0454583
0.0454151
0.0453722
0.0453289
0.045286
0.045243
0.0452003
0.0451573
0.0451146
0.0450718
0.0450289
0.0449862
0.0449434
0.0449007
0.0448582
0.0448156
0.0447731
0.0447306
0.0446883
0.0446457
0.0446033
0.044561
0.0445187
0.0444765
0.0444343
0.0443919
0.0443497
0.0443077
0.0442655
0.0442235
0.0441814
0.0441396
0.0440976
0.0440557
0.0440138
0.0439719
0.0439303
0.0438885
0.0438468
0.0438053
0.0437634
0.043722
0.0436804
0.0436387
0.0435973
0.043556
0.0435143
0.043473
0.0434317
0.0433903
0.0433491
0.0433079
0.0432668
0.0432255
0.0431844
0.0431433
0.0431024
0.0430612
0.0430204
0.0429793
0.0429384
0.0428976
0.0428567
0.042816
0.0427751
0.0427344
0.0426937
0.042653
0.0426125
0.0425719
0.0425314
0.0424909
0.0424505
0.04241
0.0423696
0.0423291
0.0422891
0.0422486
0.0422084
0.0421682
0.0421279
0.0420878
0.0420477
0.0420075
0.0419676
0.0419276
0.0418876
0.0418477
0.0418078
0.0417679
0.0417281
0.0416883
0.0416486
0.0416089
0.0415691
0.0415296
0.0414898
0.0414503
0.0414109
0.0413713
0.0413319
0.0412924
0.0412531
0.0412137
0.0411744
0.0411351
0.0410958
0.0410566
0.0410176
0.0409782
0.0409395
0.0409001
0.0408612
0.0408221
0.0407831
0.0407442
0.0407053
0.0406665
0.0406277
0.0405888
0.0405502
0.0405114
0.0404727
0.040434
0.0403954
0.0403567
0.0403182
0.0402798
0.0402412
0.040203
0.0401646
0.0401261
0.0400879
0.0400494
0.0400111
0.039973
0.0399347
0.0398966
0.0398583
0.0398204
0.0397824
0.0397442
0.0397063
0.0396684
0.0396303
0.0395925
0.0395547
0.0395168
0.039479
0.0394415
0.0394036
0.0393659
0.0393282
0.0392906
0.0392531
0.0392156
0.0391782
0.0391406
0.0391033
0.0390657
0.0390282
0.038991
0.0389538
0.0389165
0.0388793
0.0388421
0.0388048
0.0387678
0.0387305
0.0386936
0.0386564
0.0386195
0.0385827
0.0385458
0.0385087
0.0384717
0.038435
0.0383983
0.0383615
0.0383246
0.0382881
0.0382514
0.0382147
0.0381782
0.0381417
0.0381052
0.0380688
0.0380322
0.0379958
0.0379595
0.0379232
0.0378867
0.0378504
0.0378141
0.0377782
0.0377418
0.0377058
0.0376694
0.0376334
0.0375975
0.0375615
0.0375254
0.0374894
0.0374536
0.0374178
0.037382
0.037346
0.03731
0.0372745
0.0372387
0.0372029
0.0371672
0.0371315
0.0370962
0.0370605
0.0370251
0.0369894
0.0369541
0.0369186
0.0368831
0.0368478
0.0368125
0.0367774
0.0367419
0.0367067
0.0366716
0.0366364
0.0366013
0.0365661
0.036531
0.0364959
0.0364613
0.0364261
0.0363909
0.036356
0.0363213
0.0362865
0.0362518
0.0362168
0.036182
0.0361474
0.0361128
0.0360782
0.0360435
0.0360091
0.0359743
0.0359399
0.0359054
0.0358708
0.0358365
0.035802
0.0357677
0.0357333
0.035699
0.0356647
0.0356305
0.0355965
0.0355621
0.0355281
0.0354939
0.0354599
0.035426
0.0353918
0.0353578
0.0353236
0.0352898
0.0352561
0.0352223
0.0351886
0.0351547
0.0351209
0.0350873
0.0350535
0.0350198
0.0349862
0.0349526
0.034919
0.0348854
0.034852
0.0348184
0.0347851
0.0347515
0.0347182
0.0346848
0.0346515
0.0346183
0.0345851
0.0345516
0.0345186
0.0344855
0.0344525
0.0344194
0.0343862
0.034353
0.0343201
0.0342873
0.0342543
0.0342212
0.0341885
0.0341556
0.0341228
0.0340898
0.0340568
0.0340244
0.0339918
0.033959
0.0339263
0.0338938
0.0338613
0.033829
0.0337961
0.0337636
0.0337312
0.0336987
0.0336664
0.0336342
0.0336019
0.0335694
0.0335371
0.0335048
0.0334729
0.0334405
0.0334084
0.0333763
0.0333441
0.0333121
0.03328
0.0332478
0.033216
0.0331839
0.0331523
0.0331203
0.0330886
0.0330566
0.0330247
0.0329932
0.0329614
0.0329297
0.032898
0.0328664
0.0328347
0.0328031
0.0327715
0.0327402
0.0327085
0.0326771
0.0326457
0.0326143
0.0325829
0.0325515
0.0325202
0.0324889
0.0324578
0.0324265
0.0323952
0.0323641
0.0323328
0.0323019
0.0322706
0.0322396
0.0322086
0.0321776
0.0321468
0.0321158
0.0320848
0.032054
0.0320232
0.0319921
0.0319616
0.0319306
0.0319001
0.0318694
0.0318386
0.031808
0.0317775
0.0317469
0.0317163
0.0316857
0.0316553
0.0316246
0.0315944
0.0315638
0.0315334
0.0315032
0.0314726
0.0314427
0.0314122
0.031382
0.0313518
0.0313216
0.0312916
0.0312614
0.0312312
0.0312013
0.0311712
0.0311412
0.0311111
0.0310814
0.0310513
0.0310215
0.0309915
0.0309618
0.0309319
0.0309021
0.0308724
0.0308427
0.030813
0.0307831
0.0307536
0.0307241
0.0306946
0.030665
0.0306353
0.0306058
0.0305763
0.0305469
0.0305174
0.030488
0.0304587
0.0304295
0.0304003
0.0303707
0.0303417
0.0303124
0.0302831
0.0302538
0.0302248
0.0301957
0.0301666
0.0301376
0.0301086
0.0300794
0.0300506
0.0300216
0.0299926
0.0299638
0.0299349
0.0299061
0.0298773
0.0298486
0.0298197
0.0297909
0.0297623
0.0297334
0.0297051
0.0296765
0.0296476
0.0296194
0.0295907
0.0295622
0.0295338
0.0295051
0.0294768
0.0294484
0.0294199
0.0293916
0.0293635
0.029335
0.0293068
0.0292785
0.0292504
0.0292223
0.0291941
0.029166
0.0291377
0.0291097
0.0290816
0.0290537
0.0290258
0.0289976
0.0289697
0.0289419
0.0289137
0.0288861
0.0288582
0.0288306
0.0288027
0.0287747
0.0287469
0.0287194
0.0286915
0.0286643
0.0286365
0.0286089
0.0285813
0.0285537
0.0285261
0.0284987
0.0284714
0.0284439
0.0284164
0.0283892
0.0283619
0.0283342
0.028307
0.0282799
0.0282526
0.0282253
0.0281979
0.0281709
0.0281436
0.0281166
0.0280895
0.0280625
0.0280356
0.0280083
0.0279814
0.0279545
0.0279274
0.0279006
0.0278737
0.0278466
0.0278199
0.0277932
0.0277662
0.0277395
0.0277128
0.0276859
0.0276596
0.0276327
0.0276059
0.0275796
0.0275529
0.0275263
0.0274997
0.0274733
0.0274467
0.0274203
0.0273939
0.0273674
0.0273409
0.0273147
0.0272884
0.0272621
0.0272358
0.0272095
0.0271835
0.027157
0.0271308
0.0271047
0.0270787
0.0270527
0.0270264
0.0270002
0.0269741
0.0269483
0.0269222
0.0268963
0.0268705
0.0268446
0.0268186
0.0267928
0.0267669
0.026741
0.0267155
0.0266896
0.0266639
0.026638
0.0266125
0.0265869
0.026561
0.0265354
0.02651
0.0264845
0.0264589
0.0264335
0.0264078
0.0263826
0.0263569
0.0263316
0.0263063
0.0262808
0.0262554
0.0262302
0.0262047
0.0261795
0.0261543
0.0261291
0.0261038
0.0260787
0.0260537
0.0260285
0.0260033
0.0259785
0.0259532
0.0259283
0.0259031
0.0258782
0.0258532
0.0258282
0.0258033
0.0257784
0.0257537
0.0257287
0.0257039
0.0256789
0.0256544
0.0256296
0.0256048
0.0255801
0.0255555
0.0255307
0.0255066
0.0254819
0.025457
0.0254326
0.0254081
0.0253836
0.025359
0.0253345
0.0253102
0.0252855
0.0252614
0.0252369
0.0252126
0.0251884
0.0251639
0.0251397
0.0251155
0.0250913
0.025067
0.0250428
0.0250187
0.0249948
0.0249705
0.0249464
0.0249223
0.0248983
0.0248743
0.0248504
0.0248263
0.0248024
0.0247786
0.0247546
0.0247307
0.0247068
0.0246832
0.0246591
0.0246354
0.0246116
0.0245879
0.0245641
0.0245404
0.024517
0.0244933
0.0244696
0.0244459
0.0244224
0.0243989
0.0243752
0.0243518
0.0243284
0.0243047
0.0242814
0.0242578
0.0242345
0.0242111
0.0241877
0.0241645
0.0241413
0.0241181
0.0240947
0.0240714
0.024048
0.024025
0.0240017
0.0239785
0.0239556
0.0239324
0.0239092
0.0238863
0.0238629
0.0238401
0.0238172
0.0237941
0.0237712
0.0237482
0.0237255
0.0237023
0.0236795
0.0236567
0.023634
0.023611
0.0235883
0.0235655
0.0235429
0.02352
0.0234973
0.0234747
0.0234521
0.0234295
0.0234072
0.0233844
0.0233617
0.0233389
0.0233169
0.0232943
0.023272
0.0232493
0.0232267
0.0232044
0.023182
0.0231595
0.0231376
0.0231149
0.0230926
0.0230705
0.0230481
0.023026
0.0230038
0.0229818
0.0229594
0.022937
0.022915
0.0228929
0.0228706
0.0228484
0.0228269
0.0228047
0.0227827
0.0227605
0.0227388
0.0227169
0.0226949
0.022673
0.0226514
0.0226293
0.0226075
0.0225856
0.0225639
0.0225421
0.0225203
0.0224986
0.0224769
0.0224551
0.0224335
0.0224118
0.0223902
0.0223686
0.0223471
0.0223253
0.022304
0.0222824
0.0222609
0.0222395
0.022218
0.0221966
0.022175
0.0221537
0.0221324
0.022111
0.0220895
0.0220683
0.0220468
0.0220257
0.0220043
0.0219832
0.021962
0.0219408
0.0219197
0.0218986
0.0218772
0.0218562
0.0218349
0.0218141
0.021793
0.0217718
0.021751
0.0217297
0.0217089
0.0216881
0.021667
0.0216461
0.0216254
0.0216043
0.0215835
0.0215628
0.0215419
0.0215213
0.0215005
0.0214797
0.0214589
0.0214379
0.0214174
0.0213968
0.0213761
0.0213555
0.0213347
0.0213143
0.0212937
0.0212731
0.0212526
0.021232
0.0212117
0.021191
0.0211706
0.0211502
0.0211297
0.0211091
0.0210892
0.0210687
0.0210484
0.021028
0.0210076
0.0209874
0.0209672
0.0209468
0.0209266
0.0209064
0.0208863
0.0208661
0.020846
0.020826
0.0208057
0.0207857
0.0207653
0.0207455
0.0207255
0.0207057
0.0206853
0.0206655
0.0206454
0.0206256
0.0206059
0.0205858
0.0205659
0.0205462
0.0205262
0.0205064
0.0204867
0.0204666
0.0204474
0.0204273
0.0204077
0.0203879
0.0203682
0.0203487
0.0203289
0.0203092
0.0202897
0.0202701
0.0202503
0.0202308
0.0202112
0.0201918
0.0201724
0.0201526
0.0201334
0.0201139
0.0200945
0.0200751
0.0200558
0.0200362
0.0200169
0.0199977
0.0199783
0.019959
0.0199397
0.0199204
0.0199012
0.0198821
0.0198629
0.0198437
0.0198246
0.0198053
0.0197861
0.019767
0.019748
0.0197289
0.0197098
0.0196907
0.0196718
0.0196528
0.0196339
0.0196147
0.0195958
0.019577
0.0195581
0.0195391
0.0195201
0.0195014
0.0194825
0.0194635
0.0194449
0.0194262
0.0194074
0.0193886
0.0193698
0.0193511
0.0193326
0.0193139
0.0192952
0.0192766
0.0192578
0.0192392
0.0192208
0.0192021
0.0191835
0.0191648
0.0191463
0.0191281
0.0191093
0.0190911
0.0190724
0.0190543
0.0190355
0.0190171
0.0189989
0.0189804
0.0189621
0.0189438
0.0189254
0.0189069
0.0188888
0.0188705
0.0188524
0.0188341
0.0188159
0.0187978
0.0187796
0.0187613
0.0187434
0.0187253
0.0187069
0.0186891
0.0186707
0.018653
0.0186348
0.0186169
0.0185989
0.0185806
0.018563
0.0185449
0.0185273
0.018509
0.0184912
0.0184733
0.0184555
0.0184375
0.0184196
0.0184019
0.0183842
0.0183665
0.0183486
0.0183307
0.0183129
0.0182953
0.0182778
0.0182602
0.0182423
0.0182249
0.0182072
0.0181896
0.0181719
0.0181541
0.0181367
0.018119
0.0181015
0.0180841
0.0180666
0.0180491
0.0180318
0.0180142
0.0179968
0.0179793
0.017962
0.0179446
0.0179272
0.0179099
0.0178926
0.0178753
0.0178581
0.0178409
0.0178235
0.0178062
0.0177889
0.0177718
0.0177547
0.0177374
0.0177203
0.017703
0.0176858
0.0176686
0.0176516
0.0176344
0.0176176
0.0176005
0.0175833
0.0175662
0.0175494
0.0175325
0.0175155
0.0174985
0.0174816
0.0174647
0.0174477
0.017431
0.017414
0.0173971
0.0173803
0.0173635
0.0173465
0.0173299
0.0173128
0.0172958
0.0172792
0.0172625
0.017246
0.0172293
0.0172126
0.0171958
0.0171793
0.0171628
0.017146
0.0171293
0.017113
0.0170963
0.0170796
0.0170631
0.0170465
0.0170302
0.0170136
0.0169972
0.0169808
0.016964
0.0169479
0.0169312
0.0169148
0.0168986
0.0168823
0.0168659
0.0168493
0.0168331
0.0168168
0.0168003
0.0167841
0.016768
0.0167516
0.0167352
0.0167191
0.0167028
0.0166868
0.0166705
0.0166545
0.0166384
0.0166222
0.0166061
0.0165899
0.0165739
0.0165578
0.0165416
0.0165256
0.0165097
0.0164937
0.0164779
0.0164616
0.0164455
0.0164298
0.0164139
0.016398
0.0163821
0.0163659
0.0163503
0.0163343
0.0163185
0.0163029
0.0162869
0.0162713
0.0162552
0.0162396
0.0162239
0.0162078
0.0161924
0.0161768
0.0161609
0.0161453
0.0161295
0.0161138
0.0160984
0.0160826
0.0160669
0.0160512
0.0160359
0.0160204
0.0160049
0.0159893
0.0159739
0.0159582
0.0159428
0.0159272
0.0159117
0.0158963
0.0158809
0.0158655
0.0158501
0.0158348
0.0158191
0.0158039
0.0157884
0.0157736
0.015758
0.0157427
0.0157274
0.0157119
0.0156967
0.0156816
0.0156663
0.015651
0.015636
0.0156206
0.0156054
0.0155904
0.0155754
0.0155601
0.015545
0.01553
0.0155147
0.0154997
0.0154847
0.0154697
0.0154545
0.0154394
0.0154246
0.0154095
0.0153946
0.0153797
0.0153647
0.0153496
0.0153347
0.01532
0.0153051
0.0152902
0.0152752
0.0152604
0.0152455
0.015231
0.0152158
0.0152012
0.0151866
0.0151717
0.0151566
0.0151421
0.0151276
0.0151127
0.015098
0.0150834
0.0150686
0.0150538
0.0150394
0.015025
0.0150102
0.0149955
0.0149809
0.0149664
0.0149519
0.014937
0.0149228
0.0149085
0.0148936
0.0148792
0.0148649
0.0148504
0.0148357
0.0148213
0.0148069
0.0147926
0.0147785
0.0147637
0.0147493
0.0147351
0.0147207
0.0147063
0.0146921
0.0146778
0.0146633
0.0146494
0.0146347
0.0146207
0.0146063
0.0145919
0.014578
0.0145639
0.0145496
0.0145354
0.0145214
0.014507
0.0144929
0.0144789
0.0144648
0.0144507
0.0144366
0.0144225
0.0144084
0.0143945
0.0143803
0.0143665
0.0143523
0.0143384
0.0143245
0.0143104
0.0142965
0.0142825
0.0142687
0.0142548
0.0142409
0.014227
0.0142131
0.0141991
0.0141854
0.0141716
0.0141577
0.0141437
0.0141302
0.0141164
0.0141027
0.0140891
0.0140749
0.0140616
0.0140477
0.0140339
0.0140204
0.0140066
0.0139928
0.0139794
0.0139657
0.0139521
0.0139385
0.0139247
0.0139114
0.0138977
0.0138842
0.0138707
0.0138571
0.0138437
0.0138299
0.0138166
0.013803
0.0137895
0.0137762
0.0137626
0.0137491
0.0137358
0.0137223
0.0137091
0.0136956
0.0136823
0.013669
0.0136556
0.0136419
0.0136288
0.0136154
0.0136022
0.013589
0.0135755
0.0135623
0.0135493
0.013536
0.013523
0.0135094
0.0134964
0.013483
0.01347
0.0134569
0.0134435
0.0134304
0.0134175
0.0134043
0.0133912
0.0133783
0.0133651
0.013352
0.0133388
0.013326
0.0133127
0.0133
0.0132868
0.0132736
0.013261
0.0132479
0.0132351
0.0132219
0.0132091
0.013196
0.0131832
0.0131703
0.0131575
0.0131445
0.0131316
0.0131188
0.013106
0.0130934
0.0130807
0.0130675
0.0130549
0.0130422
0.0130293
0.0130168
0.0130038
0.012991
0.0129783
0.0129656
0.0129531
0.0129403
0.0129277
0.0129149
0.0129023
0.0128897
0.0128773
0.0128645
0.0128518
0.012839
0.0128267
0.0128142
0.0128017
0.0127891
0.0127765
0.0127641
0.0127513
0.0127391
0.0127266
0.0127141
0.0127016
0.0126892
0.0126768
0.0126641
0.0126519
0.0126394
0.0126271
0.0126148
0.0126024
0.01259
0.0125775
0.0125655
0.012553
0.0125406
0.0125284
0.0125162
0.012504
0.0124916
0.0124794
0.012467
0.0124551
0.0124426
0.0124306
0.0124184
0.0124061
0.0123939
0.0123819
0.0123694
0.0123577
0.0123455
0.0123332
0.0123215
0.0123092
0.0122972
0.0122849
0.0122731
0.0122608
0.0122489
0.0122371
0.0122248
0.0122129
0.0122007
0.0121889
0.012177
0.0121649
0.0121532
0.012141
0.0121293
0.0121172
0.0121056
0.0120935
0.0120816
0.0120698
0.012058
0.0120462
0.0120342
0.0120225
0.0120105
0.0119988
0.011987
0.0119752
0.0119635
0.0119517
0.0119399
0.0119283
0.0119167
0.011905
0.0118932
0.0118817
0.01187
0.0118584
0.0118463
0.0118349
0.0118231
0.0118116
0.0118001
0.0117881
0.0117768
0.0117652
0.0117537
0.011742
0.0117306
0.011719
0.0117077
0.0116959
0.0116845
0.0116729
0.0116615
0.0116502
0.0116387
0.011627
0.0116157
0.0116041
0.0115928
0.0115813
0.01157
0.0115586
0.0115472
0.0115359
0.0115246
0.0115133
0.011502
0.0114907
0.0114791
0.0114679
0.0114567
0.0114453
0.0114342
0.0114228
0.0114115
0.0114003
0.0113893
0.0113779
0.0113667
0.0113555
0.0113444
0.0113332
0.011322
0.0113109
0.0113
0.0112885
0.0112778
0.0112663
0.0112554
0.0112442
0.0112331
0.011222
0.0112108
0.0112
0.0111889
0.0111778
0.0111669
0.0111558
0.0111448
0.0111339
0.0111229
0.0111119
0.0111011
0.0110902
0.0110789
0.0110682
0.0110572
0.0110462
0.0110355
0.0110247
0.0110138
0.0110028
0.0109921
0.0109812
0.0109707
0.0109596
0.0109487
0.010938
0.010927
0.0109162
0.0109058
0.010895
0.0108841
0.0108734
0.010863
0.0108519
0.0108412
0.0108304
0.0108198
0.0108092
0.0107987
0.0107877
0.0107773
0.0107665
0.0107559
0.0107455
0.0107346
0.0107242
0.0107134
0.0107028
0.0106924
0.0106817
0.0106712
0.0106607
0.01065
0.0106399
0.0106293
0.0106187
0.0106082
0.0105977
0.0105872
0.0105769
0.0105664
0.0105561
0.0105455
0.010535
0.0105245
0.0105142
0.0105037
0.0104934
0.0104829
0.0104727
0.0104622
0.0104519
0.0104419
0.0104313
0.010421
0.0104108
0.0104006
0.0103901
0.0103799
0.0103695
0.0103593
0.0103492
0.0103388
0.0103284
0.0103187
0.0103083
0.0102979
0.0102879
0.0102777
0.0102673
0.0102573
0.0102475
0.010237
0.0102269
0.0102169
0.0102067
0.0101967
0.0101865
0.0101764
0.0101664
0.0101563
0.0101461
0.0101362
0.0101262
0.0101162
0.0101063
0.0100961
0.0100861
0.0100761
0.0100661
0.0100562
0.0100463
0.0100363
0.0100261
0.0100163
0.0100064
0.00999665
0.00998679
0.00997696
0.00996702
0.00995701
0.00994726
0.0099373
0.00992756
0.00991779
0.00990777
0.00989803
0.00988798
0.00987847
0.00986857
0.0098589
0.00984936
0.00983929
0.00982968
0.0098198
0.00981003
0.00980028
0.00979069
0.00978103
0.00977152
0.00976167
0.00975193
0.0097424
0.00973265
0.00972316
0.00971335
0.00970373
0.00969412
0.00968454
0.00967463
0.00966527
0.00965577
0.00964613
0.00963665
0.00962691
0.0096175
0.00960784
0.00959845
0.00958895
0.00957941
0.00956988
0.00956041
0.00955109
0.00954118
0.00953184
0.00952249
0.0095131
0.00950366
0.00949402
0.00948475
0.00947523
0.00946603
0.0094566
0.00944713
0.00943761
0.00942805
0.00941931
0.00940975
0.00940049
0.00939087
0.00938172
0.00937246
0.00936324
0.00935382
0.00934466
0.00933519
0.00932592
0.00931668
0.00930743
0.0092982
0.00928902
0.00927993
0.00927059
0.00926117
0.00925185
0.0092428
0.00923358
0.00922445
0.00921536
0.00920644
0.00919731
0.00918811
0.00917883
0.00916991
0.00916073
0.00915145
0.0091424
0.00913322
0.00912434
0.00911514
0.00910628
0.00909709
0.00908794
0.00907913
0.00907006
0.00906091
0.00905194
0.00904303
0.00903391
0.00902485
0.00901592
0.00900692
0.00899835
0.00898956
0.00898053
0.00897136
0.00896244
0.00895331
0.00894471
0.00893596
0.00892681
0.00891789
0.00890894
0.0089001
0.00889136
0.0088824
0.0088737
0.00886491
0.00885597
0.00884698
0.00883819
0.00882971
0.00882096
0.00881221
0.00880326
0.00879447
0.00878575
0.00877699
0.00876829
0.00875955
0.00875099
0.00874237
0.00873347
0.00872495
0.00871605
0.00870733
0.00869863
0.00869003
0.00868151
0.00867261
0.00866415
0.00865568
0.00864718
0.00863849
0.00863001
0.00862106
0.00861251
0.00860403
0.00859545
0.00858693
0.00857841
0.00856959
0.00856113
0.0085529
0.0085444
0.00853567
0.00852727
0.00851879
0.00851028
0.00850195
0.00849332
0.00848475
0.0084763
0.00846779
0.00845942
0.00845096
0.00844277
0.00843421
0.00842573
0.00841723
0.00840878
0.00840074
0.00839218
0.00838394
0.00837534
0.00836694
0.00835904
0.0083506
0.00834216
0.00833409
0.00832574
0.00831734
0.00830907
0.00830083
0.00829234
0.00828417
0.00827601
0.00826775
0.00825968
0.00825129
0.00824319
0.00823478
0.00822634
0.00821842
0.00821039
0.008202
0.00819386
0.00818572
0.00817764
0.00816932
0.00816135
0.00815317
0.0081451
0.00813678
0.00812879
0.00812066
0.00811238
0.00810454
0.00809643
0.00808856
0.00808028
0.00807224
0.00806417
0.00805623
0.00804817
0.00804022
0.00803206
0.00802392
0.00801599
0.00800782
0.00799992
0.0079922
0.00798414
0.00797616
0.00796817
0.00796027
0.00795224
0.00794433
0.00793644
0.0079286
0.00792054
0.00791269
0.00790469
0.00789686
0.00788902
0.00788135
0.00787328
0.00786563
0.00785767
0.00784974
0.00784192
0.00783419
0.0078264
0.00781862
0.00781057
0.00780285
0.00779522
0.00778751
0.00777965
0.00777182
0.00776415
0.00775634
0.00774846
0.00774102
0.00773304
0.00772542
0.0077178
0.00770991
0.00770227
0.00769446
0.00768683
0.00767908
0.00767161
0.00766397
0.00765616
0.00764873
0.00764089
0.00763333
0.00762554
0.00761808
0.00761046
0.00760286
0.00759535
0.00758764
0.00758013
0.00757274
0.00756492
0.00755742
0.0075502
0.00754252
0.007535
0.0075273
0.00751983
0.00751227
0.00750507
0.00749741
0.00749015
0.00748238
0.00747473
0.00746742
0.00746
0.00745235
0.00744515
0.00743765
0.0074304
0.00742269
0.00741551
0.00740802
0.00740032
0.00739329
0.00738562
0.00737848
0.00737104
0.00736357
0.00735626
0.00734898
0.00734154
0.00733431
0.00732692
0.00731961
0.00731243
0.00730484
0.00729768
0.00729042
0.0072833
0.00727608
0.00726853
0.00726141
0.00725407
0.00724686
0.0072396
0.00723249
0.00722506
0.00721799
0.00721076
0.00720334
0.0071964
0.00718914
0.00718197
0.00717487
0.00716764
0.00716046
0.00715335
0.0071462
0.00713911
0.00713211
0.00712501
0.00711739
0.00711066
0.00710354
0.00709618
0.00708921
0.00708196
0.00707507
0.00706798
0.007061
0.00705398
0.00704685
0.00704002
0.00703281
0.00702587
0.00701863
0.00701159
0.00700475
0.00699769
0.00699071
0.00698346
0.00697681
0.00696976
0.00696277
0.00695571
0.00694883
0.00694218
0.00693507
0.00692811
0.00692125
0.0069144
0.00690731
0.00690031
0.00689346
0.00688669
0.00687981
0.00687313
0.00686603
0.00685927
0.00685252
0.0068453
0.00683869
0.00683183
0.00682515
0.00681823
0.00681142
0.00680439
0.00679784
0.00679088
0.00678422
0.00677731
0.00677048
0.00676372
0.00675712
0.00675024
0.00674382
0.00673694
0.00673036
0.00672331
0.00671661
0.00670992
0.00670305
0.00669666
0.00668997
0.00668309
0.0066762
0.00666971
0.00666315
0.00665646
0.00664958
0.00664311
0.00663639
0.00662973
0.00662323
0.00661662
0.00661001
0.00660323
0.00659681
0.00659021
0.00658336
0.00657703
0.00657044
0.00656392
0.00655734
0.00655067
0.00654412
0.00653763
0.00653131
0.00652456
0.00651809
0.00651155
0.00650504
0.00649845
0.00649198
0.00648573
0.00647907
0.00647261
0.00646619
0.00645957
0.00645333
0.00644679
0.00644018
0.00643369
0.00642723
0.00642087
0.00641465
0.00640823
0.00640165
0.00639515
0.00638893
0.00638248
0.00637635
0.0063696
0.00636349
0.0063573
0.0063507
0.00634448
0.00633808
0.00633172
0.00632526
0.00631895
0.00631278
0.00630633
0.00630035
0.00629384
0.00628755
0.00628125
0.00627482
0.00626862
0.00626248
0.00625619
0.00624986
0.00624356
0.00623737
0.00623128
0.00622501
0.00621859
0.00621253
0.0062062
0.0062
0.00619377
0.00618761
0.00618155
0.00617523
0.00616919
0.00616287
0.00615683
0.00615052
0.00614467
0.0061384
0.00613228
0.00612591
0.00611985
0.00611381
0.00610781
0.00610175
0.00609559
0.00608935
0.00608328
0.00607706
0.00607129
0.00606507
0.00605922
0.00605295
0.00604699
0.00604096
0.00603482
0.00602872
0.00602279
0.00601673
0.00601082
0.00600477
0.00599876
0.00599282
0.00598665
0.0059808
0.00597504
0.00596873
0.00596291
0.00595676
0.00595102
0.00594494
0.00593908
0.00593294
0.00592723
0.00592116
0.00591545
0.00590968
0.00590351
0.00589772
0.0058918
0.00588577
0.00587991
0.00587401
0.00586826
0.00586225
0.00585649
0.00585066
0.00584475
0.00583893
0.00583305
0.00582727
0.0058214
0.00581548
0.0058099
0.00580407
0.00579798
0.00579237
0.0057865
0.00578087
0.00577503
0.00576938
0.0057635
0.00575775
0.00575189
0.00574628
0.00574048
0.00573499
0.00572895
0.00572327
0.00571755
0.00571178
0.00570632
0.00570056
0.00569471
0.00568909
0.00568336
0.00567759
0.00567219
0.00566635
0.00566079
0.00565483
0.00564961
0.00564368
0.00563834
0.00563227
0.00562713
0.00562117
0.00561551
0.00561015
0.00560421
0.00559872
0.00559334
0.00558763
0.00558206
0.00557636
0.00557096
0.0055651
0.0055599
0.0055543
0.00554858
0.00554324
0.00553742
0.00553189
0.00552645
0.00552131
0.00551528
0.00550993
0.00550456
0.005499
0.0054936
0.00548773
0.00548251
0.00547731
0.00547139
0.00546627
0.00546071
0.00545515
0.00544976
0.00544432
0.00543884
0.00543344
0.00542794
0.00542265
0.00541711
0.00541174
0.00540627
0.00540105
0.00539536
0.00539024
0.00538481
0.00537923
0.00537402
0.00536855
0.00536319
0.00535793
0.00535259
0.00534708
0.00534194
0.0053366
0.00533151
0.00532571
0.00532047
0.0053153
0.00530985
0.00530481
0.00529922
0.00529429
0.00528861
0.00528367
0.00527821
0.0052731
0.00526764
0.00526257
0.00525721
0.00525197
0.00524655
0.00524156
0.00523637
0.00523098
0.00522554
0.00522066
0.0052154
0.00520999
0.00520491
0.00519978
0.00519459
0.00518942
0.00518421
0.00517894
0.00517376
0.00516858
0.00516345
0.00515842
0.00515316
0.00514826
0.00514292
0.00513775
0.00513259
0.00512751
0.0051223
0.00511733
0.0051121
0.00510689
0.00510201
0.00509704
0.00509178
0.00508662
0.00508182
0.00507637
0.00507161
0.00506611
0.0050615
0.00505627
0.00505144
0.00504618
0.00504149
0.00503609
0.00503111
0.00502621
0.00502115
0.00501628
0.00501102
0.00500632
0.00500105
0.00499625
0.00499096
0.00498623
0.00498104
0.00497609
0.00497137
0.00496609
0.00496145
0.00495631
0.00495156
0.00494663
0.00494164
0.00493682
0.00493172
0.00492676
0.004922
0.00491689
0.00491212
0.00490724
0.00490226
0.00489752
0.00489227
0.00488774
0.00488245
0.00487796
0.00487268
0.0048683
0.00486336
0.00485844
0.00485346
0.00484898
0.00484375
0.00483915
0.00483421
0.00482926
0.00482446
0.00481985
0.00481486
0.00481016
0.00480545
0.00480037
0.00479598
0.00479105
0.00478622
0.00478165
0.00477652
0.004772
0.00476699
0.00476264
0.00475756
0.00475299
0.00474823
0.00474351
0.00473881
0.00473387
0.00472921
0.00472458
0.00471983
0.00471522
0.0047103
0.00470564
0.00470122
0.00469621
0.00469161
0.00468713
0.0046822
0.00467781
0.00467307
0.00466846
0.00466361
0.00465922
0.0046543
0.00464968
0.00464514
0.00464059
0.00463578
0.00463127
0.00462669
0.0046219
0.00461753
0.00461268
0.00460814
0.00460377
0.00459917
0.0045946
0.00458997
0.00458514
0.00458078
0.00457613
0.00457186
0.00456708
0.00456256
0.00455805
0.00455344
0.00454868
0.00454443
0.00453973
0.00453548
0.00453071
0.00452634
0.00452177
0.0045173
0.00451271
0.00450818
0.00450389
0.0044993
0.00449484
0.00449029
0.0044858
0.00448137
0.00447693
0.00447237
0.00446807
0.00446363
0.00445902
0.00445458
0.00445007
0.00444607
0.00444108
0.00443709
0.00443238
0.00442804
0.00442375
0.00441939
0.00441485
0.00441055
0.0044062
0.0044016
0.0043974
0.00439298
0.00438875
0.00438393
0.00438026
0.00437521
0.00437113
0.00436673
0.00436212
0.00435823
0.00435365
0.00434939
0.00434508
0.00434085
0.00433639
0.00433211
0.00432793
0.00432332
0.00431923
0.00431472
0.00431077
0.00430622
0.00430196
0.00429781
0.00429331
0.00428945
0.00428472
0.00428057
0.00427627
0.00427195
0.00426782
0.00426348
0.00425934
0.00425526
0.00425101
0.00424663
0.0042424
0.00423834
0.00423397
0.00422961
0.00422561
0.00422132
0.00421715
0.0042129
0.00420871
0.00420434
0.00420058
0.00419624
0.00419206
0.00418805
0.00418364
0.00417956
0.00417562
0.00417125
0.00416716
0.00416299
0.00415889
0.00415462
0.00415035
0.0041464
0.00414241
0.00413804
0.0041341
0.0041298
0.00412578
0.00412155
0.00411789
0.0041134
0.0041094
0.00410535
0.00410135
0.00409726
0.00409317
0.00408908
0.00408496
0.00408092
0.00407672
0.00407278
0.00406869
0.00406475
0.00406052
0.00405654
0.00405263
0.00404849
0.00404453
0.00404037
0.00403667
0.00403228
0.00402856
0.00402445
0.00402047
0.00401646
0.00401237
0.00400847
0.00400455
0.00400048
0.00399681
0.00399231
0.00398857
0.0039845
0.0039807
0.00397676
0.00397264
0.00396875
0.00396479
0.00396061
0.0039571
0.00395292
0.00394927
0.00394507
0.00394114
0.00393733
0.00393344
0.0039295
0.00392544
0.00392183
0.0039176
0.00391415
0.00391014
0.00390616
0.00390232
0.00389848
0.00389435
0.00389075
0.00388686
0.00388288
0.00387895
0.00387519
0.00387127
0.00386761
0.00386361
0.00385992
0.0038559
0.00385213
0.00384838
0.00384436
0.00384065
0.00383687
0.00383305
0.00382909
0.00382544
0.00382144
0.00381784
0.00381412
0.00381011
0.00380652
0.00380261
0.00379897
0.00379503
0.00379142
0.00378768
0.00378379
0.0037801
0.00377626
0.00377252
0.00376877
0.00376506
0.00376131
0.00375773
0.00375393
0.00375013
0.00374637
0.00374247
0.00373901
0.00373528
0.00373147
0.00372796
0.00372406
0.00372053
0.00371669
0.00371311
0.00370952
0.00370557
0.00370214
0.00369839
0.00369467
0.00369107
0.00368751
0.00368347
0.00368001
0.00367656
0.00367261
0.00366914
0.00366546
0.00366178
0.00365815
0.00365452
0.00365099
0.00364719
0.00364372
0.00363996
0.00363631
0.00363268
0.00362918
0.00362555
0.00362197
0.00361807
0.00361486
0.00361102
0.00360792
0.00360389
0.00360043
0.00359703
0.0035931
0.00358997
0.00358592
0.00358255
0.0035793
0.00357548
0.00357189
0.00356844
0.00356504
0.00356124
0.0035579
0.00355424
0.00355048
0.0035474
0.00354362
0.0035401
0.0035369
0.00353313
0.00352962
0.00352602
0.00352269
0.00351923
0.00351554
0.00351228
0.00350856
0.00350536
0.00350163
0.0034982
0.00349484
0.00349133
0.00348785
0.00348425
0.003481
0.00347759
0.00347396
0.00347046
0.00346714
0.00346383
0.00346027
0.00345686
0.00345338
0.00344991
0.00344656
0.00344324
0.00343972
0.00343624
0.0034328
0.00342953
0.00342609
0.00342255
0.0034194
0.00341596
0.00341252
0.00340904
0.0034057
0.00340233
0.00339902
0.00339558
0.00339224
0.00338895
0.00338552
0.00338212
0.00337884
0.00337535
0.00337211
0.00336887
0.0033655
0.00336205
0.00335859
0.00335548
0.00335223
0.00334874
0.00334557
0.00334221
0.00333883
0.00333534
0.00333227
0.00332899
0.00332572
0.00332226
0.00331911
0.00331563
0.00331232
0.00330933
0.00330577
0.00330253
0.00329952
0.00329597
0.00329263
0.00328945
0.00328653
0.00328307
0.00327972
0.00327653
0.00327325
0.00326997
0.0032667
0.00326346
0.00326024
0.00325702
0.00325405
0.00325054
0.00324723
0.00324432
0.00324066
0.0032378
0.0032345
0.00323124
0.00322827
0.00322475
0.00322168
0.00321846
0.00321537
0.00321208
0.00320877
0.0032059
0.00320247
0.00319953
0.00319616
0.00319303
0.00319003
0.00318678
0.00318343
0.00318067
0.00317719
0.00317392
0.00317101
0.00316787
0.00316476
0.0031617
0.00315841
0.00315517
0.00315219
0.0031491
0.00314582
0.00314274
0.00313985
0.00313658
0.0031334
0.00313048
0.00312725
0.00312399
0.00312116
0.00311801
0.00311494
0.00311177
0.0031087
0.0031054
0.00310277
0.00309949
0.00309624
0.00309345
0.00309048
0.00308716
0.00308406
0.00308122
0.00307813
0.00307499
0.00307203
0.0030691
0.00306577
0.0030628
0.00305999
0.00305678
0.00305379
0.0030506
0.00304777
0.00304478
0.00304168
0.00303849
0.00303578
0.00303259
0.00302945
0.00302677
0.00302375
0.00302068
0.00301767
0.00301481
0.00301166
0.00300873
0.00300589
0.00300268
0.00299968
0.00299688
0.00299381
0.00299077
0.00298789
0.00298508
0.00298195
0.00297925
0.0029759
0.00297319
0.00297043
0.0029672
0.00296416
0.00296155
0.00295829
0.00295526
0.00295283
0.0029496
0.0029467
0.00294382
0.00294092
0.00293797
0.0029352
0.00293223
0.0029291
0.00292652
0.00292364
0.00292051
0.00291766
0.00291483
0.00291192
0.00290893
0.00290622
0.00290309
0.0029005
0.00289768
0.00289461
0.00289174
0.00288901
0.00288601
0.00288317
0.00288031
0.00287749
0.00287455
0.00287177
0.00286932
0.00286599
0.00286325
0.00286044
0.00285756
0.002855
0.00285201
0.00284902
0.00284641
0.00284363
0.00284063
0.002838
0.00283499
0.00283227
0.00282968
0.00282647
0.00282373
0.00282125
0.00281846
0.00281541
0.00281251
0.00281018
0.00280737
0.00280444
0.00280155
0.00279868
0.00279613
0.00279351
0.00279033
0.00278767
0.00278517
0.00278224
0.00277954
0.0027768
0.00277402
0.00277116
0.0027687
0.00276576
0.00276279
0.00276031
0.00275748
0.00275487
0.0027522
0.00274927
0.00274669
0.00274383
0.00274109
0.00273871
0.00273582
0.00273308
0.0027303
0.0027278
0.00272521
0.00272205
0.00271976
0.00271709
0.00271409
0.00271154
0.00270905
0.00270621
0.00270346
0.00270074
0.0026984
0.00269554
0.00269279
0.00269023
0.0026875
0.00268505
0.00268229
0.0026794
0.00267678
0.0026742
0.00267167
0.00266899
0.00266612
0.00266358
0.00266098
0.00265851
0.00265603
0.00265308
0.00265054
0.00264785
0.00264528
0.00264293
0.00264006
0.0026373
0.00263493
0.00263224
0.00262961
0.00262695
0.00262438
0.00262187
0.00261938
0.00261664
0.00261425
0.00261134
0.00260873
0.00260637
0.00260382
0.00260117
0.00259857
0.0025961
0.00259348
0.00259101
0.00258827
0.00258572
0.00258327
0.00258069
0.00257804
0.00257535
0.00257312
0.00257064
0.00256782
0.00256536
0.00256276
0.00256044
0.00255791
0.00255521
0.00255269
0.00255004
0.00254778
0.00254527
0.00254256
0.00254002
0.00253767
0.00253518
0.00253252
0.00253028
0.00252763
0.00252512
0.00252248
0.00252033
0.00251756
0.00251518
0.00251274
0.00251019
0.00250756
0.00250513
0.00250293
0.00250028
0.00249774
0.0024953
0.00249285
0.00249051
0.00248808
0.00248555
0.00248309
0.00248034
0.00247819
0.00247569
0.00247327
0.00247074
0.00246825
0.00246586
0.00246347
0.00246116
0.00245843
0.00245598
0.0024537
0.0024514
0.00244883
0.00244635
0.00244406
0.00244146
0.00243902
0.00243692
0.00243458
0.0024318
0.00242958
0.00242699
0.00242477
0.00242263
0.00241996
0.00241746
0.00241512
0.002413
0.00241045
0.00240791
0.00240565
0.00240327
0.00240101
0.00239854
0.00239622
0.00239388
0.0023913
0.00238899
0.00238667
0.00238435
0.00238193
0.00237974
0.00237748
0.00237496
0.00237257
0.00237032
0.00236789
0.00236539
0.0023633
0.00236098
0.00235853
0.00235613
0.00235395
0.00235151
0.00234927
0.00234696
0.00234455
0.00234221
0.00233997
0.00233778
0.00233541
0.0023331
0.00233078
0.00232846
0.00232602
0.00232379
0.00232176
0.00231922
0.00231686
0.00231457
0.00231257
0.00231009
0.00230772
0.0023057
0.00230335
0.0023009
0.00229871
0.00229643
0.00229425
0.00229181
0.00228959
0.00228737
0.00228515
0.00228302
0.00228052
0.0022783
0.00227603
0.00227383
0.00227164
0.00226955
0.00226712
0.00226482
0.00226253
0.00226031
0.00225822
0.002256
0.00225353
0.00225153
0.0022492
0.00224704
0.00224493
0.00224255
0.00224045
0.00223838
0.00223595
0.00223357
0.00223152
0.00222935
0.00222719
0.00222506
0.00222294
0.00222054
0.00221823
0.00221609
0.00221417
0.00221193
0.0022095
0.00220748
0.00220511
0.00220314
0.00220081
0.00219876
0.00219654
0.00219431
0.00219202
0.00219004
0.00218794
0.00218562
0.00218333
0.00218137
0.00217937
0.00217714
0.00217479
0.00217276
0.00217057
0.00216838
0.00216649
0.00216452
0.0021622
0.00215979
0.00215773
0.00215573
0.00215363
0.0021516
0.00214917
0.00214717
0.0021451
0.00214291
0.00214088
0.00213879
0.00213674
0.00213458
0.00213255
0.0021303
0.0021281
0.00212606
0.00212428
0.00212196
0.00211974
0.00211777
0.00211566
0.00211339
0.00211161
0.0021094
0.00210736
0.00210527
0.00210294
0.00210103
0.00209894
0.00209707
0.0020947
0.00209264
0.00209058
0.00208866
0.00208674
0.00208454
0.00208235
0.00208033
0.00207829
0.00207628
0.00207426
0.00207221
0.00207035
0.00206809
0.00206594
0.00206388
0.00206201
0.00206005
0.00205791
0.0020559
0.00205382
0.00205187
0.00204983
0.00204787
0.00204587
0.00204373
0.00204178
0.00203964
0.00203784
0.00203558
0.00203381
0.00203166
0.00202992
0.00202751
0.00202562
0.0020237
0.00202172
0.00201977
0.00201771
0.00201571
0.00201359
0.00201161
0.00200979
0.00200762
0.00200577
0.00200384
0.00200185
0.00199969
0.00199782
0.00199594
0.00199391
0.00199199
0.00198994
0.00198788
0.00198609
0.00198434
0.00198224
0.0019801
0.00197802
0.00197628
0.00197454
0.00197235
0.00197042
0.0019684
0.00196657
0.00196457
0.00196262
0.0019607
0.00195865
0.00195679
0.00195495
0.00195307
0.00195113
0.00194911
0.00194734
0.00194564
0.00194337
0.0019414
0.00193946
0.00193778
0.00193583
0.00193383
0.0019319
0.00192995
0.00192799
0.00192621
0.00192438
0.00192238
0.00192045
0.00191875
0.00191676
0.00191493
0.00191286
0.00191095
0.00190918
0.0019072
0.00190556
0.00190359
0.0019015
0.00189978
0.00189803
0.00189589
0.00189409
0.00189244
0.00189056
0.00188846
0.00188653
0.00188486
0.00188318
0.00188124
0.00187904
0.00187722
0.00187569
0.00187392
0.00187184
0.00187007
0.0018684
0.00186645
0.00186425
0.0018625
0.00186062
0.00185913
0.00185722
0.00185541
0.00185356
0.00185176
0.00184983
0.00184785
0.00184621
0.00184442
0.00184256
0.00184059
0.00183881
0.00183737
0.0018356
0.00183338
0.00183156
0.00182979
0.00182823
0.00182633
0.00182445
0.00182269
0.00182089
0.00181912
0.00181718
0.00181549
0.00181383
0.00181189
0.00181001
0.00180822
0.00180669
0.00180504
0.00180302
0.00180119
0.00179919
0.00179769
0.00179591
0.00179426
0.00179228
0.00179075
0.00178879
0.00178691
0.00178523
0.00178343
0.00178205
0.00178003
0.00177844
0.00177648
0.00177481
0.00177291
0.00177134
0.00176957
0.00176789
0.0017659
0.00176395
0.00176254
0.00176106
0.0017594
0.00175736
0.00175541
0.00175375
0.00175209
0.00175041
0.00174884
0.0017472
0.00174534
0.00174323
0.00174161
0.00174006
0.00173856
0.00173688
0.0017347
0.00173318
0.00173147
0.00172974
0.00172818
0.00172652
0.0017248
0.00172316
0.0017213
0.0017196
0.00171788
0.0017163
0.00171478
0.00171292
0.00171124
0.00170946
0.00170773
0.00170605
0.00170444
0.00170293
0.00170122
0.00169939
0.00169776
0.00169603
0.00169451
0.00169268
0.00169096
0.00168954
0.00168775
0.00168624
0.00168431
0.00168262
0.00168107
0.00167929
0.0016779
0.00167635
0.00167461
0.00167278
0.00167092
0.00166959
0.00166793
0.00166611
0.00166463
0.001663
0.0016614
0.00165975
0.00165804
0.00165629
0.00165487
0.00165312
0.00165163
0.00164986
0.00164819
0.00164672
0.00164518
0.00164341
0.00164193
0.00164009
0.00163847
0.0016368
0.00163536
0.001634
0.0016322
0.00163052
0.00162884
0.00162715
0.0016257
0.00162412
0.00162269
0.0016209
0.00161933
0.00161773
0.0016163
0.00161448
0.00161297
0.00161135
0.00160965
0.00160826
0.00160658
0.00160506
0.00160361
0.00160188
0.00160029
0.00159865
0.00159706
0.00159567
0.0015941
0.00159256
0.00159096
0.00158926
0.00158766
0.00158612
0.00158455
0.00158298
0.00158159
0.00157989
0.00157837
0.00157686
0.00157525
0.00157381
0.00157217
0.00157049
0.00156899
0.00156754
0.00156603
0.00156454
0.00156292
0.00156134
0.00155981
0.00155816
0.00155691
0.00155525
0.00155372
0.00155212
0.00155056
0.00154915
0.00154767
0.00154584
0.0015447
0.00154299
0.00154144
0.00154005
0.0015385
0.00153703
0.00153558
0.0015338
0.00153229
0.00153073
0.0015295
0.0015279
0.00152658
0.00152512
0.00152338
0.00152195
0.00152046
0.00151888
0.00151737
0.00151599
0.00151441
0.00151286
0.00151148
0.00150985
0.00150856
0.00150698
0.00150548
0.00150399
0.0015025
0.00150095
0.00149966
0.00149817
0.00149669
0.00149521
0.00149365
0.00149217
0.00149078
0.00148915
0.00148799
0.00148641
0.00148477
0.00148354
0.00148192
0.00148057
0.00147928
0.0014776
0.00147614
0.00147492
0.00147332
0.00147184
0.00147034
0.00146883
0.00146731
0.00146607
0.00146466
0.00146319
0.001462
0.0014601
0.00145868
0.00145746
0.00145599
0.00145455
0.00145326
0.00145177
0.00145024
0.00144879
0.00144738
0.00144591
0.00144464
0.00144321
0.00144159
0.00144029
0.00143879
0.00143734
0.0014361
0.00143486
0.00143348
0.00143197
0.00143037
0.00142895
0.00142746
0.00142621
0.00142488
0.00142351
0.00142206
0.00142059
0.00141921
0.0014179
0.00141648
0.00141492
0.00141367
0.00141223
0.00141105
0.00140963
0.00140816
0.00140654
0.00140518
0.00140383
0.00140254
0.00140135
0.00139993
0.00139842
0.00139715
0.00139584
0.00139421
0.00139279
0.00139146
0.00139011
0.00138889
0.00138763
0.00138622
0.00138479
0.00138346
0.00138201
0.00138064
0.00137915
0.00137784
0.00137659
0.00137537
0.00137382
0.00137254
0.00137122
0.00136983
0.00136856
0.00136726
0.00136588
0.00136435
0.00136314
0.00136169
0.0013605
0.00135911
0.00135801
0.00135654
0.00135511
0.00135371
0.00135253
0.00135117
0.00134991
0.00134845
0.001347
0.00134588
0.0013444
0.00134312
0.00134198
0.0013407
0.00133929
0.00133804
0.0013368
0.00133516
0.00133382
0.00133252
0.00133129
0.00133014
0.00132884
0.00132759
0.00132606
0.00132485
0.00132319
0.00132207
0.00132081
0.00131958
0.00131853
0.0013172
0.00131579
0.00131439
0.00131307
0.00131191
0.00131058
0.00130928
0.0013082
0.00130684
0.00130541
0.00130444
0.00130296
0.00130162
0.00130027
0.00129909
0.0012977
0.00129642
0.00129537
0.00129401
0.0012928
0.00129146
0.00129012
0.00128891
0.00128752
0.00128625
0.0012851
0.00128399
0.00128262
0.00128149
0.00128019
0.00127859
0.00127737
0.00127618
0.00127512
0.00127386
0.00127276
0.00127144
0.00127018
0.0012688
0.00126748
0.00126626
0.00126499
0.00126374
0.00126261
0.00126153
0.00126015
0.00125885
0.00125772
0.00125651
0.00125521
0.00125402
0.00125263
0.00125142
0.00125033
0.00124915
0.0012478
0.00124655
0.00124543
0.00124419
0.00124286
0.0012418
0.00124053
0.00123928
0.00123812
0.00123698
0.00123553
0.00123433
0.00123312
0.00123209
0.00123089
0.00122975
0.0012285
0.0012272
0.00122592
0.00122468
0.00122337
0.00122228
0.00122126
0.0012202
0.00121889
0.00121759
0.00121629
0.00121518
0.0012138
0.00121289
0.00121172
0.00121056
0.00120932
0.00120803
0.00120679
0.00120586
0.0012045
0.00120331
0.00120205
0.00120099
0.00119994
0.00119859
0.00119744
0.00119634
0.00119501
0.00119387
0.0011927
0.0011917
0.00119054
0.00118929
0.0011882
0.00118695
0.00118586
0.00118454
0.00118345
0.00118223
0.00118091
0.00117993
0.00117891
0.00117783
0.00117658
0.00117545
0.00117415
0.0011728
0.0011717
0.0011707
0.00116977
0.00116875
0.00116734
0.00116617
0.00116506
0.00116386
0.00116257
0.00116164
0.00116059
0.0011595
0.0011583
0.00115702
0.00115574
0.00115473
0.0011537
0.00115263
0.00115134
0.00115034
0.00114909
0.00114799
0.00114693
0.00114583
0.0011446
0.00114352
0.00114247
0.00114129
0.00114005
0.00113889
0.00113811
0.00113695
0.00113571
0.00113461
0.00113349
0.00113224
0.00113129
0.00113017
0.0011292
0.00112812
0.0011271
0.00112583
0.00112468
0.00112335
0.00112243
0.00112135
0.00112026
0.00111919
0.00111806
0.00111693
0.00111597
0.00111481
0.0011137
0.0011126
0.00111175
0.00111047
0.00110942
0.00110821
0.00110714
0.00110586
0.00110494
0.00110389
0.00110292
0.00110184
0.00110062
0.00109954
0.00109859
0.00109753
0.0010965
0.00109547
0.00109433
0.00109313
0.00109195
0.00109085
0.00108989
0.00108889
0.00108771
0.00108684
0.00108578
0.0010846
0.00108361
0.00108258
0.00108143
0.00108038
0.00107947
0.00107826
0.00107722
0.00107611
0.0010751
0.00107404
0.00107307
0.00107212
0.00107087
0.00106979
0.00106885
0.00106754
0.0010667
0.00106584
0.00106483
0.0010638
0.00106266
0.00106147
0.00106038
0.0010593
0.00105839
0.00105738
0.00105651
0.00105551
0.00105434
0.00105325
0.00105236
0.00105121
0.00105016
0.00104919
0.00104815
0.00104703
0.00104604
0.00104502
0.00104417
0.00104297
0.00104196
0.00104118
0.0010402
0.00103886
0.00103788
0.00103678
0.00103587
0.00103496
0.00103394
0.00103278
0.00103187
0.00103065
0.00102979
0.00102898
0.001028
0.00102702
0.00102581
0.00102471
0.00102369
0.00102269
0.00102174
0.00102083
0.00102003
0.00101895
0.00101797
0.00101688
0.00101576
0.00101489
0.00101385
0.00101287
0.00101178
0.00101087
0.00100988
0.00100877
0.00100807
0.00100707
0.00100611
0.00100507
0.00100417
0.00100303
0.00100189
0.00100085
0.00100013
0.000999022
0.00099805
0.000997252
0.000996279
0.000995187
0.000994222
0.000993323
0.000992297
0.000991399
0.000990482
0.000989458
0.000988352
0.000987323
0.000986464
0.000985656
0.000984575
0.000983743
0.000982699
0.000981552
0.000980721
0.000979616
0.000978876
0.000977998
0.000976989
0.000976083
0.000974986
0.000973984
0.000973067
0.000972136
0.000971184
0.000970276
0.000969221
0.000968177
0.000967172
0.000966404
0.000965581
0.000964685
0.000963753
0.000962827
0.000961961
0.000960727
0.000959855
0.000958792
0.000957837
0.000957007
0.000956033
0.000955314
0.000954388
0.000953455
0.000952454
0.00095168
0.000950575
0.000949643
0.00094878
0.000947713
0.000946841
0.000945826
0.00094479
0.000944063
0.000943226
0.000942354
0.000941311
0.000940501
0.000939505
0.000938481
0.000937659
0.000936854
0.000935877
0.000935001
0.000933986
0.000933082
0.000932276
0.000931284
0.000930157
0.000929386
0.000928636
0.00092781
0.000926802
0.000925875
0.000924992
0.000923981
0.000923234
0.000922421
0.000921355
0.000920367
0.000919455
0.000918585
0.000917716
0.000916736
0.000915948
0.00091507
0.0009143
0.000913428
0.000912343
0.000911571
0.000910514
0.00090965
0.000908712
0.000907846
0.000907008
0.000906255
0.00090549
0.000904567
0.0009037
0.000902671
0.000901768
0.000900843
0.000900014
0.000898986
0.000898083
0.000897332
0.000896583
0.00089573
0.000894773
0.00089399
0.000893086
0.000892405
0.000891284
0.000890456
0.000889582
0.0008886
0.000887673
0.000886834
0.000886043
0.000885249
0.000884472
0.000883637
0.000882849
0.000881903
0.000881027
0.000879962
0.000879205
0.000878284
0.000877348
0.000876607
0.000875814
0.000874912
0.00087423
0.000873317
0.000872538
0.000871526
0.000870689
0.000869827
0.000868861
0.000868094
0.00086725
0.000866479
0.000865624
0.000864818
0.00086404
0.000863164
0.000862279
0.000861307
0.00086055
0.000859748
0.000859006
0.000858208
0.000857154
0.000856274
0.000855627
0.000854765
0.000854083
0.000853055
0.000852256
0.000851325
0.000850477
0.000849615
0.000848825
0.000848007
0.000847286
0.000846544
0.000845783
0.00084498
0.000844198
0.000843235
0.000842428
0.00084146
0.000840614
0.00083978
0.000839059
0.000838257
0.0008375
0.000836632
0.000835768
0.00083497
0.000834255
0.000833463
0.000832597
0.000831834
0.000830928
0.000830052
0.000829343
0.000828383
0.000827857
0.000826931
0.000826048
0.000825345
0.000824509
0.000823717
0.000822973
0.000822286
0.00082121
0.000820424
0.000819781
0.00081899
0.000818222
0.000817443
0.000816471
0.00081576
0.000814996
0.000814213
0.000813326
0.000812504
0.000811802
0.000811053
0.000810204
0.000809265
0.000808579
0.000807882
0.000806904
0.000806142
0.000805412
0.000804713
0.000804061
0.000803224
0.000802416
0.000801799
0.000800944
0.000800047
0.000799229
0.000798458
0.000797593
0.000796883
0.000796285
0.000795442
0.000794514
0.000793848
0.000792919
0.000792306
0.000791514
0.000790617
0.000789999
0.000789189
0.000788477
0.000787716
0.000786922
0.00078624
0.000785553
0.000784793
0.000783925
0.000783143
0.000782384
0.000781476
0.000780744
0.000780054
0.000779322
0.000778462
0.000777772
0.000777021
0.000776265
0.000775704
0.000774818
0.000774122
0.000773172
0.000772399
0.000771614
0.000770929
0.000770259
0.000769468
0.000768777
0.000768157
0.000767318
0.000766553
0.000765778
0.000765141
0.000764446
0.000763657
0.000762827
0.000762085
0.00076138
0.000760569
0.000759826
0.000759136
0.000758345
0.000757645
0.000756958
0.000756036
0.000755382
0.000754804
0.000753917
0.00075318
0.000752578
0.000751956
0.000751227
0.000750504
0.000749561
0.000748787
0.000748017
0.000747435
0.000746719
0.000746176
0.000745427
0.000744614
0.000743888
0.000743084
0.000742136
0.000741602
0.000740774
0.000740013
0.000739287
0.000738842
0.000738175
0.000737437
0.0007368
0.00073608
0.000735354
0.000734542
0.000733752
0.000733162
0.000732342
0.00073158
0.000730783
0.000730201
0.000729597
0.000728786
0.000728141
0.000727424
0.00072688
0.000726001
0.000725292
0.000724457
0.000723743
0.000723139
0.000722506
0.000721622
0.000721146
0.000720528
0.000719851
0.000719268
0.000718455
0.00071765
0.000716696
0.000716042
0.000715469
0.00071477
0.000714111
0.000713396
0.00071278
0.000712139
0.000711413
0.000710791
0.000710061
0.00070938
0.000708513
0.000707833
0.000707118
0.000706486
0.000705863
0.000705252
0.00070459
0.000703785
0.000703135
0.000702435
0.000701793
0.000701047
0.000700481
0.000699797
0.000699109
0.000698382
0.000697628
0.000696948
0.000696486
0.000695719
0.000695081
0.000694338
0.000693555
0.000692854
0.000692213
0.000691651
0.000690908
0.000690322
0.00068968
0.000689076
0.000688252
0.000687527
0.000686842
0.000686185
0.000685642
0.000684949
0.000684403
0.000683726
0.000683023
0.000682396
0.000681708
0.000681008
0.000680331
0.000679738
0.000678984
0.000678432
0.000677766
0.00067706
0.000676505
0.000675851
0.000675257
0.000674595
0.000673941
0.00067308
0.00067243
0.000671801
0.000670999
0.000670522
0.000669915
0.000669147
0.000668539
0.000667882
0.000667319
0.000666714
0.000666065
0.00066543
0.00066478
0.000664149
0.000663564
0.000663001
0.000662258
0.000661538
0.000660908
0.000660194
0.000659531
0.000658843
0.000658216
0.000657688
0.00065703
0.000656485
0.000655846
0.000655255
0.00065454
0.000654067
0.00065343
0.000652783
0.000652005
0.000651411
0.000650645
0.000649912
0.000649272
0.00064877
0.000648253
0.000647594
0.000647092
0.000646264
0.000645744
0.000645161
0.000644427
0.000643945
0.00064338
0.000642625
0.000642124
0.000641249
0.000640684
0.0006401
0.000639501
0.000638838
0.000638336
0.000637636
0.000637033
0.000636397
0.000635784
0.000635283
0.000634671
0.00063413
0.000633592
0.000632868
0.000632295
0.000631522
0.000630922
0.000630248
0.000629624
0.000629143
0.000628499
0.000627836
0.000627254
0.000626652
0.000625992
0.000625552
0.000624972
0.000624323
0.000623755
0.000623051
0.000622375
0.000621759
0.000621132
0.000620549
0.000619855
0.000619285
0.000618845
0.000618198
0.00061777
0.000617162
0.000616597
0.000615942
0.000615366
0.000614736
0.000614102
0.000613496
0.000612873
0.000612324
0.000611741
0.000611152
0.00061031
0.000609938
0.000609194
0.00060872
0.000608153
0.000607663
0.000607157
0.000606491
0.000605852
0.00060528
0.000604562
0.000604131
0.000603452
0.000602995
0.000602403
0.000601809
0.000601123
0.00060054
0.00060001
0.000599369
0.000598882
0.000598354
0.000597797
0.000597265
0.000596612
0.000595891
0.00059534
0.000594691
0.000594281
0.000593642
0.000593171
0.00059268
0.000591985
0.000591409
0.00059082
0.000590385
0.000589834
0.000589221
0.000588596
0.000588047
0.000587325
0.000586707
0.000586246
0.000585708
0.000585033
0.000584517
0.000584027
0.000583383
0.000582795
0.000582335
0.000581888
0.000581334
0.00058074
0.000580147
0.000579541
0.000578994
0.000578495
0.000577903
0.000577266
0.000576798
0.000576316
0.000575681
0.000575104
0.00057461
0.000573996
0.000573442
0.000572897
0.000572384
0.000571851
0.000571371
0.000570737
0.000570249
0.000569634
0.000569028
0.000568505
0.00056788
0.000567319
0.000566791
0.000566294
0.000565809
0.000565121
0.000564715
0.000564111
0.000563622
0.000563114
0.000562548
0.000562129
0.000561449
0.000560928
0.000560338
0.000559744
0.000559244
0.000558706
0.00055823
0.000557594
0.000557079
0.000556505
0.000556064
0.000555543
0.000554999
0.000554497
0.000553963
0.000553299
0.000552859
0.000552281
0.000551759
0.000551347
0.000550698
0.000550175
0.000549702
0.000549261
0.000548823
0.000548147
0.000547622
0.000547007
0.000546439
0.000545923
0.000545301
0.000544747
0.000544275
0.000543725
0.000543319
0.000542725
0.000542159
0.000541767
0.000541267
0.000540776
0.000540285
0.000539875
0.000539245
0.000538803
0.000538182
0.00053772
0.000537098
0.000536608
0.000535978
0.000535542
0.000534922
0.000534433
0.000534024
0.000533561
0.000533034
0.000532516
0.000532139
0.000531548
0.000530928
0.000530352
0.000529862
0.000529417
0.000528939
0.00052841
0.000527837
0.000527302
0.000526812
0.000526363
0.00052591
0.0005254
0.000524977
0.00052446
0.000523908
0.000523219
0.000522766
0.000522224
0.000521696
0.000521243
0.000520782
0.000520269
0.000519796
0.00051931
0.000518898
0.000518348
0.000517906
0.000517526
0.000517041
0.000516665
0.000515935
0.000515389
0.000514721
0.000514323
0.000513699
0.000513145
0.000512697
0.000512271
0.000511857
0.000511431
0.000510914
0.000510389
0.000510091
0.000509576
0.000509211
0.000508769
0.000508069
0.000507474
0.000507008
0.000506538
0.000506036
0.000505502
0.000504973
0.000504363
0.000503917
0.000503407
0.000502982
0.000502648
0.000502186
0.000501844
0.000501405
0.000500929
0.000500281
0.000499816
0.000499354
0.000498725
0.00049835
0.00049785
0.000497179
0.000496789
0.000496354
0.000495901
0.000495516
0.000495066
0.000494656
0.000494203
0.000493637
0.000493281
0.000492688
0.000492292
0.000491704
0.000491128
0.000490665
0.000490074
0.000489565
0.000489102
0.000488682
0.000488247
0.000487918
0.000487516
0.000487226
0.000486645
0.000486152
0.00048579
0.000485208
0.000484797
0.000484285
0.000483811
0.000483276
0.000482788
0.000482226
0.000481719
0.000481232
0.000480861
0.000480374
0.000479936
0.000479554
0.000479121
0.000478599
0.000478302
0.000477856
0.000477396
0.000477053
0.000476502
0.000476025
0.000475568
0.000475101
0.000474649
0.000474091
0.000473609
0.000473152
0.000472596
0.000472106
0.000471775
0.00047133
0.000470773
0.000470293
0.000469932
0.000469576
0.000469145
0.000468629
0.000468286
0.000467947
0.000467616
0.00046712
0.000466574
0.00046605
0.000465554
0.00046514
0.000464531
0.000464208
0.000463718
0.000463292
0.000462826
0.000462261
0.000461947
0.000461568
0.000461059
0.000460653
0.000460192
0.000459766
0.000459422
0.000459004
0.000458596
0.000458168
0.000457671
0.000457159
0.000456911
0.000456377
0.000455946
0.000455477
0.000454851
0.000454422
0.000453867
0.000453448
0.000453103
0.000452729
0.000452308
0.000451945
0.000451569
0.000451181
0.000450738
0.000450258
0.000449763
0.000449401
0.000448981
0.000448455
0.000448056
0.00044764
0.000447216
0.000446756
0.000446341
0.000445973
0.000445524
0.000445002
0.000444647
0.000444325
0.000443875
0.000443547
0.000443044
0.000442564
0.000442111
0.000441772
0.000441258
0.000440899
0.000440414
0.000439923
0.000439474
0.000439109
0.000438615
0.000438228
0.00043781
0.0004374
0.000436981
0.000436624
0.000436161
0.000435875
0.000435438
0.000435031
0.00043455
0.000434101
0.000433824
0.000433268
0.000432865
0.000432612
0.000432233
0.000431806
0.000431314
0.000430937
0.000430455
0.000429968
0.000429636
0.00042932
0.000428906
0.000428513
0.00042806
0.000427609
0.000427186
0.000426749
0.000426215
0.000425856
0.000425423
0.00042504
0.000424644
0.000424287
0.000423826
0.0004234
0.00042311
0.000422833
0.000422329
0.000421833
0.000421451
0.000421096
0.000420694
0.000420397
0.00042
0.000419549
0.00041909
0.000418674
0.000418261
0.000417971
0.000417438
0.00041708
0.000416685
0.000416345
0.000415884
0.000415632
0.000415176
0.000414598
0.000414298
0.000413974
0.000413486
0.000413103
0.000412711
0.000412395
0.00041207
0.000411543
0.000411226
0.000410739
0.000410321
0.00041004
0.000409624
0.000409202
0.000408843
0.000408471
0.000408068
0.000407594
0.000407344
0.000406827
0.000406413
0.000406027
0.000405762
0.00040528
0.000404933
0.000404544
0.000404261
0.00040386
0.000403494
0.000403083
0.000402666
0.000402335
0.000401924
0.000401588
0.000401169
0.00040073
0.000400358
0.000400002
0.000399467
0.000399105
0.000398827
0.000398361
0.000397989
0.000397688
0.000397378
0.000397024
0.000396623
0.000396146
0.000395766
0.00039538
0.000395013
0.000394621
0.000394183
0.000393887
0.000393479
0.000393228
0.000392792
0.000392436
0.000392119
0.00039181
0.000391318
0.000390907
0.000390614
0.000390228
0.000389834
0.000389433
0.000389069
0.000388734
0.000388315
0.000388025
0.000387573
0.000387241
0.000386753
0.000386416
0.000386155
0.000385764
0.000385445
0.000385008
0.000384644
0.000384262
0.000383854
0.00038348
0.000383081
0.000382834
0.000382403
0.000382136
0.000381776
0.000381411
0.000381004
0.000380597
0.000380157
0.000379873
0.000379399
0.000379176
0.000378755
0.000378412
0.000378158
0.00037788
0.000377625
0.00037721
0.000376829
0.000376423
0.000376198
0.000375702
0.000375258
0.000374834
0.000374468
0.000374128
0.000373918
0.000373508
0.000373171
0.000372842
0.000372464
0.000372149
0.000371829
0.000371466
0.000371006
0.000370591
0.000370382
0.000369923
0.000369599
0.000369235
0.000368997
0.000368612
0.000368268
0.000367837
0.000367416
0.000367046
0.000366772
0.000366411
0.000366034
0.000365646
0.000365322
0.000365021
0.000364806
0.000364382
0.000364013
0.000363711
0.000363371
0.000363115
0.00036273
0.000362405
0.000362158
0.000361761
0.000361344
0.000360979
0.000360705
0.000360488
0.000360108
0.000359564
0.000359273
0.000358924
0.000358508
0.000358094
0.000357725
0.000357352
0.000357088
0.000356796
0.000356542
0.000356088
0.000355887
0.000355594
0.000355192
0.000354763
0.000354585
0.000354259
0.000353996
0.00035364
0.000353304
0.000353061
0.000352661
0.000352404
0.000352004
0.000351547
0.000351163
0.00035087
0.000350477
0.000350056
0.000349755
0.000349451
0.000349128
0.000348889
0.000348496
0.000348182
0.000347743
0.000347465
0.00034716
0.000346846
0.00034658
0.000346341
0.000346051
0.000345697
0.000345278
0.000344978
0.000344721
0.000344397
0.000344075
0.000343642
0.000343404
0.00034298
0.000342786
0.000342348
0.000341878
0.000341571
0.000341272
0.000341014
0.000340584
0.00034031
0.000339957
0.00033967
0.000339439
0.000339067
0.00033871
0.000338538
0.000338129
0.000337832
0.000337533
0.000337205
0.00033689
0.000336591
0.000336266
0.000336082
0.000335655
0.000335305
0.000334962
0.000334508
0.000334177
0.000333882
0.000333646
0.000333342
0.000333131
0.000332735
0.000332432
0.000332072
0.000331783
0.000331491
0.00033124
0.000330779
0.000330533
0.000330091
0.000329894
0.000329546
0.000329278
0.000329036
0.000328793
0.00032843
0.000328109
0.000327865
0.000327561
0.000327297
0.000326903
0.000326659
0.000326402
0.000325975
0.000325605
0.00032535
0.000324993
0.00032473
0.000324295
0.000324033
0.000323827
0.000323414
0.000323079
0.000322643
0.000322471
0.000322191
0.000321774
0.000321604
0.000321228
0.000321065
0.000320795
0.000320509
0.00032019
0.000319935
0.000319569
0.000319273
0.000319002
0.000318638
0.000318367
0.000318005
0.000317696
0.000317354
0.000317144
0.000316738
0.000316512
0.000316234
0.00031588
0.000315434
0.000315247
0.000314902
0.0003146
0.000314389
0.000314091
0.000313781
0.000313607
0.000313267
0.000313057
0.000312719
0.00031251
0.000312213
0.000311918
0.000311656
0.000311289
0.000310887
0.000310616
0.000310288
0.000309987
0.000309786
0.000309418
0.00030903
0.000308824
0.000308533
0.000308191
0.00030792
0.000307514
0.00030731
0.000306957
0.00030673
0.000306445
0.000306181
0.000305974
0.000305804
0.000305438
0.000305233
0.000304955
0.00030478
0.000304546
0.000304199
0.000303904
0.000303537
0.00030326
0.000302991
0.000302746
0.000302533
0.000302042
0.000301759
0.00030148
0.000301225
0.000300891
0.00030056
0.000300148
0.000299902
0.000299561
0.000299252
0.000298998
0.000298716
0.000298408
0.000298246
0.0002979
0.000297766
0.000297494
0.000297217
0.000296885
0.000296574
0.000296389
0.000296041
0.00029573
0.000295509
0.000295311
0.000295068
0.000294778
0.000294513
0.000294337
0.000293963
0.000293649
0.00029342
0.000293087
0.00029272
0.00029246
0.000292232
0.000291872
0.00029167
0.000291299
0.000291023
0.000290836
0.000290475
0.000290198
0.000289907
0.00028962
0.00028934
0.000289157
0.000288839
0.000288635
0.000288316
0.000288057
0.000287934
0.000287637
0.000287229
0.000287233
0.000286955
0.000286687
0.000286397
0.000286107
0.000285909
0.000285618
0.000285362
0.000285135
0.000284838
0.000284601
0.000284337
0.00028396
0.000283656
0.000283352
0.000283134
0.000282828
0.000282663
0.000282195
0.000281883
0.000281698
0.000281331
0.000281107
0.000280817
0.00028058
0.000280354
0.000280123
0.000279932
0.000279664
0.000279451
0.000279122
0.000278863
0.000278746
0.000278386
0.000278117
0.000277753
0.000277492
0.000277353
0.000277111
0.000276915
0.000276682
0.000276366
0.000276055
0.00027576
0.000275521
0.000275217
0.000274888
0.000274581
0.000274343
0.000274085
0.000273727
0.000273574
0.000273199
0.000273008
0.000272804
0.000272668
0.000272401
0.000272106
0.000271916
0.000271629
0.000271501
0.000271214
0.000270937
0.000270773
0.000270421
0.00027019
0.000269978
0.000269627
0.000269357
0.000269177
0.000268786
0.000268669
0.000268429
0.000268215
0.000267969
0.00026771
0.000267494
0.000267086
0.000266944
0.00026664
0.000266431
0.000266235
0.000265864
0.000265576
0.00026531
0.00026507
0.000264807
0.000264627
0.000264448
0.000264171
0.000263981
0.000263755
0.000263456
0.00026326
0.000263008
0.000262679
0.000262466
0.000262219
0.00026206
0.000261812
0.000261481
0.000261286
0.000260957
0.000260729
0.000260533
0.000260264
0.000259904
0.000259752
0.000259544
0.000259198
0.000258972
0.000258695
0.000258583
0.000258208
0.000257959
0.000257701
0.000257622
0.000257302
0.000257125
0.000256742
0.000256523
0.000256307
0.000256094
0.000255874
0.000255598
0.000255399
0.000255089
0.000254931
0.000254645
0.000254498
0.000254303
0.000254049
0.000253788
0.000253624
0.000253432
0.0002531
0.00025284
0.000252646
0.000252541
0.000252242
0.000252023
0.000251763
0.000251584
0.000251363
0.000251021
0.000250769
0.000250613
0.000250261
0.000250166
0.000249798
0.000249475
0.00024935
0.000249159
0.000248943
0.000248807
0.000248448
0.000248288
0.000247927
0.000247737
0.000247494
0.00024739
0.000247132
0.000246827
0.000246621
0.000246405
0.00024611
0.000245973
0.000245638
0.000245489
0.000245296
0.000244953
0.000244841
0.000244627
0.000244381
0.000243987
0.00024384
0.000243738
0.00024348
0.000243247
0.000243092
0.000242783
0.000242526
0.000242232
0.00024212
0.000241958
0.000241678
0.000241379
0.00024112
0.000240934
0.000240755
0.000240421
0.000240371
0.000240067
0.000239922
0.000239559
0.000239328
0.000239072
0.000238946
0.000238729
0.000238533
0.000238286
0.00023813
0.000237812
0.000237638
0.000237291
0.000237185
0.000236976
0.000236733
0.000236553
0.000236248
0.000235995
0.000235846
0.000235642
0.000235416
0.000235192
0.000234998
0.000234862
0.00023455
0.000234358
0.00023407
0.000233787
0.000233619
0.000233448
0.000233202
0.000232896
0.00023268
0.000232552
0.000232322
0.000232117
0.000231976
0.000231802
0.000231532
0.000231377
0.000231218
0.00023106
0.000230854
0.000230708
0.000230308
0.000230202
0.00022999
0.000229794
0.000229541
0.000229282
0.00022915
0.000228735
0.00022869
0.000228528
0.00022823
0.000227951
0.000227768
0.000227414
0.000227313
0.000227134
0.000226956
0.000226661
0.000226455
0.000226208
0.000226107
0.000225816
0.000225654
0.000225419
0.000225227
0.000224993
0.000224788
0.000224608
0.000224278
0.000224164
0.000223922
0.00022371
0.000223506
0.00022336
0.00022316
0.000222838
0.000222626
0.00022246
0.00022227
0.000222111
0.000221916
0.000221739
0.000221566
0.000221455
0.000221152
0.000220984
0.00022065
0.000220464
0.000220326
0.000220109
0.000219965
0.00021967
0.00021947
0.000219251
0.000219112
0.000218822
0.000218678
0.000218509
0.000218277
0.00021818
0.000217892
0.000217708
0.000217493
0.000217305
0.00021719
0.000216937
0.000216723
0.000216508
0.000216372
0.000216079
0.000215976
0.000215706
0.000215596
0.00021535
0.000215105
0.000214949
0.000214736
0.0002146
0.000214429
0.000214182
0.000213929
0.000213793
0.000213625
0.000213459
0.000213216
0.000212929
0.0002128
0.000212641
0.000212322
0.000212223
0.000212
0.000211812
0.000211657
0.000211413
0.000211262
0.000211127
0.000210868
0.000210636
0.000210465
0.000210279
0.000210042
0.000209773
0.000209594
0.000209364
0.000209306
0.000209011
0.00020884
0.00020869
0.000208495
0.000208296
0.000208147
0.00020789
0.000207753
0.000207482
0.000207307
0.000207192
0.000207002
0.000206821
0.000206548
0.000206414
0.000206164
0.00020603
0.000205758
0.000205558
0.00020548
0.000205292
0.000205169
0.000204879
0.000204695
0.000204627
0.000204332
0.000204206
0.000204045
0.000203832
0.000203644
0.000203407
0.000203266
0.000203026
0.00020278
0.000202653
0.000202436
0.000202341
0.00020213
0.000201975
0.00020185
0.000201635
0.000201515
0.000201318
0.000201103
0.000201008
0.000200801
0.000200581
0.000200404
0.000200248
0.000200071
0.000199841
0.000199685
0.000199399
0.000199158
0.000199039
0.000198869
0.000198566
0.000198482
0.000198264
0.00019811
0.000197999
0.000197798
0.000197681
0.000197451
0.000197269
0.000197164
0.000196835
0.000196664
0.000196526
0.000196358
0.000196225
0.000195987
0.000195776
0.000195571
0.000195378
0.000195274
0.000195024
0.000194815
0.000194664
0.00019448
0.000194397
0.000194235
0.000194044
0.000193883
0.000193689
0.00019349
0.000193404
0.000193131
0.000193036
0.000192734
0.000192616
0.000192541
0.0001922
0.000192074
0.000191849
0.000191756
0.000191562
0.000191365
0.000191228
0.000191025
0.000190908
0.000190754
0.000190537
0.000190368
0.000190132
0.000189989
0.000189922
0.000189672
0.000189495
0.000189259
0.000189176
0.000189054
0.00018879
0.000188653
0.000188433
0.000188236
0.000188129
0.000187906
0.000187763
0.000187495
0.000187488
0.000187316
0.000187154
0.000186996
0.000186833
0.000186619
0.000186488
0.000186238
0.000186039
0.000185986
0.000185793
0.000185646
0.000185467
0.000185178
0.000185157
0.000184951
0.000184741
0.000184619
0.00018443
0.000184196
0.000184075
0.000183942
0.000183789
0.000183647
0.000183391
0.000183187
0.000183093
0.00018294
0.000182733
0.000182515
0.000182405
0.000182175
0.000182163
0.000181881
0.000181786
0.000181582
0.00018133
0.000181201
0.000181063
0.000180926
0.000180769
0.00018054
0.000180396
0.000180312
0.000180082
0.000179992
0.000179772
0.000179652
0.000179542
0.000179282
0.000179243
0.00017902
0.00017909
0.000178812
0.000178636
0.000178412
0.000178216
0.000178065
0.000177745
0.000177785
0.00017754
0.000177346
0.000177119
0.000177015
0.000176869
0.000176739
0.000176562
0.000176401
0.000176319
0.000176093
0.000175995
0.000175886
0.000175703
0.000175485
0.000175322
0.000175255
0.000175127
0.000174915
0.000174693
0.000174541
0.000174366
0.000174145
0.000174029
0.000173961
0.000173697
0.000173582
0.000173452
0.000173286
0.000173143
0.000173045
0.000172825
0.000172633
0.000172445
0.00017229
0.000172221
0.000171973
0.000171896
0.000171648
0.000171554
0.000171322
0.000171332
0.0001712
0.000170963
0.000170862
0.000170689
0.000170524
0.000170546
0.000170223
0.000170078
0.000169867
0.000169803
0.000169536
0.000169357
0.000169286
0.000169094
0.000169144
0.000168835
0.000168799
0.000168536
0.000168395
0.000168219
0.000168081
0.000168005
0.000167744
0.0001676
0.000167417
0.000167283
0.000167044
0.000166993
0.000166878
0.000166707
0.00016653
0.000166481
0.000166198
0.000166105
0.000165992
0.000165751
0.000165611
0.000165529
0.000165294
0.000165205
0.000165128
0.000164935
0.000164711
0.000164655
0.000164469
0.000164314
0.000164067
0.000163976
0.000163877
0.000163716
0.000163646
0.000163358
0.000163363
0.000163263
0.000163044
0.000162899
0.000162679
0.000162541
0.000162437
0.000162374
0.000162221
0.00016196
0.000162018
0.000161762
0.000161633
0.000161542
0.000161286
0.000161305
0.00016118
0.000160997
0.000160825
0.000160602
0.000160552
0.00016039
0.00016022
0.000160057
0.000159905
0.00015983
0.00015961
0.000159485
0.000159373
0.000159228
0.000159127
0.000158882
0.000158733
0.000158551
0.000158402
0.000158236
0.000158017
0.000157915
0.000157799
0.000157804
0.000157597
0.000157478
0.00015731
0.00015709
0.000156963
0.000156804
0.000156798
0.000156525
0.000156421
0.000156268
0.000156179
0.000156054
0.00015589
0.000155721
0.000155706
0.000155574
0.000155398
0.000155253
0.000155098
0.000154976
0.000154795
0.000154609
0.000154478
0.000154366
0.000154225
0.000154076
0.000154042
0.000153897
0.000153644
0.000153602
0.000153474
0.000153222
0.000153173
0.000153029
0.000152884
0.000152882
0.000152583
0.00015249
0.000152299
0.000152274
0.000152172
0.000151979
0.0001519
0.000151728
0.000151561
0.000151548
0.000151317
0.000151217
0.000151022
0.000150941
0.00015076
0.00015062
0.000150502
0.000150447
0.000150189
0.000150232
0.000150006
0.000149819
0.000149721
0.000149598
0.000149455
0.000149296
0.000149145
0.000149132
0.000148906
0.000148798
0.000148575
0.000148413
0.000148403
0.000148239
0.000148005
0.000147842
0.000147809
0.000147596
0.000147536
0.000147307
0.000147285
0.000147124
0.000146959
0.000146847
0.000146824
0.000146606
0.000146446
0.000146333
0.000146255
0.000146126
0.000146066
0.000145861
0.00014575
0.000145596
0.000145508
0.000145321
0.000145159
0.000145074
0.000144953
0.000144872
0.000144678
0.000144658
0.000144478
0.00014433
0.000144247
0.000144075
0.000143983
0.00014395
0.000143701
0.000143644
0.000143495
0.000143376
0.000143211
0.000143097
0.00014299
0.000142782
0.000142677
0.00014257
0.000142499
0.000142381
0.000142205
0.000142074
0.000142083
0.000141823
0.000141695
0.000141634
0.00014152
0.000141416
0.000141241
0.000141182
0.000141042
0.000140856
0.00014064
0.000140592
0.000140424
0.000140336
0.000140218
0.000140186
0.00013999
0.000139926
0.000139754
0.000139712
0.00013955
0.00013932
0.000139167
0.000138911
0.000138911
0.000138817
0.00013851
0.00013847
0.000138389
0.000138224
0.000138152
0.000138036
0.000137836
0.000137703
0.000137664
0.000137558
0.000137423
0.000137339
0.000137204
0.000136985
0.000136876
0.000136744
0.000136607
0.000136541
0.000136391
0.000136292
0.000136238
0.000136085
0.000135942
0.000135929
0.00013581
0.000135789
0.000135656
0.000135463
0.000135384
0.000135317
0.000135248
0.00013514
0.000134935
0.00013472
0.000134662
0.000134583
0.000134526
0.000134343
0.000134267
0.000134076
0.000133943
0.000133899
0.000133774
0.000133558
0.000133439
0.000133417
0.000133324
0.000133142
0.000133117
0.000132988
0.000132822
0.000132854
0.000132666
0.000132394
0.000132352
0.000132352
0.000132104
0.000132049
0.00013195
0.000131781
0.000131616
0.000131431
0.000131334
0.000131379
0.000131074
0.000131046
0.000130885
0.000130882
0.000130548
0.000130478
0.00013026
0.000130264
0.000130069
0.000130028
0.000129844
0.000129724
0.00012973
0.000129557
0.000129425
0.000129244
0.000129162
0.000129086
0.000128964
0.000128912
0.000128706
0.000128584
0.000128613
0.00012847
0.00012833
0.000128273
0.000128138
0.00012814
0.000127985
0.000127864
0.000127711
0.000127638
0.000127549
0.000127387
0.000127376
0.000127164
0.00012703
0.000127065
0.000126864
0.000126751
0.000126666
0.000126584
0.000126466
0.000126423
0.000126223
0.000126083
0.000125966
0.000125873
0.000125853
0.000125723
0.000125527
0.000125461
0.000125454
0.000125311
0.000125225
0.000125053
0.000124881
0.000124809
0.000124692
0.000124641
0.000124465
0.00012448
0.000124317
0.000124238
0.000124045
0.00012399
0.000123837
0.000123817
0.000123667
0.000123511
0.000123374
0.000123315
0.000123279
0.000122984
0.00012297
0.000122821
0.000122685
0.000122559
0.000122462
0.00012242
0.000122275
0.000122143
0.000122148
0.00012186
0.00012188
0.000121703
0.000121617
0.000121486
0.000121404
0.000121268
0.000121173
0.00012113
0.000120958
0.000120981
0.00012086
0.000120696
0.000120649
0.00012049
0.000120449
0.000120295
0.000120265
0.000120048
0.000120017
0.00011987
0.000119877
0.000119757
0.000119647
0.000119574
0.00011939
0.000119237
0.000119209
0.00011913
0.00011908
0.000119016
0.000118706
0.000118654
0.000118575
0.000118467
0.000118409
0.000118306
0.00011821
0.000118135
0.000118027
0.000117811
0.000117812
0.000117654
0.000117604
0.000117438
0.000117422
0.000117213
0.000117158
0.000117032
0.000116928
0.000116844
0.000116712
0.000116782
0.000116543
0.000116386
0.000116379
0.000116277
0.000116229
0.00011612
0.000115964
0.000115924
0.000115753
0.000115725
0.000115555
0.000115387
0.000115383
0.000115142
0.000115192
0.000115009
0.000114886
0.000114774
0.000114668
0.000114695
0.000114519
0.000114421
0.000114315
0.000114173
0.000114151
0.000114006
0.000113879
0.000113787
0.000113645
0.000113565
0.000113635
0.000113373
0.000113366
0.000113301
0.000113178
0.000113097
0.000113098
0.000112882
0.000112799
0.000112784
0.000112677
0.000112544
0.00011241
0.000112315
0.000112175
0.000112158
0.000112033
0.000111956
0.000111782
0.000111695
0.000111693
0.000111527
0.000111478
0.000111352
0.00011128
0.000111225
0.000111107
0.000110991
0.000110846
0.000110797
0.000110649
0.000110662
0.000110512
0.000110412
0.000110411
0.000110249
0.0001101
0.000110018
0.000109878
0.000109805
0.00010976
0.000109675
0.000109578
0.000109519
0.000109362
0.000109235
0.000109185
0.000109169
0.000109041
0.000108932
0.000108852
0.000108667
0.000108612
0.000108553
0.000108377
0.000108352
0.000108273
0.000108083
0.000108141
0.000107973
0.000107873
0.000107838
0.000107738
0.000107642
0.000107515
0.000107421
0.00010731
0.000107199
0.000107056
0.000107014
0.000106981
0.000106821
0.000106782
0.000106741
0.000106562
0.000106509
0.000106437
0.00010637
0.000106261
0.000106069
0.000106107
0.000105994
0.000105925
0.000105731
0.000105702
0.000105598
0.000105517
0.000105497
0.000105226
0.000105226
0.000105142
0.000105078
0.000105064
0.00010479
0.000104768
0.000104778
0.00010468
0.000104509
0.000104429
0.000104382
0.000104303
0.000104247
0.000104087
0.000103884
0.000103898
0.000103768
0.000103727
0.0001037
0.000103477
0.000103458
0.000103375
0.000103235
0.000103189
0.000103001
0.000103072
0.000102994
0.000102897
0.00010277
0.000102678
0.000102546
0.000102464
0.000102394
0.000102319
0.000102307
0.000102116
0.000102037
0.000102045
0.000101874
0.000101849
0.000101711
0.000101645
0.000101639
0.000101461
0.000101442
0.000101168
0.000101373
0.000101133
0.000101045
0.000100887
0.000100779
0.000100739
0.000100629
0.000100558
0.000100521
0.000100473
0.000100372
0.00010022
0.000100153
0.000100024
9.98827e-05
