   0.772684
    1.53794
    2.28841
          3
          3
          3
          3
          3
          3
          3
          3
          3
          3
          3
          3
          3
          3
          3
          3
          3
          3
          3
          3
          3
          3
          3
          3
          3
    2.28893
    1.53832
   0.772885
   0.751123
    1.49503
    2.22455
    2.93267
          3
          3
          3
          3
          3
          3
          3
          3
          3
          3
          3
          3
          3
          3
          3
          3
          3
          3
          3
          3
          3
          3
          3
    2.93324
    2.22502
    1.49537
   0.751307
   0.729865
    1.45272
    2.16159
    2.84967
          3
          3
          3
          3
          3
          3
          3
          3
          3
          3
          3
          3
          3
          3
          3
          3
          3
          3
          3
          3
          3
          3
          3
    2.85017
    2.16201
    1.45302
   0.730031
   0.708907
      1.411
    2.09952
    2.76783
          3
          3
          3
          3
          3
          3
          3
          3
          3
          3
          3
          3
          3
          3
          3
          3
          3
          3
          3
          3
          3
          3
          3
    2.76829
     2.0999
    1.41128
   0.709056
   0.688249
    1.36988
    2.03834
    2.68717
          3
          3
          3
          3
          3
          3
          3
          3
          3
          3
          3
          3
          3
          3
          3
          3
          3
          3
          3
          3
          3
          3
          3
    2.68758
    2.03867
    1.37013
   0.688382
   0.667892
    1.32936
    1.97804
    2.60768
          3
          3
          3
          3
          3
          3
          3
          3
          3
          3
          3
          3
          3
          3
          3
          3
          3
          3
          3
          3
          3
          3
          3
    2.60805
    1.97834
    1.32958
    0.66801
   0.647834
    1.28944
    1.91864
    2.52936
          3
          3
          3
          3
          3
          3
          3
          3
          3
          3
          3
          3
          3
          3
          3
          3
          3
          3
          3
          3
          3
          3
          3
    2.52969
     1.9189
    1.28963
   0.647939
   0.628076
    1.25011
    1.86012
    2.45222
          3
          3
          3
          3
          3
          3
          3
          3
          3
          3
          3
          3
          3
          3
          3
          3
          3
          3
          3
          3
          3
          3
          3
    2.45251
    1.86036
    1.25029
    0.62817
   0.608619
    1.21139
    1.80249
    2.37625
    2.92713
          3
          3
          3
          3
          3
          3
          3
          3
          3
          3
          3
          3
          3
          3
          3
          3
          3
          3
          3
          3
          3
    2.92742
    2.37651
    1.80271
    1.21154
   0.608704
   0.589466
    1.17326
    1.74576
    2.30146
      2.835
          3
          3
          3
          3
          3
          3
          3
          3
          3
          3
          3
          3
          3
          3
          3
          3
          3
          3
          3
          3
          3
    2.83526
    2.30169
    1.74596
     1.1734
    0.58954
   0.570612
    1.13574
    1.68993
    2.22785
    2.74432
          3
          3
          3
          3
          3
          3
          3
          3
          3
          3
          3
          3
          3
          3
          3
          3
          3
          3
          3
          3
          3
    2.74455
    2.22805
    1.69009
    1.13586
   0.570678
   0.552061
    1.09881
    1.63498
    2.15542
    2.65509
          3
          3
          3
          3
          3
          3
          3
          3
          3
          3
          3
          3
          3
          3
          3
          3
          3
          3
          3
          3
          3
    2.65529
    2.15559
    1.63513
    1.09891
   0.552117
    0.53381
    1.06248
    1.58093
    2.08416
    2.56732
          3
          3
          3
          3
          3
          3
          3
          3
          3
          3
          3
          3
          3
          3
          3
          3
          3
          3
          3
          3
          3
    2.56748
    2.08431
    1.58106
    1.06257
   0.533859
   0.515862
    1.02676
    1.52778
    2.01408
    2.48099
    2.92402
          3
          3
          3
          3
          3
          3
          3
          3
          3
          3
          3
          3
          3
          3
          3
          3
          3
          3
          3
    2.92416
    2.48113
    2.01421
    1.52788
    1.02684
   0.515904
   0.498217
   0.991639
    1.47551
    1.94518
    2.39612
    2.82399
          3
          3
          3
          3
          3
          3
          3
          3
          3
          3
          3
          3
          3
          3
          3
          3
          3
          3
          3
    2.82411
    2.39624
    1.94528
     1.4756
   0.991699
    0.49825
   0.480873
   0.957117
    1.42415
    1.87747
     2.3127
    2.72567
          3
          3
          3
          3
          3
          3
          3
          3
          3
          3
          3
          3
          3
          3
          3
          3
          3
          3
          3
    2.72576
    2.31278
    1.87754
    1.42421
   0.957162
   0.480897
   0.463831
   0.923197
    1.37367
    1.81092
    2.23073
    2.62906
          3
          3
          3
          3
          3
          3
          3
          3
          3
          3
          3
          3
          3
          3
          3
          3
          3
          3
          3
    2.62911
    2.23078
    1.81097
    1.37371
   0.923225
   0.463846
    0.44709
   0.889875
    1.32409
    1.74556
    2.15022
    2.53417
    2.89371
          3
          3
          3
          3
          3
          3
          3
          3
          3
          3
          3
          3
          3
          3
          3
          3
          3
    2.89373
    2.53419
    2.15024
    1.74558
    1.32411
   0.889891
   0.447099
    0.43065
   0.857153
     1.2754
    1.68137
    2.07114
    2.44097
    2.78729
          3
          3
          3
          3
          3
          3
          3
          3
          3
          3
          3
          3
          3
          3
          3
          3
          3
     2.7873
    2.44098
    2.07116
    1.68138
    1.27541
   0.857157
   0.430652
    0.41451
   0.825029
     1.2276
    1.61835
    1.99352
    2.34949
    2.68283
    2.99033
          3
          3
          3
          3
          3
          3
          3
          3
          3
          3
          3
          3
          3
          3
          3
    2.99032
    2.68282
    2.34947
    1.99351
    1.61834
    1.22759
   0.825022
   0.414507
   0.398674
   0.793509
     1.1807
    1.55652
    1.91736
    2.25972
    2.58032
    2.87607
          3
          3
          3
          3
          3
          3
          3
          3
          3
          3
          3
          3
          3
          3
          3
    2.87603
    2.58028
    2.25968
    1.91732
    1.55649
    1.18067
   0.793489
   0.398664
   0.383138
   0.762585
    1.13469
    1.49586
    1.84263
    2.17165
    2.47975
    2.76398
          3
          3
          3
          3
          3
          3
          3
          3
          3
          3
          3
          3
          3
          3
          3
    2.76392
     2.4797
    2.17159
    1.84257
    1.49581
    1.13465
   0.762554
   0.383121
   0.367904
   0.732263
    1.08957
    1.43638
    1.76936
    2.08529
    2.38115
    2.65407
    2.90142
          3
          3
          3
          3
          3
          3
          3
          3
          3
          3
          3
          3
          3
    2.90134
    2.65398
    2.38106
    2.08521
    1.76928
    1.43631
    1.08951
   0.732219
    0.36788
    0.35297
    0.70254
    1.04534
    1.37807
    1.69754
    2.00064
    2.28448
    2.54632
    2.78364
    2.99414
          3
          3
          3
          3
          3
          3
          3
          3
          3
          3
          3
    2.99405
    2.78353
    2.54621
    2.28437
    2.00054
    1.69743
    1.37799
    1.04527
   0.702488
   0.352942
   0.338338
   0.673416
    1.00201
    1.32094
    1.62716
     1.9177
    2.18977
    2.44076
    2.66823
       2.87
          3
          3
          3
          3
          3
          3
          3
          3
          3
          3
          3
     2.8699
    2.66811
    2.44063
    2.18964
    1.91758
    1.62704
    1.32084
    1.00192
   0.673354
   0.338305
   0.324007
   0.644891
   0.959562
    1.26499
    1.55823
    1.83647
    2.09701
    2.33736
     2.5552
    2.74842
    2.91518
          3
          3
          3
          3
          3
          3
          3
          3
          3
    2.91507
     2.7483
    2.55506
    2.33722
    2.09687
    1.83633
     1.5581
    1.26487
   0.959466
   0.644821
    0.32397
   0.309977
   0.616967
   0.918013
    1.21021
    1.49076
    1.75694
     2.0062
    2.23614
    2.44454
     2.6294
    2.78894
    2.92161
          3
          3
          3
          3
          3
          3
          3
    2.92151
    2.78881
    2.62926
    2.44439
    2.23598
    2.00604
    1.75678
    1.49061
    1.21008
   0.917905
   0.616889
   0.309936
    0.29625
   0.589644
   0.877355
    1.15662
    1.42473
    1.67913
    1.91735
     2.1371
    2.33627
    2.51294
     2.6654
    2.79219
     2.8921
    2.96415
          3
          3
          3
    2.96409
    2.89201
    2.79209
    2.66527
    2.51279
     2.3361
    2.13692
    1.91717
    1.67896
    1.42457
    1.15647
   0.877239
   0.589559
   0.296204
   0.282823
   0.562919
    0.83759
    1.10419
    1.36016
    1.60302
    1.83044
    2.04023
    2.23037
    2.39903
    2.54458
    2.66563
    2.76101
    2.82979
    2.87132
     2.8852
    2.87128
    2.82972
     2.7609
    2.66551
    2.54444
    2.39887
    2.23019
    2.04004
    1.83025
    1.60284
    1.35999
    1.10404
   0.837467
    0.56283
   0.282775
   0.269697
   0.536793
   0.798716
    1.05294
    1.29703
    1.52862
    1.74548
    1.94553
    2.12685
    2.28768
    2.42647
     2.5419
    2.63285
    2.69844
    2.73804
    2.75127
      2.738
    2.69837
    2.63275
    2.54177
    2.42632
    2.28751
    2.12667
    1.94534
    1.74529
    1.52843
    1.29685
    1.05279
   0.798588
   0.536701
   0.269647
   0.256873
   0.511267
   0.760735
    1.00287
    1.23535
    1.45593
    1.66248
    1.85301
     2.0257
    2.17888
    2.31108
    2.42102
    2.50764
     2.5701
    2.60782
    2.62042
    2.60778
    2.57004
    2.50754
    2.42088
    2.31092
    2.17871
    2.02552
    1.85282
    1.66228
    1.45573
    1.23517
    1.00271
   0.760603
   0.511173
   0.256822
   0.244351
   0.486344
   0.723648
   0.953981
    1.17512
    1.38495
    1.58143
    1.76267
    1.92694
    2.07265
     2.1984
    2.30298
    2.38537
    2.44479
    2.48067
    2.49265
    2.48063
    2.44472
    2.38527
    2.30284
    2.19824
    2.07247
    1.92675
    1.76247
    1.58122
    1.38475
    1.17494
   0.953817
   0.723513
   0.486246
   0.244298
    0.23213
    0.46202
   0.687457
   0.906268
    1.11635
    1.31568
    1.50233
    1.67451
    1.83056
    1.96898
    2.08844
    2.18778
    2.26605
     2.3225
    2.35658
    2.36796
    2.35655
    2.32243
    2.26595
    2.18765
    2.08828
     1.9688
    1.83037
     1.6743
    1.50212
    1.31547
    1.11616
   0.906101
   0.687318
    0.46192
   0.232076
   0.220211
   0.438297
   0.652158
   0.859733
    1.05902
    1.24812
    1.42518
    1.58852
    1.73656
    1.86787
    1.98119
    2.07543
    2.14968
    2.20323
    2.23556
    2.24636
    2.23553
    2.20316
    2.14958
     2.0753
    1.98103
    1.86769
    1.73636
    1.58832
    1.42498
    1.24791
    1.05884
   0.859565
   0.652019
   0.438196
   0.220157
   0.208594
   0.415175
   0.617753
   0.814377
    1.00315
    1.18227
    1.34999
    1.50471
    1.64494
    1.76932
    1.87666
    1.96593
    2.03626
    2.08698
    2.11761
    2.12784
    2.11757
    2.08692
    2.03616
     1.9658
    1.87651
    1.76914
    1.64474
    1.50451
    1.34979
    1.18207
    1.00297
   0.814209
   0.617614
   0.415074
    0.20854
   0.197278
   0.392653
   0.584241
   0.770198
   0.948735
    1.11813
    1.27676
    1.42308
     1.5557
    1.67334
    1.77485
    1.85928
    1.92579
    1.97376
    2.00272
    2.01239
    2.00269
    1.97369
    1.92569
    1.85914
     1.7747
    1.67316
    1.55551
    1.42288
    1.27655
    1.11793
   0.948549
   0.770033
   0.584104
   0.392553
   0.197225
   0.186265
   0.370732
   0.551624
   0.727199
   0.895768
    1.05571
    1.20548
    1.34363
    1.46885
    1.57991
    1.67576
    1.75547
    1.81827
    1.86356
     1.8909
    1.90004
    1.89087
    1.86349
    1.81817
    1.75534
    1.67561
    1.57974
    1.46866
    1.34343
    1.20528
    1.05551
   0.895586
   0.727037
    0.55149
   0.370634
   0.186212
   0.175553
   0.349411
     0.5199
   0.685379
   0.844254
   0.994994
    1.13615
    1.26636
    1.38437
    1.48905
    1.57939
    1.65451
     1.7137
    1.75639
    1.78216
    1.79076
    1.78212
    1.75632
     1.7136
    1.65439
    1.57924
    1.48888
    1.38419
    1.26617
    1.13595
   0.994805
   0.844077
   0.685222
   0.519771
   0.349317
   0.175502
   0.165143
   0.328692
   0.489072
   0.644739
   0.794192
   0.935994
    1.06878
    1.19127
    1.30228
    1.40075
    1.48573
     1.5564
    1.61208
    1.65224
    1.67648
    1.68457
    1.67644
    1.65217
    1.61199
    1.55628
    1.48559
    1.40059
    1.30211
    1.19108
    1.06859
   0.935812
   0.794021
   0.644587
   0.488948
   0.328602
   0.165095
   0.155036
   0.308575
   0.459139
   0.605278
   0.745584
   0.878707
    1.00337
    1.11836
    1.22258
    1.31502
     1.3948
    1.46114
    1.51341
    1.55111
    1.57387
    1.58147
    1.57383
    1.55105
    1.51333
    1.46103
    1.39466
    1.31487
    1.22241
    1.11818
    1.00319
   0.878533
   0.745422
   0.605134
    0.45902
    0.30849
    0.15499
   0.145231
   0.289059
   0.430101
   0.566997
    0.69843
   0.823134
   0.939907
    1.04763
    1.14526
    1.23185
    1.30659
    1.36873
     1.4177
    1.45301
    1.47433
    1.48145
     1.4743
    1.45295
    1.41761
    1.36862
    1.30646
     1.2317
     1.1451
    1.04746
   0.939739
    0.82297
   0.698277
   0.566861
   0.429989
   0.288978
   0.145187
   0.135728
   0.270146
   0.401959
   0.529898
    0.65273
   0.769274
   0.878408
    0.97908
    1.07032
    1.15125
    1.22109
    1.27917
    1.32494
    1.35794
    1.37786
    1.38451
    1.37783
    1.35788
    1.32485
    1.27907
    1.22097
    1.15111
    1.07017
   0.978921
   0.878248
   0.769119
   0.652585
   0.529768
   0.401852
   0.270068
   0.135687
   0.126528
   0.251834
   0.374712
   0.493979
   0.608486
    0.71713
   0.818866
   0.912713
   0.997769
    1.07321
    1.13832
    1.19246
    1.23512
    1.26589
    1.28446
    1.29066
    1.28443
    1.26584
    1.23505
    1.19237
     1.1382
    1.07308
   0.997624
   0.912562
   0.818713
   0.716982
   0.608348
   0.493857
   0.374612
   0.251762
   0.126489
    0.11763
   0.234124
   0.348361
    0.45924
   0.565694
   0.666698
    0.76128
   0.848528
   0.927602
   0.997741
    1.05827
    1.10861
    1.14827
    1.17687
    1.19413
     1.1999
    1.19411
    1.17682
    1.14819
    1.10851
    1.05816
   0.997615
   0.927466
   0.848386
   0.761138
   0.666561
   0.565566
   0.459126
   0.348267
   0.234056
   0.117593
   0.109035
   0.217016
   0.322906
   0.425683
   0.524359
   0.617983
   0.705652
   0.786524
   0.859819
   0.924833
   0.980939
     1.0276
    1.06436
    1.09087
    1.10687
    1.11222
    1.10685
    1.09082
    1.06429
    1.02751
   0.980834
   0.924716
   0.859692
    0.78639
   0.705517
   0.617852
   0.524237
   0.425575
   0.322817
   0.216952
      0.109
   0.100742
    0.20051
   0.298346
   0.393306
   0.484476
   0.570978
    0.65198
   0.726701
   0.794421
   0.854489
   0.906328
   0.949436
   0.983401
    1.00789
    1.02268
    1.02762
    1.02266
    1.00785
   0.983338
   0.949355
   0.906231
    0.85438
   0.794302
   0.726576
   0.651854
   0.570856
   0.484362
   0.393205
   0.298263
    0.20045
   0.100709
  0.0927508
   0.184606
   0.274681
   0.362109
   0.446048
   0.525689
   0.600265
   0.669058
   0.731407
   0.786711
   0.834437
   0.874126
   0.905397
   0.927948
   0.941562
   0.946107
   0.941541
   0.927907
   0.905338
   0.874051
   0.834347
   0.786609
   0.731296
   0.668942
   0.600148
   0.525574
   0.445941
   0.362015
   0.274604
    0.18455
  0.0927205
  0.0850625
   0.169304
   0.251912
   0.332093
   0.409073
   0.482111
   0.550506
   0.613597
   0.670777
   0.721496
   0.765266
   0.801666
   0.830343
   0.851024
   0.863509
   0.867678
    0.86349
   0.850987
   0.830289
   0.801595
   0.765182
   0.721401
   0.670674
   0.613488
   0.550396
   0.482005
   0.408973
   0.332004
   0.251839
   0.169251
  0.0850339
  0.0776762
   0.154602
   0.230037
   0.303255
   0.373551
   0.440247
   0.502703
   0.560315
    0.61253
   0.658845
   0.698815
   0.732052
    0.75824
   0.777126
   0.788526
   0.792332
   0.788508
    0.77709
   0.758189
   0.731987
   0.698735
   0.658756
   0.612433
   0.560214
     0.5026
   0.440148
   0.373458
   0.303173
   0.229969
   0.154553
  0.0776496
   0.070592
   0.140502
   0.209058
   0.275598
   0.339483
   0.400096
   0.456856
   0.509214
   0.556666
   0.598757
    0.63508
   0.665287
   0.689087
   0.706249
   0.716609
   0.720068
   0.716593
   0.706216
   0.689038
   0.665225
   0.635007
   0.598673
   0.556576
   0.509118
    0.45676
   0.400003
   0.339396
   0.275521
   0.208994
   0.140456
  0.0705672
    0.06381
   0.127004
   0.188973
    0.24912
   0.306867
   0.361657
   0.412963
   0.460291
   0.503185
   0.541231
   0.574065
   0.601369
   0.622881
   0.638395
    0.64776
   0.650886
   0.647743
   0.638363
   0.622836
   0.601311
   0.573995
   0.541153
   0.503099
   0.460202
   0.412874
    0.36157
   0.306786
   0.249048
   0.188913
   0.126961
  0.0637868
  0.0573302
   0.114107
   0.169783
   0.223822
   0.275705
   0.324931
   0.371027
   0.413548
   0.452085
   0.486268
   0.515766
   0.540298
   0.559626
   0.573563
   0.581977
   0.584785
   0.581962
   0.573534
   0.559583
   0.540243
   0.515702
   0.486194
   0.452005
   0.413464
   0.370942
   0.324849
   0.275628
   0.223755
   0.169727
   0.114066
  0.0573085
  0.0511525
   0.101811
   0.151487
   0.199703
   0.245995
   0.289916
   0.331044
   0.368983
   0.403367
   0.433866
   0.460186
   0.482073
   0.499317
   0.511753
   0.519259
   0.521765
   0.519245
   0.511724
   0.499277
   0.482021
   0.460124
   0.433797
   0.403293
   0.368905
   0.330966
    0.28984
   0.245923
    0.19964
   0.151435
   0.101773
  0.0511321
  0.0452767
  0.0901159
   0.134086
   0.176763
   0.217737
   0.256612
   0.293016
   0.326596
    0.35703
   0.384025
   0.407321
   0.426694
   0.441956
   0.452962
   0.459606
   0.461824
   0.459593
   0.452937
    0.44192
   0.426646
   0.407264
   0.383961
    0.35696
   0.326523
   0.292942
   0.256541
    0.21767
   0.176704
   0.134037
  0.0900805
  0.0452576
  0.0397027
  0.0790217
   0.117578
   0.155002
   0.190931
   0.225021
   0.256942
   0.286388
   0.313074
   0.336746
   0.357173
    0.37416
   0.387543
   0.397194
    0.40302
   0.404964
   0.403008
    0.39717
   0.387509
   0.374115
    0.35712
   0.336685
   0.313009
    0.28632
   0.256873
   0.224953
   0.190868
   0.154946
   0.117533
  0.0789886
  0.0396849
  0.0344306
  0.0685282
   0.101965
   0.134418
   0.165576
   0.195139
   0.222821
   0.248356
   0.271499
   0.292026
    0.30974
   0.324471
   0.336077
   0.344446
   0.349497
   0.351182
   0.349486
   0.344423
   0.336044
    0.32443
    0.30969
    0.29197
   0.271438
   0.248292
   0.222756
   0.195076
   0.165518
   0.134367
   0.101922
  0.0684976
   0.034414
  0.0294602
  0.0586355
   0.087245
   0.115013
   0.141673
   0.166967
   0.190653
   0.212501
   0.232302
   0.249866
   0.265022
   0.277626
   0.287555
   0.294715
   0.299037
   0.300479
   0.299027
   0.294695
   0.287525
   0.277587
   0.264976
   0.249813
   0.232245
   0.212442
   0.190592
   0.166909
   0.141618
   0.114965
  0.0872053
  0.0586067
  0.0294447
  0.0247915
   0.049343
  0.0734185
  0.0967858
    0.11922
   0.140505
   0.160437
   0.178822
   0.195485
   0.210264
   0.223018
   0.233623
   0.241979
   0.248004
    0.25164
   0.252853
    0.25163
   0.247984
    0.24195
   0.233587
   0.222975
   0.210215
   0.195431
   0.178767
    0.16038
   0.140451
   0.119169
  0.0967406
  0.0733813
  0.0493162
   0.024777
  0.0204242
  0.0406508
  0.0604848
  0.0797355
  0.0982173
   0.115752
   0.132172
   0.147318
   0.161045
    0.17322
   0.183726
   0.192463
   0.199346
   0.204308
   0.207303
   0.208302
   0.207294
    0.20429
   0.199319
   0.192429
   0.183686
   0.173174
   0.160995
   0.147266
    0.13212
   0.115702
  0.0981698
  0.0796933
  0.0604501
  0.0406257
  0.0204107
  0.0163584
  0.0325583
  0.0484437
  0.0638618
   0.078664
  0.0927079
   0.105858
   0.117988
   0.128982
   0.138732
   0.147146
   0.154143
   0.159654
   0.163628
   0.166027
   0.166826
   0.166018
   0.163612
    0.15963
   0.154111
   0.147108
   0.138689
   0.128935
    0.11794
   0.105809
  0.0926601
  0.0786195
  0.0638224
  0.0484113
  0.0325348
  0.0163458
  0.0125938
  0.0250653
  0.0372947
  0.0491641
  0.0605592
  0.0713705
  0.0814935
  0.0908313
  0.0992937
   0.106799
   0.113276
   0.118661
   0.122904
   0.125962
   0.127808
   0.128422
     0.1278
   0.125947
   0.122881
   0.118632
   0.113241
   0.106759
  0.0992503
   0.090786
  0.0814479
  0.0713258
  0.0605177
  0.0491272
  0.0372644
  0.0250434
  0.0125819
 0.00913017
  0.0181716
  0.0270372
  0.0356417
  0.0439022
  0.0517392
  0.0590774
   0.065846
  0.0719799
  0.0774202
  0.0821144
  0.0860175
  0.0890919
  0.0913082
   0.092645
  0.0930895
  0.0926375
  0.0912936
  0.0890705
  0.0859899
  0.0820814
  0.0773828
  0.0719395
  0.0658037
  0.0590346
  0.0516977
  0.0438634
  0.0356073
  0.0270089
  0.0181511
 0.00911914
  0.0059674
  0.0118766
  0.0176706
  0.0232938
   0.028692
  0.0338132
  0.0386082
  0.0430308
  0.0470385
  0.0505927
  0.0536594
   0.056209
  0.0582169
  0.0596641
  0.0605366
   0.060826
  0.0605296
  0.0596505
  0.0581969
  0.0561832
  0.0536286
  0.0505579
  0.0470007
  0.0429913
  0.0385683
  0.0337744
  0.0286557
  0.0232617
  0.0176442
  0.0118575
 0.00595711
 0.00310524
 0.00617987
 0.00919429
  0.0121195
  0.0149274
  0.0175909
  0.0200845
  0.0223841
  0.0244677
  0.0263152
   0.027909
  0.0292337
  0.0302766
  0.0310278
  0.0314801
  0.0316291
  0.0314736
   0.031015
  0.0302579
  0.0292096
  0.0278803
  0.0262827
  0.0244324
  0.0223472
  0.0200473
  0.0175547
  0.0148936
  0.0120896
 0.00916967
 0.00616204
 0.00309564
0.000543428
 0.00108096
 0.00160744
 0.00211783
 0.00260724
 0.00307098
 0.00350462
 0.00390405
 0.00426543
 0.00458536
 0.00486081
 0.00508917
  0.0052683
 0.00539654
 0.00547271
 0.00549614
 0.00546666
 0.00538462
 0.00525085
  0.0050667
 0.00483399
 0.00455503
 0.00423253
 0.00386964
  0.0034699
 0.00303718
 0.00257569
 0.00208989
 0.00158447
 0.00106433
0.000534476
-0.00171834
-0.00342075
-0.00509081
-0.00671242
-0.00826992
-0.00974831
 -0.0111333
 -0.0124115
 -0.0135706
 -0.0145993
 -0.0154878
 -0.0162273
 -0.0168108
 -0.0172325
 -0.0174884
 -0.0175759
  -0.017494
 -0.0172436
 -0.0168271
 -0.0162483
 -0.0155128
 -0.0146276
 -0.0136013
 -0.0124436
 -0.0111657
-0.00977982
-0.00829933
-0.00673846
-0.00511222
-0.00343625
-0.00172668
 -0.0036804
-0.00732592
 -0.0109015
 -0.0143725
 -0.0177057
 -0.0208688
 -0.0238314
  -0.026565
  -0.029043
 -0.0312417
 -0.0331398
  -0.034719
  -0.035964
 -0.0368627
 -0.0374066
 -0.0375902
 -0.0374119
 -0.0368731
 -0.0359791
 -0.0347385
  -0.033163
  -0.031268
 -0.0290716
 -0.0265948
 -0.0238616
 -0.0208982
 -0.0177331
 -0.0143968
 -0.0109214
-0.00734035
-0.00368816
-0.00534311
 -0.0106353
 -0.0158256
  -0.020864
 -0.0257019
 -0.0302927
 -0.0345922
  -0.038559
 -0.0421548
 -0.0453449
 -0.0480985
 -0.0503892
 -0.0521948
 -0.0534978
 -0.0542857
 -0.0545508
 -0.0542906
 -0.0535074
 -0.0522089
 -0.0504073
 -0.0481201
 -0.0453693
 -0.0421813
 -0.0385867
 -0.0346202
 -0.0303199
 -0.0257273
 -0.0208865
 -0.0158441
 -0.0106487
-0.00535033
-0.00670691
 -0.0133497
 -0.0198645
 -0.0261883
 -0.0322605
 -0.0380223
 -0.0434184
 -0.0483966
 -0.0529091
 -0.0569124
 -0.0603677
 -0.0632419
 -0.0655073
 -0.0671418
 -0.0681298
 -0.0684617
 -0.0681344
 -0.0671508
 -0.0655203
 -0.0632587
 -0.0603878
  -0.056935
 -0.0529337
 -0.0484223
 -0.0434443
 -0.0380475
  -0.032284
 -0.0262092
 -0.0198816
 -0.0133621
-0.00671359
-0.00777226
 -0.0154701
 -0.0230194
 -0.0303475
 -0.0373836
 -0.0440602
 -0.0503128
 -0.0560812
 -0.0613098
 -0.0659481
 -0.0699516
 -0.0732817
 -0.0759061
 -0.0777996
 -0.0789439
  -0.079328
 -0.0789481
 -0.0778078
 -0.0759181
 -0.0732971
   -0.06997
  -0.065969
 -0.0613324
 -0.0561048
 -0.0503367
 -0.0440834
 -0.0374053
 -0.0303667
 -0.0230352
 -0.0154815
 -0.0077784
-0.00853966
 -0.0169975
 -0.0252921
 -0.0333434
 -0.0410741
 -0.0484095
  -0.055279
 -0.0616165
 -0.0673608
 -0.0724566
 -0.0768549
 -0.0805132
 -0.0833962
 -0.0854762
 -0.0867329
 -0.0871545
 -0.0867367
 -0.0854837
 -0.0834071
 -0.0805273
 -0.0768717
 -0.0724756
 -0.0673814
  -0.061638
 -0.0553008
 -0.0484307
 -0.0410938
  -0.033361
 -0.0253065
  -0.017008
 -0.0085453
-0.00900974
 -0.0179331
 -0.0266841
 -0.0351785
 -0.0433345
 -0.0510734
 -0.0583207
 -0.0650067
 -0.0710668
 -0.0764428
 -0.0810828
  -0.084942
 -0.0879834
 -0.0901775
 -0.0915031
 -0.0919476
 -0.0915066
 -0.0901842
 -0.0879933
 -0.0849548
 -0.0810981
   -0.07646
 -0.0710855
 -0.0650262
 -0.0583404
 -0.0510925
 -0.0433524
 -0.0351944
 -0.0266972
 -0.0179426
-0.00901484
-0.00918315
 -0.0182782
 -0.0271976
 -0.0358553
  -0.044168
 -0.0520557
 -0.0594422
 -0.0662565
 -0.0724331
 -0.0779123
 -0.0826412
 -0.0865745
  -0.089674
   -0.09191
 -0.0932609
 -0.0937137
 -0.0932639
  -0.091916
 -0.0896828
 -0.0865858
 -0.0826548
 -0.0779277
 -0.0724497
  -0.066274
 -0.0594599
 -0.0520728
  -0.044184
 -0.0358695
 -0.0272092
 -0.0182867
 -0.0091877
-0.00906059
 -0.0180342
 -0.0268345
 -0.0353765
 -0.0435782
 -0.0513604
 -0.0586483
 -0.0653715
 -0.0714654
 -0.0768711
 -0.0815367
 -0.0854172
 -0.0884752
 -0.0906811
 -0.0920138
 -0.0924604
 -0.0920166
 -0.0906865
  -0.088483
 -0.0854273
 -0.0815487
 -0.0768847
   -0.07148
 -0.0653868
 -0.0586638
 -0.0513755
 -0.0435923
 -0.0353891
 -0.0268447
 -0.0180417
 -0.0090646
 -0.0086429
 -0.0172028
 -0.0255973
 -0.0337456
 -0.0415691
 -0.0489925
 -0.0559442
 -0.0623574
 -0.0681701
 -0.0733265
 -0.0777769
 -0.0814783
 -0.0843951
 -0.0864992
 -0.0877703
 -0.0881961
 -0.0877726
 -0.0865038
 -0.0844019
 -0.0814869
 -0.0777871
 -0.0733382
 -0.0681827
 -0.0623706
 -0.0559575
 -0.0490055
 -0.0415812
 -0.0337564
 -0.0256062
 -0.0172093
-0.00864637
-0.00793106
 -0.0157859
  -0.023489
  -0.030966
 -0.0381451
  -0.044957
  -0.051336
 -0.0572208
 -0.0625547
 -0.0672863
 -0.0713699
 -0.0747664
 -0.0774428
 -0.0793735
 -0.0805397
 -0.0809304
 -0.0805418
 -0.0793773
 -0.0774484
 -0.0747735
 -0.0713786
  -0.067296
 -0.0625653
 -0.0572319
 -0.0513471
 -0.0449678
 -0.0381553
 -0.0309751
 -0.0234964
 -0.0157913
-0.00793394
-0.00692603
 -0.0137855
 -0.0205124
  -0.027042
 -0.0333112
 -0.0392598
 -0.0448304
 -0.0499694
 -0.0546273
 -0.0587592
 -0.0623253
 -0.0652912
 -0.0676283
 -0.0693142
 -0.0703327
 -0.0706738
 -0.0703342
 -0.0693173
 -0.0676329
 -0.0652971
 -0.0623323
  -0.058767
 -0.0546358
 -0.0499783
 -0.0448394
 -0.0392685
 -0.0333194
 -0.0270492
 -0.0205184
 -0.0137898
-0.00692835
-0.00562901
 -0.0112039
 -0.0166711
 -0.0219778
 -0.0270731
 -0.0319076
  -0.036435
 -0.0406116
 -0.0443972
 -0.0477552
 -0.0506535
 -0.0530639
 -0.0549633
 -0.0563335
 -0.0571611
 -0.0574383
 -0.0571623
 -0.0563358
 -0.0549667
 -0.0530682
 -0.0506586
 -0.0477611
 -0.0444035
 -0.0406183
 -0.0364418
 -0.0319142
 -0.0270792
 -0.0219833
 -0.0166756
 -0.0112072
-0.00563077
-0.00404134
-0.00804383
 -0.0119689
 -0.0157789
 -0.0194369
 -0.0229079
 -0.0261582
 -0.0291568
 -0.0318745
 -0.0342855
 -0.0363662
 -0.0380967
 -0.0394603
  -0.040444
 -0.0410381
 -0.0412371
 -0.0410389
 -0.0404455
 -0.0394626
 -0.0380996
 -0.0363696
 -0.0342894
 -0.0318789
 -0.0291613
 -0.0261628
 -0.0229123
  -0.019441
 -0.0157825
 -0.0119719
  -0.008046
 -0.0040425
-0.00216444
-0.00430808
-0.00641027
-0.00845077
 -0.0104099
 -0.0122689
 -0.0140097
 -0.0156156
 -0.0170712
 -0.0183624
 -0.0194767
 -0.0204035
 -0.0211338
 -0.0216607
 -0.0219789
 -0.0220854
 -0.0219792
 -0.0216614
  -0.021135
  -0.020405
 -0.0194785
 -0.0183643
 -0.0170733
 -0.0156179
 -0.0140119
 -0.0122711
  -0.010412
-0.00845259
-0.00641177
-0.00430916
-0.00216503
          0
          0
          0
          0
          0
          0
          0
          0
          0
          0
          0
          0
          0
          0
          0
          0
          0
          0
          0
          0
          0
          0
          0
          0
          0
          0
          0
          0
          0
          0
          0
