   0.0980201
     0.19509
     0.29028
     0.38268
      0.4714
    0.555569
    0.634389
    0.707109
    0.773009
    0.831469
    0.881919
    0.923879
    0.956939
    0.980789
    0.995179
    0.999999
    0.995179
    0.980789
    0.956939
    0.923879
    0.881919
    0.831469
    0.773009
    0.707109
    0.634389
    0.555569
      0.4714
     0.38268
     0.29028
     0.19509
   0.0980199
   -0.772684
    -1.53794
    -2.28841
    -3.01685
    -3.71626
    -4.37989
    -5.00136
    -5.57467
     -6.0943
    -6.55525
    -6.95308
    -7.28395
    -7.54467
    -7.73273
    -7.84633
    -7.88436
    -7.84646
    -7.73299
    -7.54505
    -7.28443
    -6.95366
    -6.55592
    -6.09503
    -5.57543
    -5.00213
    -4.38065
    -3.71696
    -3.01748
    -2.28893
    -1.53832
   -0.772885
    0.095618
    0.190315
     0.28318
    0.373318
    0.459861
    0.541975
     0.61887
    0.689805
    0.754097
    0.811126
    0.860343
    0.901275
    0.933528
     0.95679
    0.970838
    0.975537
     0.97084
    0.956795
    0.933534
    0.901284
    0.860352
    0.811135
    0.754106
    0.689814
    0.618879
    0.541984
    0.459869
    0.373325
    0.283186
     0.19032
   0.0956205
   -0.751123
    -1.49503
    -2.22455
    -2.93267
    -3.61256
    -4.25767
    -4.86179
     -5.4191
    -5.92423
    -6.37231
    -6.75903
    -7.08066
     -7.3341
    -7.51691
    -7.62733
     -7.6643
    -7.62745
    -7.51714
    -7.33445
     -7.0811
    -6.75956
    -6.37291
    -5.92488
    -5.41979
    -4.86249
    -4.25835
     -3.6132
    -2.93324
    -2.22502
    -1.49537
   -0.751307
   0.0932446
    0.185592
    0.276152
    0.364053
    0.448448
    0.528525
    0.603513
    0.672689
    0.735386
    0.791001
    0.838999
    0.878916
    0.910369
    0.933055
    0.946756
    0.951339
     0.94676
    0.933063
     0.91038
    0.878929
    0.839013
    0.791017
    0.735403
    0.672707
    0.603532
    0.528545
    0.448466
    0.364069
    0.276165
    0.185601
   0.0932497
   -0.729865
    -1.45272
    -2.16159
    -2.84967
    -3.51031
    -4.13716
    -4.72417
     -5.2657
    -5.75653
    -6.19192
    -6.56769
    -6.88021
    -7.12647
     -7.3041
    -7.41139
     -7.4473
     -7.4115
    -7.30431
    -7.12677
    -6.88061
    -6.56816
    -6.19246
    -5.75711
    -5.26632
     -4.7248
    -4.13776
    -3.51088
    -2.85017
    -2.16201
    -1.45302
   -0.730031
   0.0908975
     0.18092
    0.269201
    0.354891
    0.437163
    0.515225
    0.588326
    0.655761
    0.716882
    0.771099
     0.81789
    0.856805
    0.887468
    0.909584
     0.92294
    0.927408
    0.922945
    0.909593
     0.88748
    0.856821
    0.817911
    0.771124
    0.716909
     0.65579
    0.588354
    0.515253
    0.437189
    0.354914
    0.269221
    0.180935
   0.0909052
   -0.708907
      -1.411
    -2.09952
    -2.76783
     -3.4095
    -4.01834
     -4.5885
    -5.11447
     -5.5912
    -6.01408
    -6.37905
    -6.68258
    -6.92177
    -7.09429
    -7.19849
    -7.23337
    -7.19859
    -7.09449
    -6.92204
    -6.68294
    -6.37948
    -6.01456
    -5.59172
    -5.11502
    -4.58906
     -4.0189
    -3.41002
    -2.76829
     -2.0999
    -1.41128
   -0.709056
    0.088577
    0.176302
     0.26233
    0.345833
    0.426005
    0.502076
    0.573312
    0.639028
    0.698589
    0.751423
    0.797021
    0.834944
    0.864826
    0.886378
    0.899395
     0.90375
    0.899401
     0.88639
    0.864843
    0.834968
    0.797051
    0.751456
    0.698625
    0.639065
    0.573351
    0.502114
    0.426041
    0.345864
    0.262356
    0.176321
   0.0885873
   -0.688249
    -1.36988
    -2.03834
    -2.68717
    -3.31014
    -3.90123
    -4.45476
    -4.96541
    -5.42823
    -5.83878
    -6.19311
     -6.4878
    -6.72001
     -6.8875
    -6.98866
    -7.02252
    -6.98874
    -6.88766
    -6.72025
    -6.48812
    -6.19349
    -5.83922
     -5.4287
     -4.9659
    -4.45527
    -3.90172
     -3.3106
    -2.68758
    -2.03867
    -1.37013
   -0.688382
   0.0862838
    0.171738
    0.255539
     0.33688
    0.414978
    0.489081
    0.558474
     0.62249
     0.68051
    0.731978
    0.776397
    0.813339
    0.842448
    0.863444
    0.876125
    0.880368
    0.876133
     0.86346
    0.842472
     0.81337
    0.776433
    0.732019
    0.680556
    0.622537
    0.558522
    0.489128
    0.415023
     0.33692
    0.255572
    0.171762
   0.0862966
   -0.667892
    -1.32936
    -1.97804
    -2.60768
    -3.21221
    -3.78582
    -4.32298
    -4.81851
    -5.26764
    -5.66605
    -6.00988
    -6.29585
    -6.52118
    -6.68371
    -6.78188
    -6.81473
    -6.78196
    -6.68387
     -6.5214
    -6.29613
    -6.01022
    -5.66643
    -5.26806
    -4.81895
    -4.32343
    -3.78626
    -3.21263
    -2.60805
    -1.97834
    -1.32958
    -0.66801
   0.0840181
    0.167229
     0.24883
    0.328036
    0.404084
    0.476241
    0.543813
    0.606149
    0.662648
    0.712766
     0.75602
    0.791993
    0.820339
    0.840786
    0.853134
    0.857267
    0.853144
    0.840805
    0.820368
     0.79203
    0.756064
    0.712817
    0.662703
    0.606207
    0.543872
    0.476299
    0.404137
    0.328083
    0.248869
    0.167257
   0.0840335
   -0.647834
    -1.28944
    -1.91864
    -2.52936
    -3.11574
    -3.67212
    -4.19314
    -4.67378
    -5.10942
    -5.49585
    -5.82936
    -6.10674
     -6.3253
    -6.48294
    -6.57816
    -6.61002
    -6.57822
    -6.48307
    -6.32549
    -6.10699
    -5.82966
     -5.4962
     -5.1098
    -4.67417
    -4.19353
    -3.67251
     -3.1161
    -2.52969
     -1.9189
    -1.28963
   -0.647939
   0.0817801
    0.162774
    0.242202
    0.319299
    0.393323
    0.463559
    0.529333
    0.590009
    0.645005
     0.69379
    0.735893
     0.77091
    0.798502
    0.818405
    0.830427
    0.834451
    0.830439
    0.818429
    0.798536
    0.770953
    0.735946
    0.693849
     0.64507
    0.590077
    0.529401
    0.463627
    0.393386
    0.319355
    0.242248
    0.162808
   0.0817981
   -0.628076
    -1.25011
    -1.86012
    -2.45222
    -3.02071
    -3.56012
    -4.06524
    -4.53123
    -4.95358
    -5.32822
    -5.65155
    -5.92046
    -6.13235
    -6.28518
    -6.37749
    -6.40838
    -6.37756
    -6.28531
    -6.13253
    -5.92068
    -5.65182
    -5.32853
    -4.95391
    -4.53157
     -4.0656
    -3.56047
    -3.02104
    -2.45251
    -1.86036
    -1.25029
    -0.62817
   0.0795701
    0.158376
    0.235658
    0.310672
    0.382697
    0.451036
    0.515034
    0.574073
    0.627584
    0.675052
    0.716019
    0.750091
     0.77694
    0.796306
    0.808004
    0.811921
    0.808018
    0.796333
    0.776979
    0.750142
    0.716079
     0.67512
    0.627658
    0.574151
    0.515113
    0.451114
    0.382769
    0.310737
    0.235711
    0.158414
   0.0795909
   -0.608619
    -1.21139
    -1.80249
    -2.37625
    -2.92713
    -3.44983
     -3.9393
    -4.39084
     -4.8001
    -5.16314
    -5.47646
    -5.73703
    -5.94236
    -6.09045
     -6.1799
    -6.20982
    -6.17994
    -6.09055
     -5.9425
    -5.73723
     -5.4767
    -5.16341
     -4.8004
    -4.39115
    -3.93962
    -3.45013
    -2.92742
    -2.37651
    -1.80271
    -1.21154
   -0.608704
   0.0773884
    0.154034
    0.229197
    0.302156
    0.372206
    0.438674
    0.500918
     0.55834
    0.610385
    0.656554
      0.6964
     0.72954
    0.755654
    0.774491
     0.78587
     0.78968
    0.785885
    0.774521
    0.755698
    0.729597
    0.696468
    0.656632
     0.61047
    0.558429
    0.501008
    0.438762
    0.372289
     0.30223
    0.229258
    0.154078
   0.0774121
   -0.589466
    -1.17326
    -1.74576
    -2.30146
      -2.835
    -3.34124
    -3.81531
    -4.25264
    -4.64902
    -5.00062
    -5.30407
    -5.55644
    -5.75529
    -5.89873
    -5.98535
    -6.01434
     -5.9854
    -5.89882
    -5.75544
    -5.55662
    -5.30428
    -5.00086
    -4.64928
    -4.25292
    -3.81559
    -3.34152
    -2.83526
    -2.30169
    -1.74596
     -1.1734
    -0.58954
   0.0752355
    0.149749
    0.222822
    0.293752
    0.361854
    0.426474
    0.486988
    0.542813
    0.593413
    0.638299
    0.677038
    0.709258
    0.734647
    0.752962
    0.764025
    0.767731
    0.764043
    0.752996
    0.734697
    0.709322
    0.677115
    0.638387
    0.593509
    0.542913
    0.487089
    0.426573
    0.361947
    0.293834
     0.22289
    0.149798
   0.0752619
   -0.570612
    -1.13574
    -1.68993
    -2.22785
    -2.74432
    -3.23437
    -3.69327
    -4.11661
    -4.50031
    -4.84067
    -5.13441
     -5.3787
    -5.57119
    -5.71004
    -5.79389
    -5.82195
    -5.79393
    -5.71012
    -5.57131
    -5.37885
    -5.13458
    -4.84087
    -4.50054
    -4.11686
    -3.69352
    -3.23461
    -2.74455
    -2.22805
    -1.69009
    -1.13586
   -0.570678
   0.0731112
    0.145521
    0.216532
     0.28546
     0.35164
    0.414437
    0.473244
    0.527494
    0.576667
    0.620287
    0.657935
    0.689247
    0.713921
    0.731721
    0.742473
    0.746076
    0.742493
    0.731759
    0.713978
    0.689319
    0.658022
    0.620385
    0.576774
    0.527606
    0.473357
    0.414547
    0.351743
    0.285551
    0.216607
    0.145576
   0.0731406
   -0.552061
    -1.09881
    -1.63498
    -2.15542
    -2.65509
    -3.12921
    -3.57319
    -3.98276
    -4.35397
    -4.68326
    -4.96745
     -5.2038
    -5.39003
    -5.52436
    -5.60548
    -5.63262
    -5.60551
    -5.52442
    -5.39013
    -5.20393
    -4.96762
    -4.68345
    -4.35418
    -3.98297
     -3.5734
    -3.12942
    -2.65529
    -2.15559
    -1.63513
    -1.09891
   -0.552117
    0.071016
    0.141351
    0.210327
    0.277281
    0.341566
    0.402564
    0.459687
    0.512384
     0.56015
    0.602522
    0.639093
    0.669509
    0.693478
    0.710769
    0.721215
    0.724716
    0.721237
    0.710811
     0.69354
    0.669589
    0.639188
     0.60263
    0.560268
    0.512508
    0.459811
    0.402685
    0.341679
    0.277381
     0.21041
    0.141411
   0.0710482
    -0.53381
    -1.06248
    -1.58093
    -2.08416
    -2.56732
    -3.02575
    -3.45505
    -3.85108
    -4.21002
    -4.52842
    -4.80321
    -5.03174
    -5.21181
     -5.3417
    -5.42014
    -5.44638
    -5.42017
    -5.34176
    -5.21191
    -5.03187
    -4.80335
    -4.52858
     -4.2102
    -3.85126
    -3.45524
    -3.02593
    -2.56748
    -2.08431
    -1.58106
    -1.06257
   -0.533859
   0.0689497
    0.137238
    0.204209
    0.269215
    0.331631
    0.390856
    0.446319
    0.497485
    0.543862
    0.585003
    0.620512
    0.650046
    0.673319
    0.690109
    0.700253
    0.703653
    0.700277
    0.690155
    0.673387
    0.650133
    0.620617
    0.585122
    0.543991
     0.49762
    0.446455
    0.390989
    0.331755
    0.269325
    0.204299
    0.137304
   0.0689851
   -0.515862
    -1.02676
    -1.52778
    -2.01408
    -2.48099
    -2.92402
    -3.33888
    -3.72159
    -4.06846
    -4.37615
     -4.6417
    -4.86254
    -5.03656
    -5.16207
    -5.23787
    -5.26324
     -5.2379
    -5.16212
    -5.03663
    -4.86263
    -4.64181
    -4.37628
     -4.0686
    -3.72174
    -3.33903
    -2.92416
    -2.48113
    -2.01421
    -1.52788
    -1.02684
   -0.515904
   0.0669127
    0.133184
    0.198177
    0.261263
    0.321837
    0.379314
     0.43314
    0.482796
    0.527805
    0.567733
    0.602195
    0.630858
    0.653446
    0.669742
    0.679588
    0.682889
    0.679614
    0.669792
     0.65352
    0.630953
    0.602309
    0.567862
    0.527946
    0.482943
    0.433288
    0.379458
    0.321972
    0.261383
    0.198275
    0.133256
   0.0669512
   -0.498217
   -0.991639
    -1.47551
    -1.94518
    -2.39612
    -2.82399
    -3.22466
    -3.59427
    -3.92927
    -4.22643
    -4.48289
    -4.69618
    -4.86424
    -4.98546
    -5.05866
    -5.08315
    -5.05868
    -4.98549
     -4.8643
    -4.69625
    -4.48299
    -4.22654
    -3.92939
    -3.59439
    -3.22478
    -2.82411
    -2.39624
    -1.94528
     -1.4756
   -0.991699
    -0.49825
    0.064905
    0.129189
    0.192232
    0.253426
    0.312184
    0.367938
     0.42015
    0.468319
     0.51198
    0.550712
    0.584142
    0.611947
     0.63386
    0.649669
    0.659221
    0.662425
    0.659249
    0.649723
     0.63394
    0.612051
    0.584265
    0.550852
    0.512132
    0.468479
    0.420311
    0.368094
     0.31233
    0.253556
    0.192338
    0.129266
   0.0649467
   -0.480873
   -0.957117
    -1.42415
    -1.87747
     -2.3127
    -2.72567
    -3.11239
    -3.46913
    -3.79246
    -4.07927
     -4.3268
    -4.53266
    -4.69487
    -4.81186
    -4.88252
    -4.90615
    -4.88253
     -4.8119
    -4.69492
    -4.53273
    -4.32689
    -4.07937
    -3.79256
    -3.46922
    -3.11248
    -2.72576
    -2.31278
    -1.87754
    -1.42421
   -0.957162
   -0.480897
   0.0629267
    0.125252
    0.186374
    0.245705
    0.302673
    0.356729
    0.407352
    0.454055
    0.496387
     0.53394
    0.566354
    0.593314
    0.614561
     0.62989
    0.639153
    0.642261
    0.639184
     0.62995
    0.614648
    0.593426
    0.566488
    0.534092
    0.496551
    0.454227
    0.407525
    0.356898
     0.30283
    0.245845
    0.186489
    0.125335
   0.0629718
   -0.463831
   -0.923197
    -1.37367
    -1.81092
    -2.23073
    -2.62906
    -3.00207
    -3.34617
    -3.65805
    -3.93469
    -4.17344
      -4.372
    -4.52846
    -4.64131
    -4.70945
    -4.73225
    -4.70947
    -4.64133
    -4.52849
    -4.37204
    -4.17349
    -3.93474
     -3.6581
    -3.34623
    -3.00213
    -2.62911
    -2.23078
    -1.81097
    -1.37371
   -0.923225
   -0.463846
    0.060978
    0.121373
    0.180603
    0.238098
    0.293303
    0.345687
    0.394745
    0.440004
    0.481027
     0.51742
    0.548832
     0.57496
    0.595551
    0.610408
    0.619386
      0.6224
    0.619419
    0.610472
    0.595645
    0.575081
    0.548976
    0.517583
    0.481204
    0.440188
    0.394931
    0.345869
    0.293473
    0.238249
    0.180727
    0.121463
   0.0610265
    -0.44709
   -0.889875
    -1.32409
    -1.74556
    -2.15022
    -2.53417
    -2.89371
    -3.22539
      -3.526
    -3.79265
    -4.02278
    -4.21417
    -4.36497
    -4.47374
    -4.53943
    -4.56139
    -4.53943
    -4.47375
    -4.36499
    -4.21419
     -4.0228
    -3.79268
    -3.52602
    -3.22541
    -2.89373
    -2.53419
    -2.15024
    -1.74558
    -1.32411
   -0.889891
   -0.447099
   0.0590589
    0.117553
     0.17492
    0.230607
    0.284076
    0.334813
    0.382329
    0.426166
    0.465901
    0.501151
    0.531577
    0.556885
    0.576831
    0.591222
     0.59992
     0.60284
    0.599955
    0.591291
    0.576932
    0.557015
    0.531732
    0.501326
    0.466091
    0.426364
     0.38253
    0.335009
    0.284259
    0.230769
    0.175054
     0.11765
    0.059111
    -0.43065
   -0.857153
     -1.2754
    -1.68137
    -2.07114
    -2.44097
    -2.78729
    -3.10677
    -3.39632
    -3.65317
    -3.87483
    -4.05918
    -4.20444
    -4.30921
    -4.37247
    -4.39363
    -4.37248
    -4.30922
    -4.20445
     -4.0592
    -3.87485
    -3.65319
    -3.39634
    -3.10678
     -2.7873
    -2.44098
    -2.07116
    -1.68138
    -1.27541
   -0.857157
   -0.430652
   0.0571693
    0.113793
    0.169325
    0.223231
    0.274992
    0.324108
    0.370106
    0.412542
    0.451009
    0.485134
    0.514589
     0.53909
    0.558401
    0.572334
    0.580756
    0.583585
    0.580793
    0.572408
    0.558508
    0.539229
    0.514755
    0.485321
    0.451212
    0.412755
    0.370321
    0.324317
    0.275187
    0.223405
    0.169468
    0.113896
   0.0572252
    -0.41451
   -0.825029
     -1.2276
    -1.61835
    -1.99352
    -2.34949
    -2.68283
    -2.99033
    -3.26904
    -3.51626
    -3.72962
    -3.90706
    -4.04687
    -4.14771
    -4.20861
    -4.22897
    -4.20861
    -4.14772
    -4.04687
    -3.90705
    -3.72961
    -3.51625
    -3.26903
    -2.99032
    -2.68282
    -2.34947
    -1.99351
    -1.61834
    -1.22759
   -0.825022
   -0.414507
   0.0553096
    0.110092
    0.163818
    0.215972
     0.26605
    0.313571
    0.358075
    0.399134
    0.436351
    0.469369
    0.497869
    0.521576
    0.540261
    0.553743
    0.561894
    0.564633
    0.561934
    0.553823
    0.540376
    0.521724
    0.498046
     0.46957
    0.436569
    0.399361
    0.358304
    0.313794
    0.266259
    0.216158
    0.163971
    0.110202
   0.0553692
   -0.398674
   -0.793509
     -1.1807
    -1.55652
    -1.91736
    -2.25972
    -2.58032
    -2.87607
    -3.14413
     -3.3819
    -3.58711
    -3.75776
    -3.89223
    -3.98922
    -4.04778
    -4.06736
    -4.04777
     -3.9892
    -3.89221
    -3.75774
    -3.58708
    -3.38187
    -3.14409
    -2.87603
    -2.58028
    -2.25968
    -1.91732
    -1.55649
    -1.18067
   -0.793489
   -0.398664
   0.0534795
    0.106449
      0.1584
    0.208829
    0.257252
    0.303202
    0.346236
    0.385939
    0.421929
    0.453857
    0.481417
    0.504342
    0.522412
    0.535452
    0.543335
    0.545985
    0.543378
    0.535536
    0.522535
    0.504501
    0.481606
    0.454071
    0.422161
    0.386182
    0.346481
    0.303441
    0.257475
    0.209027
    0.158562
    0.106567
   0.0535431
   -0.383138
   -0.762585
    -1.13469
    -1.49586
    -1.84263
    -2.17165
    -2.47975
    -2.76398
    -3.02159
     -3.2501
     -3.4473
     -3.6113
    -3.74052
    -3.83372
       -3.89
    -3.90882
    -3.88999
     -3.8337
    -3.74049
    -3.61126
    -3.44725
    -3.25004
    -3.02153
    -2.76392
     -2.4797
    -2.17159
    -1.84257
    -1.49581
    -1.13465
   -0.762554
   -0.383121
   0.0516792
    0.102867
    0.153069
    0.201803
    0.248598
    0.293003
    0.334591
    0.372961
    0.407742
    0.438599
    0.465234
    0.487391
    0.504855
    0.517458
    0.525079
    0.527642
    0.525124
    0.517548
    0.504986
    0.487559
    0.465435
    0.438826
    0.407988
    0.373219
    0.334852
    0.293257
    0.248835
    0.202013
    0.153242
    0.102992
   0.0517469
   -0.367904
   -0.732263
    -1.08957
    -1.43638
    -1.76936
    -2.08529
    -2.38115
    -2.65407
    -2.90142
    -3.12084
    -3.31019
    -3.46767
    -3.59176
    -3.68125
    -3.73529
    -3.75336
    -3.73528
    -3.68123
    -3.59172
    -3.46762
    -3.31013
    -3.12076
    -2.90134
    -2.65398
    -2.38106
    -2.08521
    -1.76928
    -1.43631
    -1.08951
   -0.732219
    -0.36788
   0.0499088
   0.0993432
    0.147827
    0.194892
    0.240086
    0.282973
    0.323139
    0.360197
     0.39379
    0.423593
    0.449319
    0.470721
     0.48759
    0.499764
    0.507126
    0.509605
    0.507175
    0.499859
    0.487729
    0.470899
    0.449533
    0.423835
    0.394052
    0.360471
    0.323416
    0.283243
    0.240339
    0.195116
    0.148011
   0.0994766
   0.0499808
    -0.35297
    -0.70254
    -1.04534
    -1.37807
    -1.69754
    -2.00064
    -2.28448
    -2.54632
    -2.78364
    -2.99414
    -3.17582
     -3.3269
    -3.44594
     -3.5318
    -3.58364
    -3.60097
    -3.58362
    -3.53176
    -3.44589
    -3.32683
    -3.17573
    -2.99405
    -2.78353
    -2.54621
    -2.28437
    -2.00054
    -1.69743
    -1.37799
    -1.04527
   -0.702488
   -0.352942
   0.0481682
   0.0958791
    0.142673
    0.188099
    0.231719
    0.273112
    0.311881
    0.347649
    0.380074
    0.408841
    0.433674
    0.454332
    0.470617
     0.48237
    0.489478
    0.491872
    0.489529
    0.482471
    0.470764
    0.454522
      0.4339
    0.409098
    0.380352
    0.347941
    0.312175
    0.273399
    0.231987
    0.188336
    0.142868
   0.0960207
   0.0482446
   -0.338338
   -0.673416
    -1.00201
    -1.32094
    -1.62716
     -1.9177
    -2.18977
    -2.44076
    -2.66823
       -2.87
    -3.04414
    -3.18895
    -3.30306
    -3.38535
    -3.43505
    -3.45166
    -3.43502
    -3.38531
      -3.303
    -3.18888
    -3.04405
     -2.8699
    -2.66811
    -2.44063
    -2.18964
    -1.91758
    -1.62704
    -1.32084
    -1.00192
   -0.673354
   -0.338305
   0.0464574
   0.0924745
    0.137608
    0.181422
    0.223495
    0.263421
    0.300815
    0.335317
    0.366594
    0.394343
    0.418298
    0.438226
    0.453936
    0.465275
    0.472134
    0.474445
    0.472188
    0.465381
    0.454092
    0.438427
    0.418538
    0.394615
    0.366889
    0.335626
    0.301127
    0.263725
    0.223779
    0.181674
    0.137815
   0.0926246
   0.0465384
   -0.324007
   -0.644891
   -0.959562
    -1.26499
    -1.55823
    -1.83647
    -2.09701
    -2.33736
     -2.5552
    -2.74842
    -2.91518
    -3.05387
    -3.16314
    -3.24195
    -3.28953
    -3.30543
     -3.2895
     -3.2419
    -3.16306
    -3.05377
    -2.91507
     -2.7483
    -2.55506
    -2.33722
    -2.09687
    -1.83633
     -1.5581
    -1.26487
   -0.959466
   -0.644821
    -0.32397
   0.0447765
   0.0891292
    0.132631
    0.174862
    0.215415
    0.253899
    0.289944
    0.323201
    0.353349
    0.380099
    0.403191
    0.422402
    0.437547
    0.448479
    0.455093
    0.457324
     0.45515
    0.448592
    0.437712
    0.422615
    0.403445
    0.380387
    0.353662
    0.323528
    0.290274
    0.254221
    0.215715
    0.175128
     0.13285
   0.0892883
   0.0448623
   -0.309977
   -0.616967
   -0.918013
    -1.21021
    -1.49076
    -1.75694
     -2.0062
    -2.23614
    -2.44454
     -2.6294
    -2.78894
    -2.92161
    -3.02614
    -3.10153
    -3.14706
    -3.16227
    -3.14703
    -3.10148
    -3.02607
    -2.92151
    -2.78881
    -2.62926
    -2.44439
    -2.23598
    -2.00604
    -1.75678
    -1.49061
    -1.21008
   -0.917905
   -0.616889
   -0.309936
   0.0431254
   0.0858434
    0.127742
    0.168418
    0.207478
    0.244547
    0.279266
      0.3113
    0.340341
    0.366108
    0.388353
     0.40686
     0.42145
    0.431983
    0.438357
    0.440508
    0.438417
    0.432103
    0.421625
    0.407085
    0.388622
    0.366413
    0.340672
    0.311646
    0.279615
    0.244887
    0.207796
      0.1687
    0.127974
   0.0860118
   0.0432162
    -0.29625
   -0.589644
   -0.877355
    -1.15662
    -1.42473
    -1.67913
    -1.91735
     -2.1371
    -2.33627
    -2.51294
     -2.6654
    -2.79219
     -2.8921
    -2.96415
    -3.00765
    -3.02219
    -3.00762
    -2.96409
    -2.89201
    -2.79209
    -2.66527
    -2.51279
     -2.3361
    -2.13692
    -1.91717
    -1.67896
    -1.42457
    -1.15647
   -0.877239
   -0.589559
   -0.296204
   0.0415042
    0.082617
    0.122942
    0.162091
    0.199685
    0.235363
    0.268781
    0.299615
    0.327569
    0.352371
    0.373784
      0.3916
    0.405646
    0.415787
    0.421924
    0.423998
    0.421989
    0.415913
    0.405831
    0.391838
    0.374069
    0.352694
    0.327918
    0.299981
    0.269151
    0.235724
    0.200022
    0.162389
    0.123188
   0.0827951
   0.0416002
   -0.282823
   -0.562919
    -0.83759
    -1.10419
    -1.36016
    -1.60302
    -1.83044
    -2.04023
    -2.23037
    -2.39903
    -2.54458
    -2.66563
    -2.76101
    -2.82979
    -2.87132
     -2.8852
    -2.87128
    -2.82972
     -2.7609
    -2.66551
    -2.54444
    -2.39887
    -2.23019
    -2.04004
    -1.83025
    -1.60284
    -1.35999
    -1.10404
   -0.837467
    -0.56283
   -0.282775
   0.0399127
   0.0794499
     0.11823
     0.15588
    0.192036
    0.226349
    0.258489
    0.288146
    0.315032
    0.338888
    0.359485
    0.376622
    0.390134
     0.39989
    0.405796
    0.407794
    0.405864
    0.400024
     0.39033
    0.376874
    0.359786
    0.339229
    0.315402
    0.288533
     0.25888
    0.226731
    0.192392
    0.156196
     0.11849
   0.0796383
   0.0400143
   -0.269697
   -0.536793
   -0.798716
    -1.05294
    -1.29703
    -1.52862
    -1.74548
    -1.94553
    -2.12685
    -2.28768
    -2.42647
     -2.5419
    -2.63285
    -2.69844
    -2.73804
    -2.75127
      -2.738
    -2.69837
    -2.63275
    -2.54177
    -2.42632
    -2.28751
    -2.12667
    -1.94534
    -1.74529
    -1.52843
    -1.29685
    -1.05279
   -0.798588
   -0.536701
   -0.269647
   0.0383509
   0.0763419
    0.113606
    0.149785
     0.18453
    0.217504
    0.248391
    0.276891
     0.30273
    0.325658
    0.345454
    0.361925
    0.374914
    0.384293
    0.389972
    0.391895
    0.390044
    0.384434
    0.375121
    0.362192
    0.345772
    0.326019
    0.303122
    0.277301
    0.248805
    0.217908
    0.184907
     0.15012
    0.113882
   0.0765413
   0.0384585
   -0.256873
   -0.511267
   -0.760735
    -1.00287
    -1.23535
    -1.45593
    -1.66248
    -1.85301
     -2.0257
    -2.17888
    -2.31108
    -2.42102
    -2.50764
     -2.5701
    -2.60782
    -2.62042
    -2.60778
    -2.57004
    -2.50754
    -2.42088
    -2.31092
    -2.17871
    -2.02552
    -1.85282
    -1.66228
    -1.45573
    -1.23517
    -1.00271
   -0.760603
   -0.511173
   -0.256822
   0.0368188
   0.0732928
     0.10907
    0.143807
    0.177166
    0.208827
    0.238485
    0.265851
    0.290663
    0.312681
    0.331691
     0.34751
    0.359985
    0.368994
    0.374451
    0.376301
    0.374527
    0.369144
    0.360204
    0.347793
    0.332029
    0.313063
    0.291078
    0.266285
    0.238923
    0.209255
    0.177566
    0.144161
    0.109362
   0.0735041
   0.0369327
   -0.244351
   -0.486344
   -0.723648
   -0.953981
    -1.17512
    -1.38495
    -1.58143
    -1.76267
    -1.92694
    -2.07265
     -2.1984
    -2.30298
    -2.38537
    -2.44479
    -2.48067
    -2.49265
    -2.48063
    -2.44472
    -2.38527
    -2.30284
    -2.19824
    -2.07247
    -1.92675
    -1.76247
    -1.58122
    -1.38475
    -1.17494
   -0.953817
   -0.723513
   -0.486246
   -0.244298
    0.035316
   0.0703024
    0.104622
    0.137943
    0.169945
    0.200318
     0.22877
    0.255025
     0.27883
    0.299955
    0.318196
    0.333375
    0.345346
    0.353993
    0.359232
    0.361011
    0.359313
    0.354153
    0.345579
    0.333675
    0.318554
    0.300361
     0.27927
    0.255486
    0.229235
    0.200772
    0.170369
    0.138319
    0.104931
   0.0705267
    0.035437
    -0.23213
    -0.46202
   -0.687457
   -0.906268
    -1.11635
    -1.31568
    -1.50233
    -1.67451
    -1.83056
    -1.96898
    -2.08844
    -2.18778
    -2.26605
     -2.3225
    -2.35658
    -2.36796
    -2.35655
    -2.32243
    -2.26595
    -2.18765
    -2.08828
     -1.9688
    -1.83037
     -1.6743
    -1.50212
    -1.31547
    -1.11616
   -0.906101
   -0.687318
    -0.46192
   -0.232076
   0.0338425
   0.0673703
     0.10026
    0.132194
    0.162865
    0.191976
    0.219246
    0.244412
     0.26723
     0.28748
    0.304966
    0.319519
    0.330997
    0.339289
    0.344315
    0.346024
    0.344401
    0.339458
    0.331245
    0.319838
    0.305347
    0.287911
    0.267698
    0.244902
    0.219741
    0.192458
    0.163316
    0.132594
    0.100589
   0.0676089
   0.0339712
   -0.220211
   -0.438297
   -0.652158
   -0.859733
    -1.05902
    -1.24812
    -1.42518
    -1.58852
    -1.73656
    -1.86787
    -1.98119
    -2.07543
    -2.14968
    -2.20323
    -2.23556
    -2.24636
    -2.23553
    -2.20316
    -2.14958
     -2.0753
    -1.98103
    -1.86769
    -1.73636
    -1.58832
    -1.42498
    -1.24791
    -1.05884
   -0.859565
   -0.652019
   -0.438196
   -0.220157
    0.032398
    0.064496
   0.0959844
    0.126559
    0.155925
    0.183799
    0.209912
     0.23401
    0.255861
    0.275255
    0.292002
     0.30594
    0.316936
     0.32488
    0.329697
    0.331339
    0.329789
    0.325061
      0.3172
    0.306281
    0.292408
    0.275714
    0.256361
    0.234532
    0.210439
    0.184314
    0.156406
    0.126986
   0.0963355
   0.0647506
   0.0325353
   -0.208594
   -0.415175
   -0.617753
   -0.814377
    -1.00315
    -1.18227
    -1.34999
    -1.50471
    -1.64494
    -1.76932
    -1.87666
    -1.96593
    -2.03626
    -2.08698
    -2.11761
    -2.12784
    -2.11757
    -2.08692
    -2.03616
     -1.9658
    -1.87651
    -1.76914
    -1.64474
    -1.50451
    -1.34979
    -1.18207
    -1.00297
   -0.814209
   -0.617614
   -0.415074
    -0.20854
   0.0309823
   0.0616792
   0.0917944
    0.121037
    0.149125
    0.175787
    0.200765
    0.223818
    0.244723
    0.263277
      0.2793
    0.292638
     0.30316
    0.310765
    0.315378
    0.316954
    0.315476
    0.310958
    0.303443
    0.293002
    0.279734
    0.263768
    0.245257
    0.224377
     0.20133
    0.176337
     0.14964
    0.121493
     0.09217
   0.0619516
   0.0311293
   -0.197278
   -0.392653
   -0.584241
   -0.770198
   -0.948735
    -1.11813
    -1.27676
    -1.42308
     -1.5557
    -1.67334
    -1.77485
    -1.85928
    -1.92579
    -1.97376
    -2.00272
    -2.01239
    -2.00269
    -1.97369
    -1.92569
    -1.85914
     -1.7747
    -1.67316
    -1.55551
    -1.42288
    -1.27655
    -1.11793
   -0.948549
   -0.770033
   -0.584104
   -0.392553
   -0.197225
   0.0295953
   0.0589195
   0.0876895
    0.115627
    0.142464
    0.167939
    0.191806
    0.213835
    0.233812
    0.251545
     0.26686
    0.279609
    0.289669
    0.296942
    0.301355
    0.302867
     0.30146
    0.297149
    0.289972
        0.28
    0.267326
    0.252072
    0.234385
    0.214434
    0.192412
    0.168529
    0.143015
    0.116117
   0.0880924
   0.0592117
   0.0297529
   -0.186265
   -0.370732
   -0.551624
   -0.727199
   -0.895768
    -1.05571
    -1.20548
    -1.34363
    -1.46885
    -1.57991
    -1.67576
    -1.75547
    -1.81827
    -1.86356
     -1.8909
    -1.90004
    -1.89087
    -1.86349
    -1.81817
    -1.75534
    -1.67561
    -1.57974
    -1.46866
    -1.34343
    -1.20528
    -1.05551
   -0.895586
   -0.727037
    -0.55149
   -0.370634
   -0.186212
   0.0282369
   0.0562167
   0.0836693
     0.11033
     0.13594
    0.160253
    0.183033
     0.20406
    0.223129
    0.240057
     0.25468
    0.266854
    0.276461
    0.283409
    0.287628
    0.289077
     0.28774
    0.283631
    0.276787
    0.267273
     0.25518
    0.240624
    0.223745
    0.204703
    0.183684
    0.160887
    0.136533
    0.110855
   0.0841021
   0.0565305
   0.0284061
   -0.175553
   -0.349411
     -0.5199
   -0.685379
   -0.844254
   -0.994994
    -1.13615
    -1.26636
    -1.38437
    -1.48905
    -1.57939
    -1.65451
     -1.7137
    -1.75639
    -1.78216
    -1.79076
    -1.78212
    -1.75632
     -1.7136
    -1.65439
    -1.57924
    -1.48888
    -1.38419
    -1.26617
    -1.13595
   -0.994805
   -0.844077
   -0.685222
   -0.519771
   -0.349317
   -0.175502
    0.026907
   0.0535708
    0.079734
    0.105144
    0.129554
     0.15273
    0.174446
    0.194492
    0.212674
    0.228815
    0.242759
     0.25437
    0.263535
    0.270165
    0.274194
    0.275582
    0.274315
    0.270404
    0.263885
    0.254821
    0.243297
    0.229424
    0.213335
    0.195184
    0.175145
    0.153411
    0.130191
    0.105708
   0.0801989
   0.0539079
   0.0270888
   -0.165143
   -0.328692
   -0.489072
   -0.644739
   -0.794192
   -0.935994
    -1.06878
    -1.19127
    -1.30228
    -1.40075
    -1.48573
     -1.5564
    -1.61208
    -1.65224
    -1.67648
    -1.68457
    -1.67644
    -1.65217
    -1.61199
    -1.55628
    -1.48559
    -1.40059
    -1.30211
    -1.19108
    -1.06859
   -0.935812
   -0.794021
   -0.644587
   -0.488948
   -0.328602
   -0.165095
    0.025606
   0.0509824
   0.0758841
     0.10007
    0.123307
     0.14537
    0.166045
    0.185132
    0.202445
    0.217817
    0.231098
    0.242159
    0.250892
    0.257211
    0.261054
    0.262383
    0.261184
    0.257467
    0.251267
    0.242642
    0.231675
     0.21847
    0.203154
    0.185874
    0.166795
    0.146101
     0.12399
    0.100676
   0.0763823
   0.0513436
   0.0258008
   -0.155036
   -0.308575
   -0.459139
   -0.605278
   -0.745584
   -0.878707
    -1.00337
    -1.11836
    -1.22258
    -1.31502
     -1.3948
    -1.46114
    -1.51341
    -1.55111
    -1.57387
    -1.58147
    -1.57383
    -1.55105
    -1.51333
    -1.46103
    -1.39466
    -1.31487
    -1.22241
    -1.11818
    -1.00319
   -0.878533
   -0.745422
   -0.605134
    -0.45902
    -0.30849
    -0.15499
   0.0243342
   0.0484521
   0.0721207
    0.095111
    0.117201
    0.138176
    0.157833
    0.175982
    0.192446
    0.207066
    0.219699
    0.230222
    0.238532
    0.244548
    0.248209
    0.249481
    0.248348
    0.244821
    0.238933
    0.230738
    0.220316
    0.207764
    0.193204
    0.176775
    0.158634
    0.138956
    0.117929
   0.0957573
   0.0726525
   0.0488376
   0.0245421
   -0.145231
   -0.289059
   -0.430101
   -0.566997
    -0.69843
   -0.823134
   -0.939907
    -1.04763
    -1.14526
    -1.23185
    -1.30659
    -1.36873
     -1.4177
    -1.45301
    -1.47433
    -1.48145
     -1.4743
    -1.45295
    -1.41761
    -1.36862
    -1.30646
     -1.2317
     -1.1451
    -1.04746
   -0.939739
    -0.82297
   -0.698277
   -0.566861
   -0.429989
   -0.288978
   -0.145187
   0.0230924
   0.0459813
   0.0684455
   0.0902677
    0.111237
    0.131149
    0.149813
    0.167046
     0.18268
    0.196565
    0.208565
    0.218562
    0.226459
    0.232178
    0.235663
    0.236878
    0.235811
    0.232469
    0.226885
    0.219111
     0.20922
    0.197306
    0.183485
    0.167887
    0.150662
    0.131977
     0.11201
   0.0909532
   0.0690094
     0.04639
   0.0233127
   -0.135728
   -0.270146
   -0.401959
   -0.529898
    -0.65273
   -0.769274
   -0.878408
    -0.97908
    -1.07032
    -1.15125
    -1.22109
    -1.27917
    -1.32494
    -1.35794
    -1.37786
    -1.38451
    -1.37783
    -1.35788
    -1.32485
    -1.27907
    -1.22097
    -1.15111
    -1.07017
   -0.978921
   -0.878248
   -0.769119
   -0.652585
   -0.529768
   -0.401852
   -0.270068
   -0.135687
   0.0218813
   0.0435715
   0.0648609
   0.0855434
    0.105419
    0.124295
    0.141988
    0.158327
    0.173152
     0.18632
    0.197701
    0.207185
    0.214679
    0.220108
    0.223419
    0.224579
    0.223575
    0.220414
    0.215127
    0.207762
     0.19839
      0.1871
    0.173998
    0.159212
    0.142882
    0.125166
    0.106232
   0.0862642
   0.0654537
    0.044001
   0.0221128
   -0.126528
   -0.251834
   -0.374712
   -0.493979
   -0.608486
    -0.71713
   -0.818866
   -0.912713
   -0.997769
    -1.07321
    -1.13832
    -1.19246
    -1.23512
    -1.26589
    -1.28446
    -1.29066
    -1.28443
    -1.26584
    -1.23505
    -1.19237
     -1.1382
    -1.07308
   -0.997624
   -0.912562
   -0.818713
   -0.716982
   -0.608348
   -0.493857
   -0.374612
   -0.251762
   -0.126489
    0.020702
   0.0412246
   0.0613695
   0.0809417
   0.0997517
    0.117617
    0.134365
    0.149832
    0.163867
    0.176335
    0.187113
    0.196097
    0.203196
    0.208343
    0.211485
     0.21259
    0.211647
    0.208662
    0.203664
    0.196698
    0.187831
    0.177148
    0.164749
    0.150754
    0.135296
    0.118524
    0.100598
   0.0816918
   0.0619863
   0.0416713
   0.0209426
    -0.11763
   -0.234124
   -0.348361
    -0.45924
   -0.565694
   -0.666698
    -0.76128
   -0.848528
   -0.927602
   -0.997741
    -1.05827
    -1.10861
    -1.14827
    -1.17687
    -1.19413
     -1.1999
    -1.19411
    -1.17682
    -1.14819
    -1.10851
    -1.05816
   -0.997615
   -0.927466
   -0.848386
   -0.761138
   -0.666561
   -0.565566
   -0.459126
   -0.348267
   -0.234056
   -0.117593
   0.0195553
   0.0389425
   0.0579742
   0.0764662
   0.0942394
    0.111121
    0.126948
    0.141566
    0.154833
    0.166619
     0.17681
    0.185305
     0.19202
     0.19689
    0.199866
    0.200918
    0.200033
    0.197219
    0.192501
    0.185924
    0.177549
    0.167456
    0.155741
    0.142515
    0.127906
    0.112054
   0.0951101
   0.0772377
   0.0586084
   0.0394018
   0.0198027
   -0.109035
   -0.217016
   -0.322906
   -0.425683
   -0.524359
   -0.617983
   -0.705652
   -0.786524
   -0.859819
   -0.924833
   -0.980939
     -1.0276
    -1.06436
    -1.09087
    -1.10687
    -1.11222
    -1.10685
    -1.09082
    -1.06429
    -1.02751
   -0.980834
   -0.924716
   -0.859692
    -0.78639
   -0.705517
   -0.617852
   -0.524237
   -0.425575
   -0.322817
   -0.216952
      -0.109
   0.0184424
   0.0367272
   0.0546779
   0.0721206
   0.0888864
    0.104813
    0.119745
    0.133537
    0.146056
    0.157179
    0.166798
    0.174817
    0.181158
    0.185759
    0.188573
    0.189571
    0.188742
    0.186093
    0.181648
    0.175447
    0.167549
     0.15803
    0.146979
    0.134502
    0.120718
     0.10576
   0.0897708
    0.072904
   0.0553218
   0.0371934
   0.0186934
   -0.100742
    -0.20051
   -0.298346
   -0.393306
   -0.484476
   -0.570978
    -0.65198
   -0.726701
   -0.794421
   -0.854489
   -0.906328
   -0.949436
   -0.983401
    -1.00789
    -1.02268
    -1.02762
    -1.02266
    -1.00785
   -0.983338
   -0.949355
   -0.906231
    -0.85438
   -0.794302
   -0.726576
   -0.651854
   -0.570856
   -0.484362
   -0.393205
   -0.298263
    -0.20045
   -0.100709
   0.0173639
   0.0345803
   0.0514829
   0.0679081
   0.0836968
   0.0986957
    0.112759
    0.125751
    0.137543
    0.148022
    0.157085
    0.164642
    0.170619
    0.174957
    0.177612
    0.178557
    0.177782
    0.175292
     0.17111
    0.165273
    0.157838
    0.148875
    0.138469
    0.126718
    0.113736
   0.0996457
   0.0845835
   0.0686935
   0.0521283
   0.0350475
   0.0176154
  -0.0927508
   -0.184606
   -0.274681
   -0.362109
   -0.446048
   -0.525689
   -0.600265
   -0.669058
   -0.731407
   -0.786711
   -0.834437
   -0.874126
   -0.905397
   -0.927948
   -0.941562
   -0.946107
   -0.941541
   -0.927907
   -0.905338
   -0.874051
   -0.834347
   -0.786609
   -0.731296
   -0.668942
   -0.600148
   -0.525574
   -0.445941
   -0.362015
   -0.274604
    -0.18455
  -0.0927205
   0.0163205
   0.0325031
   0.0483913
   0.0638314
   0.0786738
   0.0927746
    0.105997
    0.118212
      0.1293
    0.139154
    0.147677
    0.154785
    0.160408
    0.164491
    0.166991
    0.167885
     0.16716
    0.164823
    0.160894
    0.155411
    0.148423
    0.139999
    0.130216
    0.119169
    0.106963
   0.0937149
   0.0795514
   0.0646086
   0.0490299
   0.0329653
   0.0165693
  -0.0850625
   -0.169304
   -0.251912
   -0.332093
   -0.409073
   -0.482111
   -0.550506
   -0.613597
   -0.670777
   -0.721496
   -0.765266
   -0.801666
   -0.830343
   -0.851024
   -0.863509
   -0.867678
    -0.86349
   -0.850987
   -0.830289
   -0.801595
   -0.765182
   -0.721401
   -0.670674
   -0.613488
   -0.550396
   -0.482005
   -0.408973
   -0.332004
   -0.251839
   -0.169251
  -0.0850339
   0.0153126
   0.0304962
   0.0454041
    0.059892
   0.0738196
   0.0870517
   0.0994599
    0.110923
     0.12133
    0.130579
     0.13858
    0.145253
    0.150533
    0.154367
    0.156717
    0.157558
    0.156882
    0.154692
    0.151008
    0.145865
     0.13931
    0.131405
    0.122226
     0.11186
    0.100405
   0.0879711
   0.0746776
   0.0606518
   0.0460283
    0.030948
   0.0155558
  -0.0776762
   -0.154602
   -0.230037
   -0.303255
   -0.373551
   -0.440247
   -0.502703
   -0.560315
    -0.61253
   -0.658845
   -0.698815
   -0.732052
    -0.75824
   -0.777126
   -0.788526
   -0.792332
   -0.788508
    -0.77709
   -0.758189
   -0.731987
   -0.698735
   -0.658756
   -0.612433
   -0.560214
     -0.5026
   -0.440148
   -0.373458
   -0.303173
   -0.229969
   -0.154553
  -0.0776496
   0.0143403
   0.0285601
   0.0425219
   0.0560907
   0.0691351
   0.0815285
   0.0931505
    0.103888
    0.113637
    0.122301
    0.129796
    0.136048
    0.140995
    0.144589
    0.146792
    0.147583
    0.146952
    0.144903
    0.141455
    0.136639
    0.130502
    0.123099
    0.114503
    0.104793
   0.0940641
   0.0824173
   0.0699645
   0.0568251
   0.0431253
   0.0289967
   0.0145753
   -0.070592
   -0.140502
   -0.209058
   -0.275598
   -0.339483
   -0.400096
   -0.456856
   -0.509214
   -0.556666
   -0.598757
    -0.63508
   -0.665287
   -0.689087
   -0.706249
   -0.716609
   -0.720068
   -0.716593
   -0.706216
   -0.689038
   -0.665225
   -0.635007
   -0.598673
   -0.556576
   -0.509118
    -0.45676
   -0.400003
   -0.339396
   -0.275521
   -0.208994
   -0.140456
  -0.0705672
   0.0134034
   0.0266943
   0.0397443
   0.0524272
   0.0646201
   0.0762048
   0.0870687
   0.0971061
    0.106219
    0.114319
    0.121326
    0.127172
    0.131798
    0.135158
     0.13722
    0.137961
    0.137372
    0.135459
    0.132238
    0.127738
    0.122002
    0.115083
    0.107048
   0.0979726
   0.0879431
   0.0770555
    0.065414
   0.0531302
   0.0403219
   0.0271122
   0.0136283
    -0.06381
   -0.127004
   -0.188973
    -0.24912
   -0.306867
   -0.361657
   -0.412963
   -0.460291
   -0.503185
   -0.541231
   -0.574065
   -0.601369
   -0.622881
   -0.638395
    -0.64776
   -0.650886
   -0.647743
   -0.638363
   -0.622836
   -0.601311
   -0.573995
   -0.541153
   -0.503099
   -0.460202
   -0.412874
    -0.36157
   -0.306786
   -0.249048
   -0.188913
   -0.126961
  -0.0637868
   0.0125016
   0.0248984
   0.0370707
   0.0489006
   0.0602736
   0.0710794
   0.0812132
   0.0905761
   0.0990771
    0.106633
     0.11317
    0.118623
    0.122939
    0.126075
    0.127999
    0.128692
    0.128144
    0.126361
    0.123357
    0.119161
    0.113811
    0.107358
   0.0998638
   0.0913985
   0.0820431
   0.0718869
   0.0610271
   0.0495678
   0.0376189
   0.0252951
   0.0127151
  -0.0573302
   -0.114107
   -0.169783
   -0.223822
   -0.275705
   -0.324931
   -0.371027
   -0.413548
   -0.452085
   -0.486268
   -0.515766
   -0.540298
   -0.559626
   -0.573563
   -0.581977
   -0.584785
   -0.581962
   -0.573534
   -0.559583
   -0.540243
   -0.515702
   -0.486194
   -0.452005
   -0.413464
   -0.370942
   -0.324849
   -0.275628
   -0.223755
   -0.169727
   -0.114066
  -0.0573085
   0.0116345
   0.0231715
   0.0344995
   0.0455091
   0.0560936
   0.0661503
   0.0755816
   0.0842957
   0.0922077
   0.0992402
    0.105324
      0.1104
    0.114418
    0.117337
    0.119129
    0.119774
    0.119265
    0.117606
    0.114812
    0.110907
    0.105929
    0.099924
   0.0929493
    0.085071
    0.076364
   0.0669116
    0.056804
   0.0461382
   0.0350164
   0.0235455
   0.0118358
  -0.0511525
   -0.101811
   -0.151487
   -0.199703
   -0.245995
   -0.289916
   -0.331044
   -0.368983
   -0.403367
   -0.433866
   -0.460186
   -0.482073
   -0.499317
   -0.511753
   -0.519259
   -0.521765
   -0.519245
   -0.511724
   -0.499277
   -0.482021
   -0.460124
   -0.433797
   -0.403293
   -0.368905
   -0.330966
    -0.28984
   -0.245923
    -0.19964
   -0.151435
   -0.101773
  -0.0511321
   0.0108014
   0.0215123
   0.0320294
   0.0422508
   0.0520777
   0.0614147
   0.0701711
   0.0782617
   0.0856076
   0.0921372
   0.0977864
      0.1025
     0.10623
    0.108941
    0.110605
    0.111205
    0.110733
    0.109193
    0.106599
    0.102975
   0.0983533
   0.0927786
   0.0863033
   0.0789889
    0.070905
   0.0621288
   0.0527442
   0.0428411
   0.0325144
   0.0218633
   0.0109903
  -0.0452767
  -0.0901159
   -0.134086
   -0.176763
   -0.217737
   -0.256612
   -0.293016
   -0.326596
    -0.35703
   -0.384025
   -0.407321
   -0.426694
   -0.441956
   -0.452962
   -0.459606
   -0.461824
   -0.459593
   -0.452937
    -0.44192
   -0.426646
   -0.407264
   -0.383961
    -0.35696
   -0.326523
   -0.292942
   -0.256541
    -0.21767
   -0.176704
   -0.134037
  -0.0900805
  -0.0452576
   0.0100018
   0.0199199
   0.0296586
   0.0391236
   0.0482233
   0.0568695
   0.0649781
   0.0724703
    0.079273
   0.0853198
   0.0905513
   0.0949163
   0.0983715
    0.100882
    0.102424
     0.10298
    0.102543
    0.101118
   0.0987165
   0.0953604
   0.0910813
   0.0859193
   0.0799233
   0.0731501
   0.0656642
   0.0575371
   0.0488465
   0.0396755
   0.0301121
   0.0202481
   0.0101785
  -0.0397027
  -0.0790217
   -0.117578
   -0.155002
   -0.190931
   -0.225021
   -0.256942
   -0.286388
   -0.313074
   -0.336746
   -0.357173
    -0.37416
   -0.387543
   -0.397194
    -0.40302
   -0.404964
   -0.403008
    -0.39717
   -0.387509
   -0.374115
    -0.35712
   -0.336685
   -0.313009
    -0.28632
   -0.256873
   -0.224953
   -0.190868
   -0.154946
   -0.117533
  -0.0789886
  -0.0396849
  0.00923513
   0.0183931
   0.0273855
   0.0361253
   0.0445278
   0.0525117
   0.0599993
   0.0669178
   0.0731997
   0.0787836
   0.0836149
    0.087646
    0.090837
   0.0931562
   0.0945801
   0.0950939
   0.0946916
    0.093376
   0.0911588
   0.0880602
   0.0841092
   0.0793429
   0.0738063
   0.0675519
   0.0606394
   0.0531346
   0.0451092
   0.0366401
   0.0278086
   0.0186994
      0.0094
  -0.0344306
  -0.0685282
   -0.101965
   -0.134418
   -0.165576
   -0.195139
   -0.222821
   -0.248356
   -0.271499
   -0.292026
    -0.30974
   -0.324471
   -0.336077
   -0.344446
   -0.349497
   -0.351182
   -0.349486
   -0.344423
   -0.336044
    -0.32443
    -0.30969
    -0.29197
   -0.271438
   -0.248292
   -0.222756
   -0.195076
   -0.165518
   -0.134367
   -0.101922
  -0.0684976
   -0.034414
  0.00850087
   0.0169309
   0.0252085
   0.0332538
   0.0409888
   0.0483385
   0.0552314
   0.0616005
   0.0673838
   0.0725246
   0.0769726
    0.080684
   0.0836222
   0.0857577
   0.0870692
   0.0875428
   0.0871731
   0.0859626
    0.083922
     0.08107
   0.0774332
   0.0730457
    0.067949
   0.0621915
   0.0558279
   0.0489189
   0.0415306
   0.0337336
   0.0256029
   0.0172163
  0.00865454
  -0.0294602
  -0.0586355
   -0.087245
   -0.115013
   -0.141673
   -0.166967
   -0.190653
   -0.212501
   -0.232302
   -0.249866
   -0.265022
   -0.277626
   -0.287555
   -0.294715
   -0.299037
   -0.300479
   -0.299027
   -0.294695
   -0.287525
   -0.277587
   -0.264976
   -0.249813
   -0.232245
   -0.212442
   -0.190592
   -0.166909
   -0.141618
   -0.114965
  -0.0872053
  -0.0586067
  -0.0294447
  0.00779857
   0.0155323
   0.0231264
   0.0305074
    0.037604
   0.0443471
   0.0506714
   0.0565153
   0.0618217
   0.0665388
   0.0706203
   0.0740261
   0.0767225
   0.0786826
   0.0798866
   0.0803219
   0.0799834
   0.0788734
   0.0770018
   0.0743856
   0.0710493
   0.0670241
   0.0623481
   0.0570657
    0.051227
   0.0448878
   0.0381086
   0.0309544
   0.0234937
   0.0157982
  0.00794173
  -0.0247915
   -0.049343
  -0.0734185
  -0.0967858
    -0.11922
   -0.140505
   -0.160437
   -0.178822
   -0.195485
   -0.210264
   -0.223018
   -0.233623
   -0.241979
   -0.248004
    -0.25164
   -0.252853
    -0.25163
   -0.247984
    -0.24195
   -0.233587
   -0.222975
   -0.210215
   -0.195431
   -0.178767
    -0.16038
   -0.140451
   -0.119169
  -0.0967406
  -0.0733813
  -0.0493162
   -0.024777
  0.00712782
   0.0141965
   0.0211378
   0.0278846
   0.0343715
   0.0405355
   0.0463167
    0.051659
   0.0565101
   0.0608227
   0.0645544
   0.0676685
   0.0701341
   0.0719267
   0.0730281
   0.0734269
   0.0731183
   0.0721044
   0.0703942
   0.0680033
    0.064954
   0.0612748
   0.0570005
   0.0521717
   0.0468343
   0.0410391
   0.0348416
    0.028301
   0.0214801
   0.0144443
  0.00726119
  -0.0204242
  -0.0406508
  -0.0604848
  -0.0797355
  -0.0982173
   -0.115752
   -0.132172
   -0.147318
   -0.161045
    -0.17322
   -0.183726
   -0.192463
   -0.199346
   -0.204308
   -0.207303
   -0.208302
   -0.207294
    -0.20429
   -0.199319
   -0.192429
   -0.183686
   -0.173174
   -0.160995
   -0.147266
    -0.13212
   -0.115702
  -0.0981698
  -0.0796933
  -0.0604501
  -0.0406257
  -0.0204107
   0.0064883
    0.012923
   0.0192419
    0.025384
   0.0312896
   0.0369015
   0.0421651
   0.0470293
   0.0514464
   0.0553734
   0.0587716
   0.0616077
   0.0638534
   0.0654864
   0.0664902
   0.0668543
   0.0665743
   0.0656521
   0.0640958
   0.0619197
    0.059144
   0.0557947
   0.0519034
    0.047507
   0.0426474
   0.0373708
   0.0317276
    0.025772
   0.0195608
   0.0131538
  0.00661258
  -0.0163584
  -0.0325583
  -0.0484437
  -0.0638618
   -0.078664
  -0.0927079
   -0.105858
   -0.117988
   -0.128982
   -0.138732
   -0.147146
   -0.154143
   -0.159654
   -0.163628
   -0.166027
   -0.166826
   -0.166018
   -0.163612
    -0.15963
   -0.154111
   -0.147108
   -0.138689
   -0.128935
    -0.11794
   -0.105809
  -0.0926601
  -0.0786195
  -0.0638224
  -0.0484113
  -0.0325348
  -0.0163458
  0.00587971
   0.0117111
   0.0174378
   0.0230044
    0.028357
   0.0334435
   0.0382147
   0.0426239
   0.0466282
   0.0501883
   0.0532693
   0.0558409
   0.0578775
   0.0593588
   0.0602697
   0.0606008
   0.0603481
   0.0595132
   0.0581034
   0.0561317
   0.0536164
    0.050581
   0.0470541
   0.0430692
   0.0386642
    0.033881
   0.0287653
   0.0233661
    0.017735
   0.0119263
  0.00599556
  -0.0125938
  -0.0250653
  -0.0372947
  -0.0491641
  -0.0605592
  -0.0713705
  -0.0814935
  -0.0908313
  -0.0992937
   -0.106799
   -0.113276
   -0.118661
   -0.122904
   -0.125962
   -0.127808
   -0.128422
     -0.1278
   -0.125947
   -0.122881
   -0.118632
   -0.113241
   -0.106759
  -0.0992503
   -0.090786
  -0.0814479
  -0.0713258
  -0.0605177
  -0.0491272
  -0.0372644
  -0.0250434
  -0.0125819
  0.00530181
   0.0105603
   0.0157247
   0.0207449
   0.0255724
   0.0301602
   0.0344637
   0.0384411
   0.0420534
   0.0452653
   0.0480452
   0.0503657
   0.0522038
   0.0535411
    0.054364
   0.0546638
    0.054437
    0.053685
   0.0524145
   0.0506369
   0.0483688
   0.0456315
   0.0424506
   0.0388564
   0.0348829
   0.0305681
   0.0259532
   0.0210822
   0.0160019
    0.010761
  0.00540986
 -0.00913017
  -0.0181716
  -0.0270372
  -0.0356417
  -0.0439022
  -0.0517392
  -0.0590774
   -0.065846
  -0.0719799
  -0.0774202
  -0.0821144
  -0.0860175
  -0.0890919
  -0.0913082
   -0.092645
  -0.0930895
  -0.0926375
  -0.0912936
  -0.0890705
  -0.0859899
  -0.0820814
  -0.0773828
  -0.0719395
  -0.0658037
  -0.0590346
  -0.0516977
  -0.0438634
  -0.0356073
  -0.0270089
  -0.0181511
 -0.00911914
  0.00475439
  0.00947023
   0.0141019
   0.0186046
   0.0229347
   0.0270502
   0.0309109
   0.0344792
   0.0377203
   0.0406024
   0.0430971
   0.0451799
   0.0468301
    0.048031
   0.0487706
   0.0490409
   0.0488387
   0.0481654
   0.0470267
   0.0454331
   0.0433992
   0.0409441
    0.038091
   0.0348667
   0.0313021
   0.0274309
   0.0232901
   0.0189194
   0.0143606
  0.00965751
  0.00485523
  -0.0059674
  -0.0118766
  -0.0176706
  -0.0232938
   -0.028692
  -0.0338132
  -0.0386082
  -0.0430308
  -0.0470385
  -0.0505927
  -0.0536594
   -0.056209
  -0.0582169
  -0.0596641
  -0.0605366
   -0.060826
  -0.0605296
  -0.0596505
  -0.0581969
  -0.0561832
  -0.0536286
  -0.0505579
  -0.0470007
  -0.0429913
  -0.0385683
  -0.0337744
  -0.0286557
  -0.0232617
  -0.0176442
  -0.0118575
 -0.00595711
  0.00423724
  0.00844045
    0.012569
   0.0165829
   0.0204432
   0.0241124
   0.0275548
   0.0307368
   0.0336273
    0.036198
   0.0384235
   0.0402818
   0.0417545
   0.0428267
   0.0434876
     0.04373
   0.0435512
   0.0429522
   0.0419381
   0.0405182
   0.0387056
   0.0365172
   0.0339736
   0.0310988
   0.0279202
    0.024468
   0.0207752
   0.0168769
   0.0128107
  0.00861542
  0.00433145
 -0.00310524
 -0.00617987
 -0.00919429
  -0.0121195
  -0.0149274
  -0.0175909
  -0.0200845
  -0.0223841
  -0.0244677
  -0.0263152
   -0.027909
  -0.0292337
  -0.0302766
  -0.0310278
  -0.0314801
  -0.0316291
  -0.0314736
   -0.031015
  -0.0302579
  -0.0292096
  -0.0278803
  -0.0262827
  -0.0244324
  -0.0223472
  -0.0200473
  -0.0175547
  -0.0148936
  -0.0120896
 -0.00916967
 -0.00616204
 -0.00309564
  0.00375018
  0.00747059
   0.0111253
   0.0146788
   0.0180967
   0.0213458
   0.0243944
   0.0272126
   0.0297731
   0.0320505
   0.0340225
   0.0356695
   0.0369751
   0.0379262
   0.0385131
   0.0387295
   0.0385727
   0.0380436
   0.0371469
   0.0358907
   0.0342864
   0.0323491
    0.030097
   0.0275514
   0.0247363
   0.0216786
   0.0184074
    0.014954
   0.0113515
  0.00763434
  0.00383835
-0.000543428
 -0.00108096
 -0.00160744
 -0.00211783
 -0.00260724
 -0.00307098
 -0.00350462
 -0.00390405
 -0.00426543
 -0.00458536
 -0.00486081
 -0.00508917
  -0.0052683
 -0.00539654
 -0.00547271
 -0.00549614
 -0.00546666
 -0.00538462
 -0.00525085
  -0.0050667
 -0.00483399
 -0.00455503
 -0.00423253
 -0.00386964
  -0.0034699
 -0.00303718
 -0.00257569
 -0.00208989
 -0.00158447
 -0.00106433
-0.000534476
    0.003293
  0.00656029
  0.00977025
   0.0128918
   0.0158946
   0.0187494
   0.0214284
   0.0239054
   0.0261561
   0.0281585
   0.0298926
   0.0313415
   0.0324904
    0.033328
   0.0338455
   0.0340374
   0.0339013
   0.0334381
   0.0326516
   0.0315489
   0.0301402
   0.0284386
     0.02646
   0.0242231
   0.0217491
   0.0190616
    0.016186
     0.01315
   0.0099825
  0.00671396
  0.00337575
  0.00171834
  0.00342075
  0.00509081
  0.00671242
  0.00826992
  0.00974831
   0.0111333
   0.0124115
   0.0135706
   0.0145993
   0.0154878
   0.0162273
   0.0168108
   0.0172325
   0.0174884
   0.0175759
    0.017494
   0.0172436
   0.0168271
   0.0162483
   0.0155128
   0.0146276
   0.0136013
   0.0124436
   0.0111657
  0.00977982
  0.00829933
  0.00673846
  0.00511222
  0.00343625
  0.00172668
  0.00286554
  0.00570917
  0.00850338
    0.011221
   0.0138358
   0.0163221
   0.0186557
   0.0208137
   0.0227751
   0.0245204
   0.0260324
   0.0272961
   0.0282987
   0.0290302
    0.029483
   0.0296521
   0.0295356
   0.0291339
   0.0284504
   0.0274914
   0.0262655
   0.0247842
   0.0230612
    0.021113
   0.0189578
   0.0166161
   0.0141103
   0.0114643
  0.00870332
  0.00585395
  0.00294351
   0.0036804
  0.00732592
   0.0109015
   0.0143725
   0.0177057
   0.0208688
   0.0238314
    0.026565
    0.029043
   0.0312417
   0.0331398
    0.034719
    0.035964
   0.0368627
   0.0374066
   0.0375902
   0.0374119
   0.0368731
   0.0359791
   0.0347385
    0.033163
    0.031268
   0.0290716
   0.0265948
   0.0238616
   0.0208982
   0.0177331
   0.0143968
   0.0109214
  0.00734035
  0.00368816
  0.00246761
   0.0049169
  0.00732415
  0.00966597
   0.0119196
    0.014063
   0.0160752
   0.0179366
   0.0196287
    0.021135
   0.0224403
   0.0235318
   0.0243984
   0.0250313
    0.025424
   0.0255721
   0.0254738
   0.0251295
    0.024542
   0.0237167
    0.022661
   0.0213846
   0.0198996
   0.0182198
   0.0163612
   0.0143414
   0.0121795
  0.00989629
  0.00751351
  0.00505403
  0.00254147
  0.00534311
   0.0106353
   0.0158256
    0.020864
   0.0257019
   0.0302927
   0.0345922
    0.038559
   0.0421548
   0.0453449
   0.0480985
   0.0503892
   0.0521948
   0.0534978
   0.0542857
   0.0545508
   0.0542906
   0.0535074
   0.0522089
   0.0504073
   0.0481201
   0.0453693
   0.0421813
   0.0385867
   0.0346202
   0.0303199
   0.0257273
   0.0208865
   0.0158441
   0.0106487
  0.00535033
  0.00209909
  0.00418321
  0.00623215
  0.00822598
   0.0101453
   0.0119713
    0.013686
   0.0152728
   0.0167158
   0.0180008
    0.019115
   0.0200472
   0.0207881
   0.0213299
    0.021667
   0.0217958
   0.0217144
   0.0214233
   0.0209248
   0.0202233
   0.0193252
   0.0182387
   0.0169739
   0.0155427
   0.0139586
   0.0122365
    0.010393
  0.00844549
  0.00641264
  0.00431393
   0.0021695
  0.00670691
   0.0133497
   0.0198645
   0.0261883
   0.0322605
   0.0380223
   0.0434184
   0.0483966
   0.0529091
   0.0569124
   0.0603677
   0.0632419
   0.0655073
   0.0671418
   0.0681298
   0.0684617
   0.0681344
   0.0671508
   0.0655203
   0.0632587
   0.0603878
    0.056935
   0.0529337
   0.0484223
   0.0434443
   0.0380475
    0.032284
   0.0262092
   0.0198816
   0.0133621
  0.00671359
  0.00175986
  0.00350786
  0.00522703
  0.00690062
  0.00851227
   0.0100462
   0.0114873
   0.0128214
   0.0140353
   0.0151169
   0.0160553
   0.0168411
   0.0174663
   0.0179244
   0.0182106
   0.0183217
   0.0182561
   0.0180141
   0.0175976
   0.0170101
    0.016257
   0.0153451
    0.014283
   0.0130805
   0.0117489
   0.0103008
  0.00875006
  0.00711134
   0.0054003
  0.00363336
  0.00182747
  0.00777226
   0.0154701
   0.0230194
   0.0303475
   0.0373836
   0.0440602
   0.0503128
   0.0560812
   0.0613098
   0.0659481
   0.0699516
   0.0732817
   0.0759061
   0.0777996
   0.0789439
    0.079328
   0.0789481
   0.0778078
   0.0759181
   0.0732971
     0.06997
    0.065969
   0.0613324
   0.0561048
   0.0503367
   0.0440834
   0.0374053
   0.0303667
   0.0230352
   0.0154815
   0.0077784
  0.00144986
  0.00289074
  0.00430861
  0.00568962
  0.00702023
  0.00828738
  0.00947855
   0.0105819
   0.0115866
   0.0124823
   0.0132603
   0.0139125
   0.0144322
    0.014814
   0.0150538
   0.0151488
   0.0150977
   0.0149007
    0.014559
   0.0140758
   0.0134552
    0.012703
    0.011826
   0.0108323
  0.00973139
  0.00853354
  0.00725012
  0.00589334
  0.00447613
  0.00301208
  0.00151524
  0.00853966
   0.0169975
   0.0252921
   0.0333434
   0.0410741
   0.0484095
    0.055279
   0.0616165
   0.0673608
   0.0724566
   0.0768549
   0.0805132
   0.0833962
   0.0854762
   0.0867329
   0.0871545
   0.0867367
   0.0854837
   0.0834071
   0.0805273
   0.0768717
   0.0724756
   0.0673814
    0.061638
   0.0553008
   0.0484307
   0.0410938
    0.033361
   0.0253065
    0.017008
   0.0085453
  0.00116912
  0.00233185
  0.00347685
  0.00459291
  0.00566904
  0.00669462
  0.00765947
  0.00855397
  0.00936916
   0.0100968
   0.0107295
   0.0112607
    0.011685
   0.0119978
   0.0121957
   0.0122763
   0.0122384
   0.0120821
   0.0118084
   0.0114197
   0.0109192
   0.0103114
  0.00960205
  0.00879755
  0.00790543
  0.00693407
  0.00589266
  0.00479107
   0.0036398
  0.00244987
   0.0012327
  0.00900974
   0.0179331
   0.0266841
   0.0351785
   0.0433345
   0.0510734
   0.0583207
   0.0650067
   0.0710668
   0.0764428
   0.0810828
    0.084942
   0.0879834
   0.0901775
   0.0915031
   0.0919476
   0.0915066
   0.0901842
   0.0879933
   0.0849548
   0.0810981
     0.07646
   0.0710855
   0.0650262
   0.0583404
   0.0510925
   0.0433524
   0.0351944
   0.0266972
   0.0179426
  0.00901484
 0.000917668
  0.00183128
  0.00273189
  0.00361063
  0.00445883
  0.00526805
   0.0060302
  0.00673763
  0.00738316
  0.00796022
  0.00846285
  0.00888583
  0.00922466
  0.00947567
  0.00963602
  0.00970376
  0.00967782
  0.00955808
  0.00934528
  0.00904113
  0.00864821
  0.00816997
  0.00761074
  0.00697563
  0.00627052
    0.005502
   0.0046773
  0.00380422
  0.00289106
  0.00194656
 0.000979768
  0.00918315
   0.0182782
   0.0271976
   0.0358553
    0.044168
   0.0520557
   0.0594422
   0.0662565
   0.0724331
   0.0779123
   0.0826412
   0.0865745
    0.089674
     0.09191
   0.0932609
   0.0937137
   0.0932639
    0.091916
   0.0896828
   0.0865858
   0.0826548
   0.0779277
   0.0724497
    0.066274
   0.0594599
   0.0520728
    0.044184
   0.0358695
   0.0272092
   0.0182867
   0.0091877
 0.000695618
  0.00138921
  0.00207397
   0.0027431
  0.00338996
  0.00400805
  0.00459114
  0.00513329
  0.00562894
  0.00607295
  0.00646068
  0.00678799
  0.00705132
  0.00724775
  0.00737496
  0.00743132
  0.00741591
  0.00732846
  0.00716946
  0.00694008
   0.0066422
  0.00627836
  0.00585179
  0.00536633
  0.00482644
  0.00423709
  0.00360383
  0.00293259
  0.00222976
  0.00150203
 0.000756382
  0.00906059
   0.0180342
   0.0268345
   0.0353765
   0.0435782
   0.0513604
   0.0586483
   0.0653715
   0.0714654
   0.0768711
   0.0815367
   0.0854172
   0.0884752
   0.0906811
   0.0920138
   0.0924604
   0.0920166
   0.0906865
    0.088483
   0.0854273
   0.0815487
   0.0768847
     0.07148
   0.0653868
   0.0586638
   0.0513755
   0.0435923
   0.0353891
   0.0268447
   0.0180417
   0.0090646
 0.000503094
   0.0010059
  0.00150344
  0.00199075
  0.00246294
  0.00291519
  0.00334289
  0.00374159
  0.00410715
  0.00443567
  0.00472362
  0.00496785
  0.00516562
  0.00531461
  0.00541299
  0.00545943
  0.00545308
  0.00539363
  0.00528127
  0.00511675
  0.00490131
  0.00463673
  0.00432527
  0.00396967
  0.00357315
  0.00313931
  0.00267218
  0.00217613
  0.00165583
  0.00111623
 0.000562512
   0.0086429
   0.0172028
   0.0255973
   0.0337456
   0.0415691
   0.0489925
   0.0559442
   0.0623574
   0.0681701
   0.0733265
   0.0777769
   0.0814783
   0.0843951
   0.0864992
   0.0877703
   0.0881961
   0.0877726
   0.0865038
   0.0844019
   0.0814869
   0.0777871
   0.0733382
   0.0681827
   0.0623706
   0.0559575
   0.0490055
   0.0415812
   0.0337564
   0.0256062
   0.0172093
  0.00864637
 0.000340224
 0.000681585
  0.00102067
  0.00135405
  0.00167832
  0.00199011
  0.00228616
  0.00256332
   0.0028186
  0.00304919
  0.00325253
  0.00342627
  0.00356836
  0.00367705
   0.0037509
  0.00378881
  0.00379004
  0.00375419
  0.00368127
  0.00357161
  0.00342597
  0.00324544
  0.00303148
   0.0027859
  0.00251085
  0.00220879
  0.00188246
  0.00153488
   0.0011693
 0.000789182
 0.000398159
  0.00793106
   0.0157859
    0.023489
    0.030966
   0.0381451
    0.044957
    0.051336
   0.0572208
   0.0625547
   0.0672863
   0.0713699
   0.0747664
   0.0774428
   0.0793735
   0.0805397
   0.0809304
   0.0805418
   0.0793773
   0.0774484
   0.0747735
   0.0713786
    0.067296
   0.0625653
   0.0572319
   0.0513471
   0.0449678
   0.0381553
   0.0309751
   0.0234964
   0.0157913
  0.00793394
 0.000207123
 0.000416498
 0.000625992
 0.000833437
  0.00103664
  0.00123343
  0.00142165
  0.00159921
  0.00176409
  0.00191438
  0.00204827
  0.00216413
  0.00226047
  0.00233598
  0.00238956
  0.00242032
  0.00242758
  0.00241093
  0.00237016
  0.00230534
  0.00221677
  0.00210502
  0.00197088
  0.00181541
  0.00163988
  0.00144579
  0.00123486
    0.001009
 0.000770277
 0.000520937
  0.00026335
  0.00692603
   0.0137855
   0.0205124
    0.027042
   0.0333112
   0.0392598
   0.0448304
   0.0499694
   0.0546273
   0.0587592
   0.0623253
   0.0652912
   0.0676283
   0.0693142
   0.0703327
   0.0706738
   0.0703342
   0.0693173
   0.0676329
   0.0652971
   0.0623323
    0.058767
   0.0546358
   0.0499783
   0.0448394
   0.0392685
   0.0333194
   0.0270492
   0.0205184
   0.0137898
  0.00692835
  0.00010387
 0.000210797
 0.000319646
 0.000429227
 0.000538306
 0.000645625
 0.000749908
 0.000849885
 0.000944302
  0.00103194
  0.00111161
  0.00118222
  0.00124273
  0.00129219
  0.00132976
  0.00135473
  0.00136649
  0.00136457
  0.00134866
  0.00131858
  0.00127432
  0.00121602
  0.00114397
  0.00105862
 0.000960591
 0.000850632
 0.000729649
 0.000598682
 0.000458899
 0.000311584
 0.000158125
  0.00562901
   0.0112039
   0.0166711
   0.0219778
   0.0270731
   0.0319076
    0.036435
   0.0406116
   0.0443972
   0.0477552
   0.0506535
   0.0530639
   0.0549633
   0.0563335
   0.0571611
   0.0574383
   0.0571623
   0.0563358
   0.0549667
   0.0530682
   0.0506586
   0.0477611
   0.0444035
   0.0406183
   0.0364418
   0.0319142
   0.0270792
   0.0219833
   0.0166756
   0.0112072
  0.00563077
 3.05045e-05
  6.4566e-05
 0.000101761
   0.0001416
 0.000183535
 0.000226966
  0.00027125
 0.000315709
 0.000359641
 0.000402325
 0.000443039
 0.000481063
 0.000515694
 0.000546255
 0.000572104
 0.000592644
 0.000607335
 0.000615696
 0.000617322
 0.000611883
 0.000599133
 0.000578918
 0.000551175
 0.000515936
 0.000473333
 0.000423595
 0.000367047
 0.000304111
 0.000235298
 0.000161209
 8.25248e-05
  0.00404134
  0.00804383
   0.0119689
   0.0157789
   0.0194369
   0.0229079
   0.0261582
   0.0291568
   0.0318745
   0.0342855
   0.0363662
   0.0380967
   0.0394603
    0.040444
   0.0410381
   0.0412371
   0.0410389
   0.0404455
   0.0394626
   0.0380996
   0.0363696
   0.0342894
   0.0318789
   0.0291613
   0.0261628
   0.0229123
    0.019441
   0.0157825
   0.0119719
    0.008046
   0.0040425
-1.29802e-05
-2.22028e-05
-2.76654e-05
-2.94356e-05
-2.76482e-05
-2.25025e-05
-1.42576e-05
-3.22827e-06
 1.02216e-05
 2.56846e-05
 4.27173e-05
 6.08473e-05
 7.95812e-05
 9.84127e-05
 0.000116831
 0.000134327
 0.000150406
 0.000164592
 0.000176435
  0.00018552
 0.000191475
 0.000193975
 0.000192746
 0.000187576
  0.00017831
 0.000164862
 0.000147212
 0.000125408
 9.95669e-05
 6.98735e-05
 3.65794e-05
  0.00216444
  0.00430808
  0.00641027
  0.00845077
   0.0104099
   0.0122689
   0.0140097
   0.0156156
   0.0170712
   0.0183624
   0.0194767
   0.0204035
   0.0211338
   0.0216607
   0.0219789
   0.0220854
   0.0219792
   0.0216614
    0.021135
    0.020405
   0.0194785
   0.0183643
   0.0170733
   0.0156179
   0.0140119
   0.0122711
    0.010412
  0.00845259
  0.00641177
  0.00430916
  0.00216503
  2.8026e-45
  4.2039e-45
  4.2039e-45
  4.2039e-45
  4.2039e-45
  4.2039e-45
  4.2039e-45
  4.2039e-45
  4.2039e-45
  4.2039e-45
  4.2039e-45
  4.2039e-45
  4.2039e-45
  4.2039e-45
  4.2039e-45
  4.2039e-45
  4.2039e-45
  4.2039e-45
  4.2039e-45
  4.2039e-45
  4.2039e-45
  4.2039e-45
  4.2039e-45
  4.2039e-45
  4.2039e-45
  4.2039e-45
  4.2039e-45
  4.2039e-45
  4.2039e-45
  4.2039e-45
  2.8026e-45
-2.24208e-44
-2.24208e-44
-2.24208e-44
 2.24208e-44
 2.24208e-44
 2.24208e-44
-2.24208e-44
-2.24208e-44
-2.24208e-44
-2.24208e-44
-2.24208e-44
-2.24208e-44
-2.24208e-44
 2.24208e-44
-2.24208e-44
-2.24208e-44
 2.24208e-44
 2.24208e-44
 2.24208e-44
 2.24208e-44
-2.24208e-44
-2.24208e-44
-2.24208e-44
 2.24208e-44
-2.24208e-44
-2.24208e-44
 2.24208e-44
 2.24208e-44
 2.24208e-44
 2.24208e-44
-2.24208e-44
