9.450019103152917
18.80844956982353
27.98563094535022
36.893830956892046
45.44724551342874
53.56199870576072
61.16096326106079
68.17183236105345
74.52519146019421
80.16126692204199
85.02510556470742
89.07043102449416
92.25771557407826
94.55707239523923
95.94439921521852
96.40909103400242
95.94439921521852
94.55707239523923
92.25771557407826
89.07043102449416
85.02510556470742
80.16126692204199
74.52519146019421
68.17183236105345
61.16096326106079
53.56199870576072
45.44724551342874
36.893830956892046
27.98563094535022
18.80844956982353
9.450019103152917
9.29988817839071
18.50964277415062
27.541027753756943
36.30770463279491
44.72523247595777
52.711067897046796
60.18930893174131
67.08879748849067
73.34122179940627
78.8877578421396
83.67432546711217
87.65538349573158
90.79203217128347
93.0548594825936
94.42014606581175
94.87745540084381
94.42014606581175
93.0548594825936
90.79203217128347
87.65538349573158
83.67432546711217
78.8877578421396
73.34122179940627
67.08879748849067
60.18930893174131
52.711067897046796
44.72523247595777
36.30770463279491
27.541027753756943
18.50964277415062
9.29988817839071
9.150934751077619
18.213179561188866
27.099911646019294
35.72617537790638
44.00888228583952
51.86681105546004
59.22527542069099
66.01425700708523
72.16653817517353
77.62423706874625
82.33413972322357
86.25143437895932
89.33784432458903
91.56442863200795
92.90784784306697
93.35783259618056
92.90784784306697
91.56442863200795
89.33784432458903
86.25143437895932
82.33413972322357
77.62423706874625
72.16653817517353
66.01425700708523
59.22527542069099
51.86681105546004
44.00888228583952
35.72617537790638
27.099911646019294
18.213179561188866
9.150934751077619
9.003158821213642
17.91905993093827
26.662282622137283
35.14924319222645
43.29819494307398
51.02922818100045
58.26886272790984
64.94821091683717
71.001140587496
76.37070460186193
81.00454833304158
84.85858367417732
87.89515203399493
90.08577984348224
91.40750454698423
91.85022262001267
91.40750454698423
90.08577984348224
87.89515203399493
84.85858367417732
81.00454833304158
76.37070460186193
71.001140587496
64.94821091683717
58.26886272790984
51.02922818100045
43.29819494307398
35.14924319222645
26.662282622137283
17.91905993093827
9.003158821213642
8.856560388798782
17.627283883398842
26.2281406821109
34.576908075755135
42.59317044766115
50.19831927366803
57.32007085339787
63.89065921774646
69.84502903637367
75.12716044148667
79.68555129656623
83.47683138138564
86.46395529950118
88.61891311701652
89.91911617756348
90.35462547234016
89.91911617756348
88.61891311701652
86.46395529950118
83.47683138138564
79.68555129656623
75.12716044148667
69.84502903637367
63.89065921774646
57.32007085339787
50.19831927366803
42.59317044766115
34.576908075755135
26.2281406821109
17.627283883398842
8.856560388798782
8.711139453833036
17.33785141857057
25.797485825940154
34.00917002849242
41.89380879960104
49.37408433346277
56.37889979715508
62.84160190981309
68.69820352180653
73.89360458762043
78.37714861379752
82.10617750058424
85.0442541211078
87.16382845261074
88.44268273480475
88.87104115316299
88.44268273480475
87.16382845261074
85.0442541211078
82.10617750058424
78.37714861379752
73.89360458762043
68.69820352180653
62.84160190981309
56.37889979715508
49.37408433346277
41.89380879960104
34.00917002849242
25.797485825940154
17.33785141857057
8.711139453833036
8.566896016316408
17.050762536453455
25.37031805362504
33.446029050438305
41.20010999889364
48.55652336038468
55.44534955918145
61.801038993037075
67.56066404379459
72.67003704026324
77.07934028473542
80.74662203177314
83.63604849881476
85.72052585026495
86.97820421870803
87.3994696624812
86.97820421870803
85.72052585026495
83.63604849881476
80.74662203177314
77.07934028473542
72.67003704026324
67.56066404379459
61.801038993037075
55.44534955918145
48.55652336038468
41.20010999889364
33.446029050438305
25.37031805362504
17.050762536453455
8.566896016316408
8.423830076248892
16.766017237047507
24.946637365165564
32.8874851415928
40.51207404553895
47.74563635443376
54.51942013947699
60.76897046741843
66.43241060233785
71.45645779941508
75.79212630937995
79.39816497495232
82.23933843262206
84.2890053099791
85.52568062927334
85.93991100029476
85.52568062927334
84.2890053099791
82.23933843262206
79.39816497495232
75.79212630937995
71.45645779941508
66.43241060233785
60.76897046741843
54.51942013947699
47.74563635443376
40.51207404553895
32.8874851415928
24.946637365165564
16.766017237047507
8.423830076248892
8.281941633630492
16.483615520352714
24.52644376056172
32.3335383019559
39.82970093953698
46.94142331561002
53.601111538041714
59.745396332957135
65.31344319743631
70.25286686507597
74.51550668773113
78.06080633012182
80.85412392252972
82.86926683175324
84.08511196650065
84.49236516660369
84.08511196650065
82.86926683175324
80.85412392252972
78.06080633012182
74.51550668773113
70.25286686507597
65.31344319743631
59.745396332957135
53.601111538041714
46.94142331561002
39.82970093953698
32.3335383019559
24.52644376056172
16.483615520352714
8.281941633630492
8.14123068846121
16.20355738636908
24.109737239813505
31.784188531527604
39.15299068088772
46.143884243913426
52.6904237548756
58.73031658965319
64.20376182908998
69.05926423724588
73.24948141978892
76.73454609728161
79.48040496853774
81.46131041558733
82.65649823038999
83.05683216140797
82.65649823038999
81.46131041558733
79.48040496853774
76.73454609728161
73.24948141978892
69.05926423724588
64.20376182908998
58.73031658965319
52.6904237548756
46.143884243913426
39.15299068088772
31.784188531527604
24.109737239813505
16.20355738636908
8.14123068846121
8.00169724074104
15.92584283509661
23.696517802920926
31.23943583030791
38.48194326959117
45.35301913934401
51.78735678997867
57.72373123750661
63.103366497298836
67.87564991592484
71.99405050555335
75.41938427643169
78.1181815706461
80.0651360614814
81.23983942094134
81.63331198470762
81.23983942094134
80.0651360614814
78.1181815706461
75.41938427643169
71.99405050555335
67.87564991592484
63.103366497298836
57.72373123750661
51.78735678997867
45.35301913934401
38.48194326959117
31.23943583030791
23.696517802920926
15.92584283509661
8.00169724074104
7.863341290469988
15.650471866535298
23.286785449883983
30.699280198296822
37.81655870564734
44.568828001901764
50.89191064335091
56.725640276517375
62.0122572020629
66.70202390111284
70.7492139450244
74.11532086757205
76.76745372885482
78.68074376943542
79.83513553815469
80.22180463650263
79.83513553815469
78.68074376943542
76.76745372885482
74.11532086757205
70.7492139450244
66.70202390111284
62.0122572020629
56.725640276517375
50.89191064335091
44.568828001901764
37.81655870564734
30.699280198296822
23.286785449883983
15.650471866535298
7.863341290469988
7.72616283764805
15.377444480685147
22.88054018070267
30.163721635494348
37.156836989056224
43.79131083158669
50.00408531499231
55.7360437066855
60.930433943382155
65.53838619280988
69.51497173820209
72.82235587070272
75.42822144316389
77.30813353944941
78.44238658203005
78.822310116793
78.44238658203005
77.30813353944941
75.42822144316389
72.82235587070272
69.51497173820209
65.53838619280988
60.930433943382155
55.7360437066855
50.00408531499231
43.79131083158669
37.156836989056224
30.163721635494348
22.88054018070267
15.377444480685147
7.72616283764805
7.590161882275227
15.106760677546154
22.477781995376997
29.63276014190047
36.50277811981781
43.020467628398784
49.12388080490289
54.754941528010974
59.857896721256616
64.38473679101594
68.2913238850864
71.54048928582368
74.10048471357331
75.94730537152337
77.06159255256745
77.43482842557873
77.06159255256745
75.94730537152337
74.10048471357331
71.54048928582368
68.2913238850864
64.38473679101594
59.857896721256616
54.754941528010974
49.12388080490289
43.020467628398784
36.50277811981781
29.63276014190047
22.477781995376997
15.106760677546154
7.590161882275227
7.4553384243515195
14.838420457118325
22.078510893906948
29.1063957175152
35.854382097932124
42.25629839233803
48.25129711308265
53.78233374049382
58.79464553568627
63.24107569573106
67.07827038567733
70.26972111293495
72.78424354008308
74.59825926565729
75.69275344976684
76.05935956285983
75.69275344976684
74.59825926565729
72.78424354008308
70.26972111293495
67.07827038567733
63.24107569573106
58.79464553568627
53.78233374049382
48.25129711308265
42.25629839233803
35.854382097932124
29.1063957175152
22.078510893906948
14.838420457118325
7.4553384243515195
7.321692463876928
14.572423819401651
21.682726876292538
28.58462836233853
35.211648923399146
41.498803123404464
47.38633423953157
52.818220344134005
57.74068038667113
62.107402906955215
65.87581123997491
69.0100513520365
71.4794979226932
73.26099522185118
74.33586927362826
74.69590352863628
74.33586927362826
73.26099522185118
71.4794979226932
69.0100513520365
65.87581123997491
62.107402906955215
57.74068038667113
52.818220344134005
47.38633423953157
41.498803123404464
35.211648923399146
28.58462836233853
21.682726876292538
14.572423819401651
7.321692463876928
7.189224000851452
14.308770764396142
21.290429942533763
28.06745807637047
34.57457859621888
40.74798182159805
46.52899218424967
51.86260133893155
56.69600127421119
60.9837184246884
64.68394644797911
67.76148000312834
70.18624786140367
71.93551324010504
72.99094002415168
73.3444603229081
72.99094002415168
71.93551324010504
70.18624786140367
67.76148000312834
64.68394644797911
60.9837184246884
56.69600127421119
51.86260133893155
46.52899218424967
40.74798182159805
34.57457859621888
28.06745807637047
21.290429942533763
14.308770764396142
7.189224000851452
7.057933035275091
14.04746129210179
20.90162009263062
27.554884859611015
33.943171116391326
40.00383448691881
45.679270947236944
50.91547672488645
55.66060819830645
59.87002224893063
63.502676009689935
66.52400706621049
68.90449335621449
70.62181332041885
71.65796570133712
72.00502994567528
71.65796570133712
70.62181332041885
68.90449335621449
66.52400706621049
63.502676009689935
59.87002224893063
55.66060819830645
50.91547672488645
45.679270947236944
40.00383448691881
33.943171116391326
27.554884859611015
20.90162009263062
14.04746129210179
7.057933035275091
6.927819567147845
13.788495402518597
20.51629732658311
27.046908712060162
33.317426483916485
39.26636111936674
44.83717052849338
49.97684650199871
54.63450115895691
58.766314379681894
62.3319999251074
65.29763254128292
67.63423440712567
69.31989546279266
70.33694630518458
70.67761239693782
70.33694630518458
69.31989546279266
67.63423440712567
65.29763254128292
62.3319999251074
58.766314379681894
54.63450115895691
49.97684650199871
44.83717052849338
39.26636111936674
33.317426483916485
27.046908712060162
20.51629732658311
13.788495402518597
6.927819567147845
6.798883596469714
13.531873095646567
20.134461644391234
26.543529633717917
32.69734469879436
38.53556171894184
44.002690928019
49.04671067026831
53.61768015616256
57.672594816942194
61.17191819423149
64.08235642834565
66.3754710141372
68.0297596672264
69.02788183569405
69.36220767669572
69.02788183569405
68.0297596672264
66.3754710141372
64.08235642834565
61.17191819423149
57.672594816942194
53.61768015616256
49.04671067026831
44.002690928019
38.53556171894184
32.69734469879436
26.543529633717917
20.134461644391234
13.531873095646567
6.798883596469714
6.671125123240699
13.277594371485698
19.756113046054992
26.04474762458428
32.08292576102495
37.81143628564411
43.175832145813786
48.12506922969528
52.610145189923415
56.58886356071154
60.0224308170622
62.87817872739867
65.12820317724908
66.75140593372012
67.73077229286554
68.05881578494899
67.73077229286554
66.75140593372012
65.12820317724908
62.87817872739867
60.0224308170622
56.58886356071154
52.610145189923415
48.12506922969528
43.175832145813786
37.81143628564411
32.08292576102495
26.04474762458428
19.756113046054992
13.277594371485698
6.671125123240699
6.5445441474608
13.025659230035988
19.381251531574385
25.55056268465924
31.474169670608255
37.09398481947355
42.356594181877746
47.2119221802796
51.61189626023947
55.51512061098992
58.88353779359956
61.685099438441995
63.89243089646131
65.48483426227381
66.44561767669903
66.7674367216976
66.44561767669903
65.48483426227381
63.89243089646131
61.685099438441995
58.88353779359956
55.51512061098992
51.61189626023947
47.2119221802796
42.356594181877746
37.09398481947355
31.474169670608255
25.55056268465924
19.381251531574385
13.025659230035988
6.5445441474608
6.419140669130015
12.776067671297437
19.009877100949407
25.06097481394281
30.871076427544267
36.383207320430145
41.54497703621088
46.30726952202127
50.62293336711072
54.451365967777335
57.75523912384354
60.50311856147561
62.6681541717739
64.23004465288746
65.17241798719454
65.4880704869416
65.17241798719454
64.23004465288746
62.6681541717739
60.50311856147561
57.75523912384354
54.451365967777335
50.62293336711072
46.30726952202127
41.54497703621088
36.383207320430145
30.871076427544267
25.06097481394281
19.009877100949407
12.776067671297437
6.419140669130015
6.294914688248346
12.528819695270046
18.641989754180067
24.575984012434986
30.273646031832996
35.67910378851391
40.74098070881319
45.4111112549203
49.643256510537185
53.397599631073795
56.63753480779414
59.332236096499514
61.45537300318683
62.98703710556107
63.91117322435205
64.22071708068094
63.91117322435205
62.98703710556107
61.45537300318683
59.332236096499514
56.63753480779414
53.397599631073795
49.643256510537185
45.4111112549203
40.74098070881319
35.67910378851391
30.273646031832996
24.575984012434986
18.641989754180067
12.528819695270046
6.294914688248346
6.1718662048157915
12.283915301953815
18.277589491266358
24.095590280135763
29.681878483474442
34.98167422372485
39.944605199684666
44.52344737897669
48.67286569051883
52.35382160087928
55.53042484545137
58.172452043513715
60.25408739070011
61.75581162029465
62.661883388171596
62.96537650291566
62.661883388171596
61.75581162029465
60.25408739070011
58.172452043513715
55.53042484545137
52.35382160087928
48.67286569051883
44.52344737897669
39.944605199684666
34.98167422372485
29.681878483474442
24.095590280135763
18.277589491266358
12.283915301953815
6.1718662048157915
6.049995218832354
12.041354491348747
17.916676312208285
23.619793617045147
29.095773782468598
34.29091862606296
39.15585050882532
43.64427789419043
47.71176090705568
51.32003187719381
54.433909236815246
57.02376640251821
59.06429733431375
60.536368197088194
61.42454847865316
61.72204875364573
61.42454847865316
60.536368197088194
59.06429733431375
57.02376640251821
54.433909236815246
51.32003187719381
47.71176090705568
43.64427789419043
39.15585050882532
34.29091862606296
29.095773782468598
23.619793617045147
17.916676312208285
12.041354491348747
6.049995218832354
5.9293017302980315
11.801137263454835
17.559250217005843
23.148594023163135
28.515331928815467
33.606836995528234
38.374716636235135
42.77360280056153
46.75994216014774
50.29623046001739
53.34798798188574
55.88617917351301
57.88600283402773
59.328706835941716
60.19916849579671
60.490733832871165
60.19916849579671
59.328706835941716
57.88600283402773
55.88617917351301
53.34798798188574
50.29623046001739
46.75994216014774
42.77360280056153
38.374716636235135
33.606836995528234
28.515331928815467
23.148594023163135
17.559250217005843
11.801137263454835
5.9293017302980315
5.809785739212824
11.563263618272085
17.205311205659036
22.681991498489733
27.94055292251505
32.92942933212068
37.601203581914135
41.91142209808998
45.817409449794994
49.28241734934999
52.272661080662864
54.759690356498105
56.71920388984207
58.13282753685519
58.985743439602295
59.27143174059196
58.985743439602295
58.13282753685519
56.71920388984207
54.759690356498105
52.272661080662864
49.28241734934999
45.817409449794994
41.91142209808998
37.601203581914135
32.92942933212068
27.94055292251505
22.681991498489733
17.205311205659036
11.563263618272085
5.809785739212824
5.691447245576731
11.327733555800496
16.854859278167858
22.219986043024928
27.371436763567345
32.25869563584028
36.8353113458623
41.05773578677579
44.88416277599744
48.27859254519165
51.207928533146614
53.644299951473485
55.563900501756756
56.94873029982863
57.78427331006989
58.064142476808115
57.78427331006989
56.94873029982863
55.563900501756756
53.644299951473485
51.207928533146614
48.27859254519165
44.88416277599744
41.05773578677579
36.8353113458623
32.25869563584028
27.371436763567345
22.219986043024928
16.854859278167858
11.327733555800496
5.691447245576731
5.574286249389754
11.094547076040065
16.50789443453232
21.762577656768734
26.807983451972355
31.59463590668706
36.07703992807964
40.21254386661895
43.96020213875509
47.28475604754233
50.15379033933699
52.540007958439155
54.420092669771805
55.77641512486204
56.5947581071995
56.86886604151963
56.5947581071995
55.77641512486204
54.420092669771805
52.540007958439155
50.15379033933699
47.28475604754233
43.96020213875509
40.21254386661895
36.07703992807964
31.59463590668706
26.807983451972355
21.762577656768734
16.50789443453232
11.094547076040065
5.574286249389754
5.458302750651892
10.863704178990796
16.164416674752413
21.309766339721143
26.25019298773008
30.937250144661007
35.32638932856615
39.37584633761947
43.045527538067944
46.300907856402056
49.110246499234
51.446814377395135
53.28778039388719
54.61588201195543
55.41719783099112
55.68560243472651
55.41719783099112
54.61588201195543
53.28778039388719
51.446814377395135
49.110246499234
46.300907856402056
43.045527538067944
39.37584633761947
35.32638932856615
30.937250144661007
26.25019298773008
21.309766339721143
16.164416674752413
10.863704178990796
5.458302750651892
5.343496749363147
10.635204864652685
15.824425998828138
20.861552091882157
25.698065370840514
30.28653834976213
34.58335954732184
38.54764319977734
42.14013897393599
45.32704797177082
48.07729701283765
50.3647192083414
52.16696367410293
53.46713096110876
54.25159248144477
54.51435165642876
54.25159248144477
53.46713096110876
52.16696367410293
50.3647192083414
48.07729701283765
45.32704797177082
42.14013897393599
38.54764319977734
34.58335954732184
30.28653834976213
25.698065370840514
20.861552091882157
15.824425998828138
10.635204864652685
5.343496749363147
5.229868245523515
10.409049133025736
15.4879224067595
20.417934913251777
25.151600601303663
29.64250052199041
33.8479505843467
37.727934453092566
41.244036446359246
44.36317639364862
47.054941880147915
49.293722451277965
51.05764251041903
52.330161972322074
53.09794205856041
53.355113706626355
53.09794205856041
52.330161972322074
51.05764251041903
49.293722451277965
47.054941880147915
44.36317639364862
41.244036446359246
37.727934453092566
33.8479505843467
29.64250052199041
25.151600601303663
20.417934913251777
15.4879224067595
10.409049133025736
5.229868245523515
5.117417239133
10.185236984109947
15.154905898546494
19.97891480383
24.610798679119533
29.00513666134586
33.12016243964072
36.91672009756515
40.35721995533769
43.409293122035464
46.04318110116482
48.233824106204814
49.95981690283548
51.20497504559534
51.95624656233808
52.207888585319324
51.95624656233808
51.20497504559534
49.95981690283548
48.233824106204814
46.04318110116482
43.409293122035464
40.35721995533769
36.91672009756515
33.12016243964072
29.00513666134586
24.610798679119533
19.97891480383
15.154905898546494
10.185236984109947
5.117417239133
5.006143730191599
9.963768417905317
14.82537647418912
19.54449176361683
24.075659604288106
28.374446767828477
32.39999511320393
36.114000133195084
39.47968950087134
42.46539815693134
45.042014675888346
47.18502417312197
48.87348685135227
50.09157018092858
50.82650599277776
51.07267629250765
50.82650599277776
50.09157018092858
48.87348685135227
47.18502417312197
45.042014675888346
42.46539815693134
39.47968950087134
36.114000133195084
32.39999511320393
28.374446767828477
24.075659604288106
19.54449176361683
14.82537647418912
9.963768417905317
5.006143730191599
4.8960477186993145
9.744643434411849
14.49933413368738
19.11466579261226
23.5461833768094
27.750430841438263
31.687448605036302
35.31977455998238
38.61144508296018
41.53149149833625
44.0514426043185
46.147322652029416
47.79865235596942
48.989947378321794
49.70872034987945
49.94947682819134
49.70872034987945
48.989947378321794
47.79865235596942
46.147322652029416
44.0514426043185
41.53149149833625
38.61144508296018
35.31977455998238
31.687448605036302
27.750430841438263
23.5461833768094
19.11466579261226
14.49933413368738
9.744643434411849
4.8960477186993145
4.787129204656145
9.527862033629539
14.176778877041276
18.6894368908163
23.022369996683402
27.133088882175215
30.98252291513785
34.53404337792703
37.752486701604234
40.60757314625021
43.071464886455296
45.120719542927155
46.73531341668692
47.90010663777496
48.60288963364316
48.83829019237039
48.60288963364316
47.90010663777496
46.73531341668692
45.120719542927155
43.071464886455296
40.60757314625021
37.752486701604234
34.53404337792703
30.98252291513785
27.133088882175215
23.022369996683402
18.6894368908163
14.176778877041276
9.527862033629539
4.787129204656145
4.679388188062092
9.31342421555839
13.857710704250803
18.268805058228946
22.50421946391012
26.522420890039342
30.285218043508575
33.756806587029025
36.90281435680348
39.6936431006732
42.10208152229871
44.10521484581519
45.683470033504776
46.8220479592881
47.509013844068875
47.7391163850448
47.509013844068875
46.8220479592881
45.683470033504776
44.10521484581519
42.10208152229871
39.6936431006732
36.90281435680348
33.756806587029025
30.285218043508575
26.522420890039342
22.50421946391012
18.268805058228946
13.857710704250803
9.31342421555839
4.679388188062092
4.572824668917153
9.1013299801984
13.542129615315966
17.852770294850192
21.991731778489548
25.918426865030632
29.595533990148464
32.98806418728839
36.062428048557926
38.78970136160523
41.143292511848756
43.100808560693515
44.64312220642297
45.755771342861195
46.42709298115661
46.651955406214576
46.42709298115661
45.755771342861195
44.64312220642297
43.100808560693515
41.143292511848756
38.78970136160523
36.062428048557926
32.98806418728839
29.595533990148464
25.918426865030632
21.991731778489548
17.852770294850192
13.542129615315966
9.1013299801984
4.572824668917153
4.467438647221329
8.891579327549572
13.23003561023676
17.44133260068005
21.484906940421695
25.32110680714909
28.91347075505753
32.227816178705105
35.23132777686757
37.8957479290463
40.19509785510543
42.107500687562144
43.61426993544153
44.70127678849426
45.35712704490636
45.57680725587971
45.35712704490636
44.70127678849426
43.61426993544153
42.107500687562144
40.19509785510543
37.8957479290463
35.23132777686757
32.227816178705105
28.91347075505753
25.32110680714909
21.484906940421695
17.44133260068005
13.23003561023676
8.891579327549572
4.467438647221329
4.36323012297462
8.684172257611904
12.92142868901319
17.034491975718506
20.983744949706555
24.730460716394717
28.239028338235766
31.47606256127917
34.40951354173242
37.011782802996414
39.257497552068735
41.12529122642106
42.59691322056043
43.65856429618729
44.29911603531812
44.513671934040204
44.29911603531812
43.65856429618729
42.59691322056043
41.12529122642106
39.257497552068735
37.011782802996414
34.40951354173242
31.47606256127917
28.239028338235766
24.730460716394717
20.983744949706555
17.034491975718506
12.92142868901319
8.684172257611904
4.36323012297462
4.260199096177028
8.479108770385395
12.616308851645252
16.63224841996557
20.488245806344125
24.146488592767515
27.572206739683175
30.732803335010594
33.59698534315247
36.13780598345556
38.33049160273867
40.154180177270284
41.59105206177969
42.62763386594029
43.2530599523919
43.462549440696066
43.2530599523919
42.62763386594029
41.59105206177969
40.154180177270284
38.33049160273867
36.13780598345556
33.59698534315247
30.732803335010594
27.572206739683175
24.146488592767515
20.488245806344125
16.63224841996557
12.616308851645252
8.479108770385395
4.260199096177028
4.158345566828551
8.276388865870047
12.314676098132948
16.23460193342124
19.99840951033441
23.569190436267476
26.913005959399758
29.998038499899373
32.79374318112771
35.273817470423744
37.41408000711524
39.19416754010979
40.596686459099296
41.60848549775326
42.218958796127694
42.423439775847285
42.218958796127694
41.60848549775326
40.596686459099296
39.19416754010979
37.41408000711524
35.273817470423744
32.79374318112771
29.998038499899373
26.913005959399758
23.569190436267476
19.99840951033441
16.23460193342124
12.314676098132948
8.276388865870047
4.158345566828551
4.057669534929188
8.076012544065858
12.016530428476276
15.841552516085512
19.51423606167741
22.998566246894608
26.261425997385512
29.271768055945504
31.999787055658146
34.41981726390097
36.50826276519843
38.24525331493959
39.613816412519256
40.60111919162619
41.196812566525495
41.39634293949386
41.196812566525495
40.60111919162619
39.613816412519256
38.24525331493959
36.50826276519843
34.41981726390097
31.999787055658146
29.271768055945504
26.261425997385512
22.998566246894608
19.51423606167741
15.841552516085512
12.016530428476276
8.076012544065858
4.057669534929188
3.9581710004789414
7.8779798049728305
11.72187184267524
15.453100167958391
19.03572546037312
22.434616024648907
25.617466853640437
28.553992003148995
31.215116966743793
33.57580536388723
35.613039876988246
37.307437501759686
38.642441922039566
39.605534947559086
40.186621263585316
40.381258931635806
40.186621263585316
39.605534947559086
38.642441922039566
37.307437501759686
35.613039876988246
33.57580536388723
31.215116966743793
28.553992003148995
25.617466853640437
22.434616024648907
19.03572546037312
15.453100167958391
11.72187184267524
7.8779798049728305
3.9581710004789414
3.85984996347781
7.6822906485909614
11.430700340729837
15.069244889039876
18.562877706421546
21.877339769530373
24.98112852816454
27.84471034150984
30.439732914384635
32.741781770382524
34.7284113424847
36.38072010057008
37.68256298766023
38.62173276555195
39.18838488730715
39.378187752273114
39.18838488730715
38.62173276555195
37.68256298766023
36.38072010057008
34.7284113424847
32.741781770382524
30.439732914384635
27.84471034150984
24.98112852816454
21.877339769530373
18.562877706421546
15.069244889039876
11.430700340729837
7.6822906485909614
3.85984996347781
3.7627064239257937
7.488945074920253
11.143015922640068
14.689986679329962
18.095692799822686
21.32673748153901
24.35241102095781
27.143923071028038
29.673634898580676
31.917746483386864
33.854377161687786
35.46510111137077
36.73417960938124
37.64971264560478
38.202103437690994
38.38712940140578
38.202103437690994
37.64971264560478
36.73417960938124
35.46510111137077
33.854377161687786
31.917746483386864
29.673634898580676
27.143923071028038
24.35241102095781
21.32673748153901
18.095692799822686
14.689986679329962
11.143015922640068
7.488945074920253
3.7627064239257937
3.666740381822893
7.297943083960705
10.858818588405931
14.315325538828658
17.634170740576536
20.782809160674812
23.731314332020254
26.451630191703593
28.91682291933192
31.10369950290024
32.9909373345975
34.56058053416175
35.79729178720261
36.68947458771757
37.22777691473686
37.4080838790338
37.22777691473686
36.68947458771757
35.79729178720261
34.56058053416175
32.9909373345975
31.10369950290024
28.91682291933192
26.451630191703593
23.731314332020254
20.782809160674812
17.634170740576536
14.315325538828658
10.858818588405931
7.297943083960705
3.666740381822893
3.571951837169108
7.109284675712317
10.578108338027429
13.945261467535955
17.178311528683103
20.245554806937783
23.117838461351873
25.7678317035365
28.169296976638364
30.299640828922655
32.13809186121383
33.66715836894303
34.87189952112433
35.74101859189033
36.265405318444735
36.44105118515719
36.265405318444735
35.74101859189033
34.87189952112433
33.66715836894303
32.13809186121383
30.299640828922655
28.169296976638364
25.7678317035365
23.117838461351873
20.245554806937783
17.178311528683103
13.945261467535955
10.578108338027429
7.109284675712317
3.571951837169108
3.4783407899644376
6.92296985017509
10.30088517150456
13.579794465451862
16.72811516414238
19.714974420327923
22.511983408952663
25.09252760652677
27.431057070500003
29.505570461454106
31.2958407415368
32.7848346157146
33.95800281114639
34.80434465812306
35.31498864881462
35.48603131977595
35.31498864881462
34.80434465812306
33.95800281114639
32.7848346157146
31.2958407415368
29.505570461454106
27.431057070500003
25.09252760652677
22.511983408952663
19.714974420327923
16.72811516414238
13.579794465451862
10.30088517150456
6.92296985017509
3.4783407899644376
3.385907240208883
6.738998607349021
10.027149088837325
13.218924532576368
16.283581646954374
19.19106800084523
21.913749174822623
24.42571790067439
26.702103200916845
28.721488400494597
30.4641839755664
31.91360927447647
33.05560165726882
33.87945278641574
34.376526905846525
34.54302428289006
34.376526905846525
33.87945278641574
33.05560165726882
31.91360927447647
30.4641839755664
28.721488400494597
26.702103200916845
24.42571790067439
21.913749174822623
19.19106800084523
16.283581646954374
13.218924532576368
10.027149088837325
6.738998607349021
3.385907240208883
3.294651187902444
6.557370947234115
9.756900090025724
12.862651668909482
15.84471097711908
18.673835548489706
21.323135758961758
23.76740258597936
25.98243536788888
27.947394646044128
29.64312156330263
31.053482345228623
32.16469605949158
32.9663429767684
33.45002008954044
33.61203007449953
33.45002008954044
32.9663429767684
32.16469605949158
31.053482345228623
29.64312156330263
27.947394646044128
25.98243536788888
23.76740258597936
21.323135758961758
18.673835548489706
15.84471097711908
12.862651668909482
9.756900090025724
6.557370947234115
3.294651187902444
3.2045726330451196
6.3780868698303665
9.490138175069754
12.5109758744512
15.411503154636497
18.163277063261347
20.740143161370064
23.117581662441694
25.27205357141612
27.1832891981027
28.832653504745487
30.204453827971086
31.285286017814705
32.06501522918102
32.53546819989637
32.693048694604364
32.53546819989637
32.06501522918102
31.285286017814705
30.204453827971086
28.832653504745487
27.1832891981027
25.27205357141612
23.117581662441694
20.740143161370064
18.163277063261347
15.411503154636497
12.5109758744512
9.490138175069754
6.3780868698303665
3.2045726330451196
3.1156715756369113
6.201146375137779
9.22686334396942
12.163897149201524
14.983958179506631
17.659392545160163
20.164771382047544
22.47625513006138
24.57095781149856
26.4291720566703
28.032779799894968
29.366523722703832
30.417371532238178
31.17546954365361
31.632871236914315
31.786080143204565
31.632871236914315
31.17546954365361
30.417371532238178
29.366523722703832
28.032779799894968
26.4291720566703
24.57095781149856
22.47625513006138
20.164771382047544
17.659392545160163
14.983958179506631
12.163897149201524
9.22686334396942
6.201146375137779
3.1156715756369113
3.027948015677818
6.026549463156352
8.967075596724719
11.821415493160451
14.562076051729477
17.16218199418614
19.597020420994195
21.84342298883842
23.8791480881362
25.685043221746945
27.243500448751085
28.539692029426877
29.560952602762004
30.297705920186157
30.742229200594277
30.891124420300123
30.742229200594277
30.297705920186157
29.560952602762004
28.539692029426877
27.243500448751085
25.685043221746945
23.8791480881362
21.84342298883842
19.597020420994195
17.16218199418614
14.562076051729477
11.821415493160451
8.967075596724719
6.026549463156352
3.027948015677818
2.94140195316784
5.854296133886084
8.710774933335651
11.483530906327987
14.145856771305038
16.671645410339288
19.03689027821002
21.219085238772816
23.196624401329036
24.950902693332626
26.464815451313832
27.72395874814022
28.716029229386177
29.43172435877868
29.863542090936253
30.008181525891047
29.863542090936253
29.43172435877868
28.716029229386177
27.72395874814022
26.464815451313832
24.950902693332626
23.196624401329036
21.219085238772816
19.03689027821002
16.671645410339288
14.145856771305038
11.483530906327987
8.710774933335651
5.854296133886084
2.94140195316784
2.8560333881069773
5.6843863873269775
8.457961353802219
11.150243388704125
13.735300338233312
16.187782793619604
18.484380953695016
20.60324187986457
22.523386751077076
24.226750471427348
25.6967248075832
26.919323878843855
27.882601412110706
28.57752485943116
28.996809907940236
29.13725145997733
28.996809907940236
28.57752485943116
27.882601412110706
26.919323878843855
25.6967248075832
24.226750471427348
22.523386751077076
20.60324187986457
18.484380953695016
16.187782793619604
13.735300338233312
11.150243388704125
8.457961353802219
5.6843863873269775
2.8560333881069773
2.7718423204952303
5.51682022347903
8.208634858124418
10.821552940288868
13.3304067525143
15.710594144027086
17.939492447449187
19.995892912113675
21.859435137380313
23.51258655603111
24.939228517559208
26.125787421537783
27.060669150935585
27.735107422143614
28.142032651606236
28.27833422255897
28.142032651606236
27.735107422143614
27.060669150935585
26.125787421537783
24.939228517559208
23.51258655603111
21.859435137380313
19.995892912113675
17.939492447449187
15.710594144027086
13.3304067525143
10.821552940288868
8.208634858124418
5.51682022347903
2.7718423204952303
2.6888287503325983
5.3515976423422424
7.96279544630225
10.497459561082216
12.931176014147999
15.24007946156174
17.402224759472528
19.397038335520133
21.204769560238745
22.80841094714391
24.192326581241844
25.343349376222005
26.250232445860814
26.904472046916027
27.29921032193425
27.431429813635976
27.29921032193425
26.904472046916027
26.250232445860814
25.343349376222005
24.192326581241844
22.80841094714391
21.204769560238745
19.397038335520133
17.402224759472528
15.24007946156174
12.931176014147999
10.497459561082216
7.96279544630225
5.3515976423422424
2.6888287503325983
2.6069926776190817
5.188718643916617
7.720443118335718
10.177963251084169
12.537608123134413
14.776238746223559
16.87257788976504
18.80667815008395
20.559390019652383
22.114223644765744
23.45601899863111
24.572009742896523
25.451291296886396
26.085618733748408
26.468342918924282
26.596538233208342
26.468342918924282
26.085618733748408
25.451291296886396
24.572009742896523
23.45601899863111
22.114223644765744
20.559390019652383
18.80667815008395
16.87257788976504
14.776238746223559
12.537608123134413
10.177963251084169
7.720443118335718
5.188718643916617
2.6069926776190817
2.52633410235468
5.028183228202149
7.481577874224817
9.863064010294728
12.149703079473541
14.319071998012546
16.350551838326727
18.224812355805124
19.923296515621217
21.43002464889662
22.730305769726996
23.811768521561337
24.663845704012324
25.278547482640757
25.64943044257632
25.773659481276074
25.64943044257632
25.278547482640757
24.663845704012324
23.811768521561337
22.730305769726996
21.43002464889662
19.923296515621217
18.224812355805124
16.350551838326727
14.319071998012546
12.149703079473541
9.863064010294728
7.481577874224817
5.028183228202149
2.52633410235468
2.4468530245393945
4.869991395198843
7.246199713969552
9.552761838713893
11.76746088316538
13.868579216928705
15.836146605157587
17.65144095268365
19.29648904814525
20.755813959536532
22.015186894529513
23.062625712216448
23.88789566723861
24.48325829359307
24.842472892890378
24.962793557839163
24.842472892890378
24.48325829359307
23.88789566723861
23.062625712216448
22.015186894529513
20.755813959536532
19.29648904814525
17.65144095268365
15.836146605157587
13.868579216928705
11.76746088316538
9.552761838713893
7.246199713969552
4.869991395198843
2.4468530245393945
2.368549444173224
4.7141431449066955
7.014308637569919
9.24705673634166
11.390881534209935
13.424760402972026
15.32936219025762
17.086563940719532
18.678967617224483
20.091591576685484
21.310662373038667
22.32458131486185
23.12344118656525
23.699751166605353
24.047470269866448
24.163940462897614
24.047470269866448
23.699751166605353
23.12344118656525
22.32458131486185
21.310662373038667
20.091591576685484
18.678967617224483
17.086563940719532
15.32936219025762
13.424760402972026
11.390881534209935
9.24705673634166
7.014308637569919
4.7141431449066955
2.368549444173224
2.291423361256169
4.56063847732571
6.78590464502592
8.945948703178034
11.019965032607203
12.987615556142519
14.830198593626822
16.530181319912767
18.07073222285892
19.43735750034347
20.616732205254443
21.597635329497546
22.37048226199223
22.9280261016776
23.26442257350453
23.37710019645143
23.26442257350453
22.9280261016776
22.37048226199223
21.597635329497546
20.616732205254443
19.43735750034347
18.07073222285892
16.530181319912767
14.830198593626822
12.987615556142519
11.019965032607203
8.945948703178034
6.78590464502592
4.56063847732571
2.291423361256169
2.215474775788229
4.409477392455883
6.560987736337554
8.649437739223012
10.654711378357185
12.55714467644018
14.338655815265199
15.982293090263362
17.471782865048553
18.7931117305105
19.933396391176856
20.881787756123536
21.629018893519568
22.168083098809806
22.49332980380463
22.602272758500604
22.49332980380463
22.168083098809806
21.629018893519568
20.881787756123536
19.933396391176856
18.7931117305105
17.471782865048553
15.982293090263362
14.338655815265199
12.55714467644018
10.654711378357185
8.649437739223012
6.560987736337554
4.409477392455883
2.215474775788229
2.140703687769405
4.260659890297217
6.339557911504823
8.357523844476596
10.29512057145988
12.13334776386501
13.854733855172748
15.442899251771308
16.882119543793383
18.158854267186566
19.26065493080589
20.177038594739827
20.89905108114726
21.419922158001985
21.734191960766744
21.83945814904514
21.734191960766744
21.419922158001985
20.89905108114726
20.177038594739827
19.26065493080589
18.158854267186566
16.882119543793383
15.442899251771308
13.854733855172748
12.13334776386501
10.29512057145988
8.357523844476596
6.339557911504823
4.260659890297217
2.140703687769405
2.0671100971996954
4.114185970849711
6.121615170527725
8.070207018938785
9.941192611915287
11.716224818417006
13.378432713349468
14.911999804436615
16.30174225909342
17.53458511037167
18.598507824141556
19.483387845346407
20.180578824875298
20.683543279254128
20.98700904439087
21.08865636808504
20.98700904439087
20.683543279254128
20.180578824875298
19.483387845346407
18.598507824141556
17.53458511037167
16.30174225909342
14.911999804436615
13.378432713349468
11.716224818417006
9.941192611915287
8.070207018938785
6.121615170527725
4.114185970849711
2.0671100971996954
1.994694004079102
3.970055634113364
5.90715951340626
7.787487262609576
9.592927499723409
11.30577584009617
12.909752389795363
14.389594748259269
15.730651010948646
16.920304260065812
17.946955071183858
18.800835507943283
19.473602124703692
19.958946462566235
20.251781054677007
20.3498674156203
20.251781054677007
19.958946462566235
19.473602124703692
18.800835507943283
17.946955071183858
16.920304260065812
15.730651010948646
14.389594748259269
12.909752389795363
11.30577584009617
9.592927499723409
7.787487262609576
5.90715951340626
3.970055634113364
1.994694004079102
1.923455408407623
3.828268880088179
5.696190940140429
7.509364575488974
9.250325234884244
10.902000828902503
12.448692884510429
13.875684083239284
15.168845799359078
16.316011716268996
17.305996671932782
18.129381582530453
18.778120980632433
19.246131707938307
19.528507991625162
19.623091291650923
19.528507991625162
19.246131707938307
18.778120980632433
18.129381582530453
17.305996671932782
16.316011716268996
15.168845799359078
13.875684083239284
12.448692884510429
10.902000828902503
9.250325234884244
7.509364575488974
5.696190940140429
3.828268880088179
1.923455408407623
1.85339431018526
3.6888257087741527
5.488709450730231
7.235838957576978
8.913385817397792
10.504899784836002
11.995254197494669
13.370267809376653
14.616326624324708
15.72170747898121
16.675632626388335
17.46902606910792
18.094135392661528
18.545099015370347
18.817189855235334
18.908327996176904
18.817189855235334
18.545099015370347
18.094135392661528
17.46902606910792
16.675632626388335
15.72170747898121
14.616326624324708
13.370267809376653
11.995254197494669
10.504899784836002
8.913385817397792
7.235838957576978
5.488709450730231
3.6888257087741527
1.85339431018526
1.7845107094120125
3.551726120171287
5.284715045175667
6.966910408873587
8.582109247264055
10.114472707896672
11.549436328748078
12.873345926671375
14.073093485845538
15.137391548202471
16.055862934550525
16.819768967675678
17.421645360790976
17.85584838486235
18.117826645507513
18.20557752919825
18.117826645507513
17.85584838486235
17.421645360790976
16.819768967675678
16.055862934550525
15.137391548202471
14.073093485845538
12.873345926671375
11.549436328748078
10.114472707896672
8.582109247264055
6.966910408873587
5.284715045175667
3.551726120171287
1.7845107094120125
1.7168046060878799
3.4169701142795814
5.084207723476736
6.7025789293788
8.25649552448303
9.730719598084507
11.111239278270663
12.384918435123454
13.539146383921567
14.563063923932765
15.446687596419332
16.181610278233734
16.760650885020773
17.17837981641432
17.43041836244171
17.514839890714956
17.43041836244171
17.17837981641432
16.760650885020773
16.181610278233734
15.446687596419332
14.563063923932765
13.539146383921567
12.384918435123454
11.111239278270663
9.730719598084507
8.25649552448303
6.7025789293788
5.084207723476736
3.4169701142795814
1.7168046060878799
1.650276000212863
3.2845576910990357
4.88718748563344
6.442844519092618
7.936544649054719
9.353640455399512
10.680663046062417
11.904985334732887
13.014485318552797
13.998724606172098
14.848106611994778
15.554550000782083
16.11115196535092
16.512693310026258
16.75496500603792
16.836115080727026
16.75496500603792
16.512693310026258
16.11115196535092
15.554550000782083
14.848106611994778
13.998724606172098
13.014485318552797
11.904985334732887
10.680663046062417
9.353640455399512
7.936544649054719
6.442844519092618
4.88718748563344
3.2845576910990357
1.650276000212863
1.5849248917869612
3.1544888506296496
4.693654331645777
6.1877071780150406
7.622256620979121
8.983235279841685
10.257707632123346
11.433546625499677
12.499110289739226
13.444373594920473
14.26011998127685
14.938588135320728
15.47314860178142
15.858788865698164
16.091466576296146
16.169403099234454
16.091466576296146
15.858788865698164
15.47314860178142
14.938588135320728
14.26011998127685
13.444373594920473
12.499110289739226
11.433546625499677
10.257707632123346
8.983235279841685
7.622256620979121
6.1877071780150406
4.693654331645777
3.1544888506296496
1.5849248917869612
1.5207512808101749
3.0267635928714247
4.503608261513747
5.93716690614607
7.313631440256238
8.619504071411027
9.842373036453447
10.97060230742382
11.993021297480853
12.900010890177883
13.68272770426555
14.333724681849667
14.84664079431227
15.21666648343003
15.439923073216384
15.514703946237248
15.439923073216384
15.21666648343003
14.84664079431227
14.333724681849667
13.68272770426555
12.900010890177883
11.993021297480853
10.97060230742382
9.842373036453447
8.619504071411027
7.313631440256238
5.93716690614607
4.503608261513747
3.0267635928714247
1.5207512808101749
1.4577551672825038
2.9013819178243594
4.317049275237351
5.6912237034857025
7.010669106886066
8.262446830107535
9.43465925905272
10.516152380505318
11.496218341777679
12.365636491944333
13.115929780960885
13.739959640368902
14.231628542943474
14.586326163221864
14.800334496798634
14.872017621735399
14.800334496798634
14.586326163221864
14.231628542943474
13.739959640368902
13.115929780960885
12.365636491944333
11.496218341777679
10.516152380505318
9.43465925905272
8.262446830107535
7.010669106886066
5.6912237034857025
4.317049275237351
2.9013819178243594
1.4577551672825038
1.3959365512039479
2.778343825488454
4.133977372816589
5.449877570033941
6.71336962086861
7.912063555931213
9.034566299921167
10.070196844744173
11.008701422629708
11.841250400219819
12.559726211362843
13.15729301087843
13.628111847675026
13.967767905073663
14.1727008470429
14.241344125728915
14.1727008470429
13.967767905073663
13.628111847675026
13.15729301087843
12.559726211362843
11.841250400219819
11.008701422629708
10.070196844744173
9.034566299921167
7.912063555931213
6.71336962086861
5.449877570033941
4.133977372816589
2.778343825488454
1.3959365512039479
1.335295432574508
2.657649315863709
3.95439255425146
5.213128505790784
6.421732982203866
7.568354248882058
8.642094159058784
9.632735700140381
10.530470540036934
11.326852615004347
12.014116995471435
12.585724793378251
13.036090708506931
13.360991708985429
13.557022123949178
13.622683458217791
13.557022123949178
13.360991708985429
13.036090708506931
12.585724793378251
12.014116995471435
11.326852615004347
10.530470540036934
9.632735700140381
8.642094159058784
7.568354248882058
6.421732982203866
5.213128505790784
3.95439255425146
2.657649315863709
1.335295432574508
1.2758318113941827
2.539298388950124
3.778294819541964
4.980976510756232
6.135759190891836
7.231318908960071
8.257242836465576
9.203768946693947
10.061525693999359
10.822443136297911
11.479102133286654
12.025254987868372
12.455565125439188
12.765997574957158
12.953298327517473
13.016035619202029
12.953298327517473
12.765997574957158
12.455565125439188
12.025254987868372
11.479102133286654
10.822443136297911
10.061525693999359
9.203768946693947
8.257242836465576
7.231318908960071
6.135759190891836
4.980976510756232
3.778294819541964
2.539298388950124
1.2758318113941827
1.217545687662973
2.423291044747699
3.6056841686881027
4.753421584930286
5.85544824693252
6.900957536165252
7.880012332141538
8.783296584404868
9.601866884516985
10.328021964100513
10.9546816248085
11.475883594348783
11.886535098471796
12.182785502988857
12.361529457747782
12.421400608681628
12.361529457747782
12.182785502988857
11.886535098471796
11.475883594348783
10.9546816248085
10.328021964100513
9.601866884516985
8.783296584404868
7.880012332141538
6.900957536165252
5.85544824693252
4.753421584930286
3.6056841686881027
2.423291044747699
1.217545687662973
1.1604370613808788
2.309627283256434
3.436560601689875
4.530463728312944
5.580800150325915
6.5772701304976025
7.510402646086675
8.371318613273141
9.15149411158981
9.843589098412155
10.44085547003698
10.93761061281949
11.329000627604756
11.611355493080518
11.781715514640105
11.838778426656589
11.781715514640105
11.611355493080518
11.329000627604756
10.93761061281949
10.44085547003698
9.843589098412155
9.15149411158981
8.371318613273141
7.510402646086675
6.5772701304976025
5.580800150325915
4.530463728312944
3.436560601689875
2.309627283256434
1.1604370613808788
1.1045059325478999
2.1983071044763296
3.2709241185472804
4.312102940904207
5.311814901072026
6.260256691957119
7.1484137783009825
7.967835033298771
8.710407375217834
9.369144539232835
9.937623668972087
10.410436043280491
10.782961712838066
11.051707545232144
11.213856498194442
11.268169073126913
11.213856498194442
11.051707545232144
10.782961712838066
10.410436043280491
9.937623668972087
9.369144539232835
8.710407375217834
7.967835033298771
7.1484137783009825
6.260256691957119
5.311814901072026
4.312102940904207
3.2709241185472804
2.1983071044763296
1.1045059325478999
1.0497523011640362
2.089330508407385
3.1087747192603192
4.098339222704075
5.04849249917085
5.949917220543804
6.794045728784463
7.572845844481757
8.278606675401058
8.904688286562552
9.444986221613824
9.894359885731788
10.24841835417173
10.50384165944374
10.65795240841079
10.709572548092597
10.65795240841079
10.50384165944374
10.24841835417173
9.894359885731788
9.444986221613824
8.904688286562552
8.278606675401058
7.572845844481757
6.794045728784463
5.949917220543804
5.04849249917085
4.098339222704075
3.1087747192603192
2.089330508407385
1.0497523011640362
0.9961761672292881
1.9826974950496004
2.9501124038289914
3.889172573712548
4.7908329446223865
5.646251716257658
6.4472984975371155
7.186351046822097
7.856092012139481
8.450220340401307
8.96294312796219
9.389382140173378
9.725370551605742
9.967757835715298
10.114003245289155
10.162988851553644
10.114003245289155
9.967757835715298
9.725370551605742
9.389382140173378
8.96294312796219
8.450220340401307
7.856092012139481
7.186351046822097
6.4472984975371155
5.646251716257658
4.7908329446223865
3.889172573712548
2.9501124038289914
1.9826974950496004
0.9961761672292881
0.9437775307436551
1.8784080644029761
2.794937172253298
3.6846029939296265
4.538836237426638
5.349260179098679
6.108172084558941
6.808350640319793
7.442863385433105
8.005740700749103
8.491494388017184
8.895502806605265
9.213818305140107
9.443456074046823
9.58200900882953
9.628417983510051
9.58200900882953
9.443456074046823
9.213818305140107
8.895502806605265
8.491494388017184
8.005740700749103
7.442863385433105
6.808350640319793
6.108172084558941
5.349260179098679
4.538836237426638
3.6846029939296265
2.794937172253298
1.8784080644029761
0.9437775307436551
0.8925563917071377
1.776462216467512
2.6432490245332367
3.4846304833553097
4.292502377583602
5.058942609066869
5.776666489849939
6.438844624974843
7.038920795281927
7.571249367605936
8.03064000177881
8.412721885027448
8.713761614774823
8.930936374438314
9.061969699031923
9.105859943961821
9.061969699031923
8.930936374438314
8.713761614774823
8.412721885027448
8.03064000177881
7.571249367605936
7.038920795281927
6.438844624974843
5.776666489849939
5.058942609066869
4.292502377583602
3.4846304833553097
2.6432490245332367
1.776462216467512
0.8925563917071377
0.8425127501197354
1.6768599512432076
2.49504796066881
3.2892550419895974
4.051831365093279
4.775299006162227
5.4527817134101095
6.0778330007872485
6.644264241685947
7.146746340971807
7.580379969247062
7.941039375439922
8.22520048050989
8.430198736889771
8.55388531589633
8.595314732908951
8.55388531589633
8.430198736889771
8.22520048050989
7.941039375439922
7.580379969247062
7.146746340971807
6.644264241685947
6.0778330007872485
5.4527817134101095
4.775299006162227
4.051831365093279
3.2892550419895974
2.49504796066881
1.6768599512432076
0.8425127501197354
0.7936466059814484
1.5796012687300633
2.350333980660017
3.0984766698324906
3.816823199955671
4.498329370384752
5.136517755239453
5.725315767757009
6.258893724645169
6.732231620846716
7.140714290421947
7.480455277842693
7.748134902345311
7.941243161401195
8.057755859422748
8.096782350351445
8.057755859422748
7.941243161401195
7.748134902345311
7.480455277842693
7.140714290421947
6.732231620846716
6.258893724645169
5.725315767757009
5.136517755239453
4.498329370384752
3.816823199955671
3.0984766698324906
2.350333980660017
1.5796012687300633
0.7936466059814484
0.745957959292277
1.4846861689280793
2.209107084506857
2.9122953668839884
3.5874778821707753
4.228033701734446
4.827874615337969
5.381292925884125
5.88280924415959
6.327705207230664
6.711642965303458
7.030969592235757
7.282564880281082
7.4640696479725825
7.5735813296111845
7.610262796289298
7.5735813296111845
7.4640696479725825
7.282564880281082
7.030969592235757
6.711642965303458
6.327705207230664
5.88280924415959
5.381292925884125
4.827874615337969
4.228033701734446
3.5874778821707753
2.9122953668839884
2.209107084506857
1.4846861689280793
0.745957959292277
0.6994468100522208
1.3921146518372554
2.071367272209331
2.7307111331440916
3.363795411738593
3.9644120002113077
4.526852293705655
5.045764475168597
5.5160108002292105
5.933167100123649
6.2931659938916
6.592582318619118
6.828490414317204
6.998678196603935
7.101361726461632
7.135756070722515
7.101361726461632
6.998678196603935
6.828490414317204
6.592582318619118
6.2931659938916
5.933167100123649
5.5160108002292105
5.045764475168597
4.526852293705655
3.9644120002113077
3.363795411738593
2.7307111331440916
2.071367272209331
1.3921146518372554
0.6994468100522208
0.6541131582612799
1.3018867174575917
1.9371145437674386
2.5537239686127995
3.145775788659124
3.7074642658153367
4.233450790342516
4.718730415610423
5.15849839285403
5.548617299525675
5.885283376186371
6.165293456992772
6.385911504453676
6.545068807295255
6.641097049974094
6.673262173651091
6.641097049974094
6.545068807295255
6.385911504453676
6.165293456992772
5.885283376186371
5.548617299525675
5.15849839285403
4.718730415610423
4.233450790342516
3.7074642658153367
3.145775788659124
2.5537239686127995
1.9371145437674386
1.3018867174575917
0.6541131582612799
0.6099570039194545
1.214002365789088
1.8063488991811798
2.381333873290113
2.933419012932369
3.4571904985465354
3.9476701052485486
4.400190747209605
4.8102720220340505
5.174055805436736
5.487995112187772
5.7491030073567195
5.954828150690501
6.10324148004654
6.192787300148569
6.222781105075031
6.192787300148569
6.10324148004654
5.954828150690501
5.7491030073567195
5.487995112187772
5.174055805436736
4.8102720220340505
4.400190747209605
3.9476701052485486
3.4571904985465354
2.933419012932369
2.381333873290113
1.8063488991811798
1.214002365789088
0.6099570039194545
0.5669783470267443
1.1284615968317444
1.6790703384505548
2.2135408471760307
2.726725084558328
3.213590698404901
3.669510238423754
4.090145469966142
4.471331687769268
4.809482617856837
5.101301201895801
5.344010969710964
5.535240353027676
5.673196214857791
5.756432476985059
5.784312864994332
5.756432476985059
5.673196214857791
5.535240353027676
5.344010969710964
5.101301201895801
4.809482617856837
4.471331687769268
4.090145469966142
3.669510238423754
3.213590698404901
2.726725084558328
2.2135408471760307
1.6790703384505548
1.1284615968317444
0.5669783470267443
0.5251771875831496
1.0452644105855606
1.5552788615755626
2.050344890270554
2.5256940035369997
2.9766648653904353
3.398971189868132
3.788594583880033
4.1416773900596855
4.454897736785977
4.72520164531046
4.950017344055501
5.127148111465203
5.2549330117290065
5.332032580483562
5.357857453408994
5.332032580483562
5.2549330117290065
5.127148111465203
4.950017344055501
4.72520164531046
4.454897736785977
4.1416773900596855
3.788594583880033
3.398971189868132
2.9766648653904353
2.5256940035369997
2.050344890270554
1.5552788615755626
1.0452644105855606
0.5251771875831496
0.48455352558867004
0.9644108070505373
1.4349744685562043
1.8917460025736819
2.3303257698683852
2.7464129995031366
3.1360529595816815
3.495538088951281
3.821309128905304
4.110301162224155
4.359696442431749
4.567122130390334
4.730551426003081
4.84845187066019
4.91958761064408
4.943414870319018
4.91958761064408
4.84845187066019
4.730551426003081
4.567122130390334
4.359696442431749
4.110301162224155
3.821309128905304
3.495538088951281
3.1360529595816815
2.7464129995031366
2.3303257698683852
1.8917460025736819
1.4349744685562043
0.9644108070505373
0.48455352558867004
0.44510736104330606
0.8859007862266739
1.31815715939248
1.7377441840854149
2.1406203835524837
2.5228351007430065
2.8807555475644047
3.210975985179883
3.5102269043061205
3.775692894171371
4.004785593259666
4.195325328715462
4.345450296641312
4.453752791651338
4.519097567466612
4.540985115724403
4.519097567466612
4.453752791651338
4.345450296641312
4.195325328715462
4.004785593259666
3.775692894171371
3.5102269043061205
3.210975985179883
2.8807555475644047
2.5228351007430065
2.1406203835524837
1.7377441840854149
1.31815715939248
0.8859007862266739
0.44510736104330606
0.4068386939470573
0.8097343481139707
1.2048269340843887
1.588339434805753
1.956577844589296
2.3059311691100453
2.6330789538162995
2.93490827256584
3.208430716262138
3.451072932627625
3.6604690977942136
3.8346269390308843
3.971844723379892
4.070835774702452
4.130562450951158
4.150568189625151
4.130562450951158
4.070835774702452
3.971844723379892
3.8346269390308843
3.6604690977942136
3.451072932627625
3.208430716262138
2.93490827256584
2.6330789538162995
2.3059311691100453
1.956577844589296
1.588339434805753
1.2048269340843887
0.8097343481139707
0.4068386939470573
0.36974752429992386
0.7359114927124277
1.0949837926319312
1.443531754734696
1.7781981529788218
2.095701204604252
2.393023178337367
2.6673349511091535
2.9159205647733546
3.136441277592917
3.3267469560353895
3.485026961336602
3.6097347062188243
3.699700819813532
3.7539822610977174
3.77216409202126
3.7539822610977174
3.699700819813532
3.6097347062188243
3.485026961336602
3.3267469560353895
3.136441277592917
2.9159205647733546
2.6673349511091535
2.393023178337367
2.095701204604252
1.7781981529788218
1.443531754734696
1.0949837926319312
0.7359114927124277
0.36974752429992386
0.33383385210190575
0.6644322200220447
0.9886277350351074
1.3033211438722436
1.6054813087210609
1.892145207225626
2.160588221127607
2.408256020809821
2.6326964498397696
2.831797929067249
3.003619167983196
3.1465253956326134
3.2591202451581083
3.340347926984577
3.3893569979062903
3.4057728229127306
3.3893569979062903
3.340347926984577
3.2591202451581083
3.1465253956326134
3.003619167983196
2.831797929067249
2.6326964498397696
2.408256020809821
2.160588221127607
1.892145207225626
1.6054813087210609
1.3033211438722436
0.9886277350351074
0.6644322200220447
0.33383385210190575
0.29909767735300313
0.5952965300428217
0.8857587612939168
1.1677076022183968
1.4384273118160138
1.6952631769741682
1.9357740821870193
2.157671481667844
2.3587583714613847
2.537142887050618
2.691085733637631
2.8191222419189197
2.920001340197744
2.992777096215588
3.036686661376878
3.051394382299563
3.036686661376878
2.992777096215588
2.920001340197744
2.8191222419189197
2.691085733637631
2.537142887050618
2.3587583714613847
2.157671481667844
1.9357740821870193
1.6952631769741682
1.4384273118160138
1.1677076022183968
0.8857587612939168
0.5952965300428217
0.29909767735300313
0.26553900005321573
0.5285044227747588
0.7863768714083601
1.0366911297731545
1.2770361622636797
1.5050551138498782
1.7185807615156041
1.9155813336832217
2.0941063296381994
2.252476151543025
2.3891466529986944
2.502817500195521
2.59237799133773
2.6569883275065647
2.69597125150948
2.7090287701817566
2.69597125150948
2.6569883275065647
2.59237799133773
2.502817500195521
2.3891466529986944
2.252476151543025
2.0941063296381994
1.9155813336832217
1.7185807615156041
1.5050551138498782
1.2770361622636797
1.0366911297731545
0.7863768714083601
0.5285044227747588
0.26553900005321573
0.23315782020254372
0.46405589821785614
0.6904820653784369
0.9102717265365174
1.1213078600640594
1.321521017852757
1.5090082591133616
1.6819855768559548
1.8387403243702134
1.977797722544471
2.0978019260663876
2.197611170462417
2.276250198578068
2.3329816208575074
2.367210768304096
2.378675986559312
2.367210768304096
2.3329816208575074
2.276250198578068
2.197611170462417
2.0978019260663876
1.977797722544471
1.8387403243702134
1.6819855768559548
1.5090082591133616
1.321521017852757
1.1213078600640594
0.9102717265365174
0.6904820653784369
0.46405589821785614
0.23315782020254372
0.20195413780098698
0.4019509563721135
0.5980743432041473
0.7884493925084852
0.9712424052171525
1.1446608889828032
1.3070565749802916
1.4568842111860432
1.592660355657427
1.7131076000549548
1.8170515528407107
1.9035032527196072
1.9716179619187566
2.0207569762684154
2.050405211760725
2.0603360314322288
2.050405211760725
2.0207569762684154
1.9716179619187566
1.9035032527196072
1.8170515528407107
1.7131076000549548
1.592660355657427
1.4568842111860432
1.3070565749802916
1.1446608889828032
0.9712424052171525
0.7884493925084852
0.5980743432041473
0.4019509563721135
0.20195413780098698
0.17192795284854567
0.342189597237531
0.509153704885491
0.671224127689058
0.826839797722959
0.9744747272400176
1.1127257091163938
1.2402772366734867
1.3558664234998399
1.458405784074478
1.5468955333216634
1.6204937469670928
1.6784812813597971
1.7203143937392893
1.7455545818793685
1.7540089048005072
1.7455545818793685
1.7203143937392893
1.6784812813597971
1.6204937469670928
1.5468955333216634
1.458405784074478
1.3558664234998399
1.2402772366734867
1.1127257091163938
0.9744747272400176
0.826839797722959
0.671224127689058
0.509153704885491
0.342189597237531
0.17192795284854567
0.1430792653452197
0.2847718208141085
0.4237201504224688
0.5585959320782361
0.6881000375814789
0.8109625326244005
0.9260156615216686
1.0321646533182853
1.1283585278974528
1.2136922746030387
1.2873338675092447
1.3485826532048728
1.3968401569011892
1.4316538732701294
1.452658878660026
1.4596946066641472
1.452658878660026
1.4316538732701294
1.3968401569011892
1.3485826532048728
1.2873338675092447
1.2136922746030387
1.1283585278974528
1.0321646533182853
0.9260156615216686
0.8109625326244005
0.6881000375814789
0.5585959320782361
0.4237201504224688
0.2847718208141085
0.1430792653452197
0.11540807529100905
0.2296976271018462
0.3417736798150798
0.45056480567601875
0.5550231247927125
0.6541243051359509
0.7469264321961155
0.8325464611204392
0.9101366688502646
0.978967071640638
1.038366555403456
1.0877699714329472
1.1266945885429325
1.1547754148609348
1.1717181021026977
1.1773931370231492
1.1717181021026977
1.1547754148609348
1.1266945885429325
1.0877699714329472
1.038366555403456
0.978967071640638
0.9101366688502646
0.8325464611204392
0.7469264321961155
0.6541243051359509
0.5550231247927125
0.45056480567601875
0.3417736798150798
0.2296976271018462
0.11540807529100905
0.08891438268591378
0.176967016100744
0.26331429306332443
0.34713074848240666
0.4276090593566596
0.5039600447746697
0.5754580211397353
0.6414226600799482
0.7012008463582764
0.7542301751872758
0.799993597004296
0.8380557016513164
0.8680445762850268
0.8896790185117056
0.9027322522073828
0.9071044958775127
0.9027322522073828
0.8896790185117056
0.8680445762850268
0.8380557016513164
0.799993597004296
0.7542301751872758
0.7012008463582764
0.6414226600799482
0.5754580211397353
0.5039600447746697
0.4276090593566596
0.34713074848240666
0.26331429306332443
0.176967016100744
0.08891438268591378
0.06359818752993385
0.12657998781080188
0.18834199016720254
0.24829376049739937
0.30585784127331983
0.3604697515405566
0.41161042835252726
0.45879325019681216
0.501551060421487
0.5394815852429515
0.5722149923117654
0.5994398438599804
0.6208901201274728
0.6363646842224426
0.6457013289740825
0.6488286832272379
0.6457013289740825
0.6363646842224426
0.6208901201274728
0.5994398438599804
0.5722149923117654
0.5394815852429515
0.501551060421487
0.45879325019681216
0.41161042835252726
0.3604697515405566
0.30585784127331983
0.24829376049739937
0.18834199016720254
0.12657998781080188
0.06359818752993385
0.039459489823069266
0.07853654223201978
0.11685677112671433
0.15405384172099712
0.18976947054269389
0.22365342543361133
0.255383653834492
0.2846582314710313
0.3111873110398977
0.3347213018076658
0.35503074132586443
0.37192239805893923
0.38523122007027033
0.39483241199314545
0.4006253324027962
0.40256569907232453
0.4006253324027962
0.39483241199314545
0.38523122007027033
0.37192239805893923
0.35503074132586443
0.3347213018076658
0.3111873110398977
0.2846582314710313
0.255383653834492
0.22365342543361133
0.18976947054269389
0.15405384172099712
0.11685677112671433
0.07853654223201978
0.039459489823069266
0.016498289565319985
0.03283667936439788
0.048858635941859685
0.0644109921531999
0.0793439471647811
0.09351106645383411
0.10677769758562894
0.11901760390260585
0.13010959821350743
0.13994932488141854
0.14844084404659275
0.1555033642481929
0.161067876113419
0.1650822018238136
0.16750426249352346
0.16831554341277277
0.16750426249352346
0.1650822018238136
0.161067876113419
0.1555033642481929
0.14844084404659275
0.13994932488141854
0.13010959821350743
0.11901760390260585
0.10677769758562894
0.09351106645383411
0.0793439471647811
0.0644109921531999
0.048858635941859685
0.03283667936439788
0.016498289565319985
-0.005285413243313913
-0.010519600792063932
-0.015652415387361285
-0.020634788205992294
-0.02541872886041796
-0.029957325398774826
-0.03420744039406154
-0.03812863250846443
-0.04168207805768276
-0.04483434553579091
-0.04755469952604985
-0.04981725757225908
-0.051599911743080984
-0.05288594628555243
-0.053661880753735236
-0.053921783751416985
-0.053661880753735236
-0.05288594628555243
-0.051599911743080984
-0.04981725757225908
-0.04755469952604985
-0.04483434553579091
-0.04168207805768276
-0.03812863250846443
-0.03420744039406154
-0.029957325398774826
-0.02541872886041796
-0.020634788205992294
-0.015652415387361285
-0.010519600792063932
-0.005285413243313913
-0.025891618602832484
-0.051532298237365715
-0.07667638286094891
-0.10108349935657956
-0.12451855753290364
-0.14675175012421582
-0.16757176010457964
-0.18678047776217976
-0.20418771777367395
-0.21962970944396143
-0.2329558893920629
-0.24403946740241644
-0.25277214349922983
-0.2590720323349527
-0.2628730973389799
-0.2641462824202454
-0.2628730973389799
-0.2590720323349527
-0.25277214349922983
-0.24403946740241644
-0.2329558893920629
-0.21962970944396143
-0.20418771777367395
-0.18678047776217976
-0.16757176010457964
-0.14675175012421582
-0.12451855753290364
-0.10108349935657956
-0.07667638286094891
-0.051532298237365715
-0.025891618602832484
-0.04532032651323567
-0.09020141297150736
-0.1342132664789028
-0.1769351412985618
-0.21795553885267593
-0.25687220772248875
-0.29331526154592513
-0.3269379318585399
-0.3574073209344655
-0.3844367668430939
-0.40776272555144666
-0.427163265242279
-0.4424488191550271
-0.45347605632438714
-0.46012938726221053
-0.46235795259371226
-0.46012938726221053
-0.45347605632438714
-0.4424488191550271
-0.427163265242279
-0.40776272555144666
-0.3844367668430939
-0.3574073209344655
-0.3269379318585399
-0.29331526154592513
-0.25687220772248875
-0.21795553885267593
-0.1769351412985618
-0.1342132664789028
-0.09020141297150736
-0.04532032651323567
-0.06357153697452356
-0.12652694499448885
-0.18826306624122313
-0.24818971403193912
-0.30572967281973473
-0.3603186981935935
-0.41143794471809825
-0.4586009947975448
-0.5013408875400576
-0.5392555177331879
-0.5719752080042011
-0.5991886510918467
-0.620629938710473
-0.6360980182538558
-0.6454307505234274
-0.6485567942718173
-0.6454307505234274
-0.6360980182538558
-0.620629938710473
-0.5991886510918467
-0.5719752080042011
-0.5392555177331879
-0.5013408875400576
-0.4586009947975448
-0.41143794471809825
-0.3603186981935935
-0.30572967281973473
-0.24818971403193912
-0.18826306624122313
-0.12652694499448885
-0.06357153697452356
-0.08064524998669606
-0.1605088943063103
-0.23882578214790995
-0.3148472175567114
-0.38784095943408003
-0.45709122153753046
-0.521939809621099
-0.5817696665791946
-0.6359884175904501
-0.6840859621142439
-0.7255933367503264
-0.7601156249511198
-0.7873155021655676
-0.8069379181233589
-0.8187771871226299
-0.8227428074545609
-0.8187771871226299
-0.8069379181233589
-0.7873155021655676
-0.7601156249511198
-0.7255933367503264
-0.6840859621142439
-0.6359884175904501
-0.5817696665791946
-0.521939809621099
-0.45709122153753046
-0.38784095943408003
-0.3148472175567114
-0.23882578214790995
-0.1605088943063103
-0.08064524998669606
-0.09654146554975325
-0.19214726090697165
-0.28590141419896314
-0.3769076518728787
-0.46428939869571184
-0.5471897777542992
-0.6248208562549271
-0.6964439472034892
-0.7613499110856432
-0.8189280999862614
-0.8686171117898224
-0.9099441868200983
-0.9425055095203109
-0.9659957559328962
-0.9801686970598187
-0.9849159921419428
-0.9801686970598187
-0.9659957559328962
-0.9425055095203109
-0.9099441868200983
-0.8686171117898224
-0.8189280999862614
-0.7613499110856432
-0.6964439472034892
-0.6248208562549271
-0.5471897777542992
-0.46428939869571184
-0.3769076518728787
-0.28590141419896314
-0.19214726090697165
-0.09654146554975325
-0.11126018366369507
-0.2214420447964729
-0.3294899623943828
-0.434371016980441
-0.5350749906046303
-0.6306143668438999
-0.7200810846195829
-0.8026238366704287
-0.8774253680256368
-0.9437819313492404
-1.0010465331226888
-1.0486743366987819
-1.0861999607747026
-1.1132715316824677
-1.1296052803349934
-1.1350763483339632
-1.1296052803349934
-1.1132715316824677
-1.0861999607747026
-1.0486743366987819
-1.0010465331226888
-0.9437819313492404
-0.8774253680256368
-0.8026238366704287
-0.7200810846195829
-0.6306143668438999
-0.5350749906046303
-0.434371016980441
-0.3294899623943828
-0.2214420447964729
-0.11126018366369507
-0.12480140432852155
-0.24839324597481402
-0.3695914267341689
-0.48723731287939837
-0.6001977351608351
-0.7073649888063326
-0.8077204947150662
-0.900309334980013
-0.9842147884104309
-1.0586474562031811
-1.1228816007489262
-1.176306074587171
-1.2183988559287433
-1.2487652453720737
-1.267086936948154
-1.2732238760306218
-1.267086936948154
-1.2487652453720737
-1.2183988559287433
-1.176306074587171
-1.1228816007489262
-1.0586474562031811
-0.9842147884104309
-0.900309334980013
-0.8077204947150662
-0.7073649888063326
-0.6001977351608351
-0.48723731287939837
-0.3695914267341689
-0.24839324597481402
-0.12480140432852155
-0.13716512754423268
-0.27300086444199506
-0.4062058072183214
-0.5355065395697507
-0.6596576323643265
-0.7774416436415972
-0.887739086541377
-0.9895004421322422
-1.0817181722400255
-1.1635246745480836
-1.234122314668534
-1.2928394004852652
-1.3391021949824324
-1.3724768970017136
-1.392613666899301
-1.3993585752319189
-1.392613666899301
-1.3724768970017136
-1.3391021949824324
-1.2928394004852652
-1.234122314668534
-1.1635246745480836
-1.0817181722400255
-0.9895004421322422
-0.887739086541377
-0.7774416436415972
-0.6596576323643265
-0.5355065395697507
-0.4062058072183214
-0.27300086444199506
-0.13716512754423268
-0.14835135331082847
-0.295264900198016
-0.4393331038468403
-0.579178697051498
-0.7134546822151044
-0.8408443313496937
-0.9601368600985154
-1.0701971581271161
-1.1699355195144205
-1.2584135863839478
-1.3347686748815124
-1.3982743143930647
-1.4483099779357702
-1.4844064865713882
-1.5061854701884339
-1.5134804459378541
-1.5061854701884339
-1.4844064865713882
-1.4483099779357702
-1.3982743143930647
-1.3347686748815124
-1.2584135863839478
-1.1699355195144205
-1.0701971581271161
-0.9601368600985154
-0.8408443313496937
-0.7134546822151044
-0.579178697051498
-0.4393331038468403
-0.295264900198016
-0.14835135331082847
-0.15836008162830892
-0.3151853532428769
-0.4689733166197257
-0.6182537853246405
-0.761588884713169
-0.8975730519306222
-1.0249138153864812
-1.1423994829646351
-1.2488668302336163
-1.3433141917107736
-1.4248206813878617
-1.4926108163105698
-1.5460222047887568
-1.584554014081097
-1.6078023468155527
-1.615589488148428
-1.6078023468155527
-1.584554014081097
-1.5460222047887568
-1.4926108163105698
-1.4248206813878617
-1.3433141917107736
-1.2488668302336163
-1.1423994829646351
-1.0249138153864812
-0.8975730519306222
-0.761588884713169
-0.6182537853246405
-0.4689733166197257
-0.3151853532428769
-0.15836008162830892
-0.16719131249667402
-0.3327622235765776
-0.4951264455369775
-0.6527318043891779
-0.8040602398585199
-0.9476278053843826
-1.0820699524052748
-1.2061074166447987
-1.3185121043976125
-1.418226490528561
-1.5042783341875816
-1.57584890623778
-1.632238875541392
-1.6729194795308397
-1.6974642967806575
-1.7056857018636402
-1.6974642967806575
-1.6729194795308397
-1.632238875541392
-1.57584890623778
-1.5042783341875816
-1.418226490528561
-1.3185121043976125
-1.2061074166447987
-1.0820699524052748
-0.9476278053843826
-0.8040602398585199
-0.6527318043891779
-0.4951264455369775
-0.3327622235765776
-0.16719131249667402
-0.17484504591592376
-0.34799551119911826
-0.5177924905985957
-0.6826127542451103
-0.8408687476511576
-0.991008591710975
-1.1316052711548958
-1.2613209591676071
-1.3788713420064092
-1.48315048283731
-1.5731416332806722
-1.6479885841746955
-1.7069599901936756
-1.749502882920617
-1.7751713200837482
-1.7837690870834908
-1.7751713200837482
-1.749502882920617
-1.7069599901936756
-1.6479885841746955
-1.5731416332806722
-1.48315048283731
-1.3788713420064092
-1.2613209591676071
-1.1316052711548958
-0.991008591710975
-0.8408687476511576
-0.6826127542451103
-0.5177924905985957
-0.34799551119911826
-0.17484504591592376
-0.18132128188605817
-0.3608852161104988
-0.5369714518045803
-0.7078966348924377
-0.8720144080910817
-1.0277154109103992
-1.1735197716353443
-1.3080401105330606
-1.4299445430600064
-1.538086168637021
-1.6314105786671336
-1.7090298501213164
-1.7701855487456082
-1.8143042242504286
-1.8409234167248252
-1.8498396438079796
-1.8409234167248252
-1.8143042242504286
-1.7701855487456082
-1.7090298501213164
-1.6314105786671336
-1.538086168637021
-1.4299445430600064
-1.3080401105330606
-1.1735197716353443
-1.0277154109103992
-0.8720144080910817
-0.7078966348924377
-0.5369714518045803
-0.3608852161104988
-0.18132128188605817
-0.18662002040707723
-0.37143133831071923
-0.5526633291549314
-0.7285834463311601
-0.8974972211782922
-1.0577482629826556
-1.2078134538466203
-1.3462648707411589
-1.471731707558404
-1.5830335479276934
-1.6790851703469656
-1.7589727040776424
-1.8219155511971892
-1.8673235035202742
-1.894720586703888
-1.903897372037107
-1.894720586703888
-1.8673235035202742
-1.8219155511971892
-1.7589727040776424
-1.6790851703469656
-1.5830335479276934
-1.471731707558404
-1.3462648707411589
-1.2078134538466203
-1.0577482629826556
-0.8974972211782922
-0.7285834463311601
-0.5526633291549314
-0.37143133831071923
-0.18662002040707723
-0.19074126147898093
-0.3796338777997796
-0.5648681226496489
-0.7446731885612776
-0.9173171869127894
-1.0811071479277437
-1.234486317788724
-1.3759952397919017
-1.5042328355016021
-1.6179926207093276
-1.716165408320168
-1.7978171460436738
-1.862149997548419
-1.9085607207301543
-1.936562830020937
-1.9459422717708728
-1.936562830020937
-1.9085607207301543
-1.862149997548419
-1.7978171460436738
-1.716165408320168
-1.6179926207093276
-1.5042328355016021
-1.3759952397919017
-1.234486317788724
-1.0811071479277437
-0.9173171869127894
-0.7446731885612776
-0.5648681226496489
-0.3796338777997796
-0.19074126147898093
-0.1936850051017693
-0.38549283457767985
-0.5735858322887328
-0.7561658615827901
-0.931474305294573
-1.097792065745664
-1.253538363461655
-1.3972312176852897
-1.527447926889601
-1.6429633869819233
-1.7426512925867415
-1.8255631760194106
-1.8908888877992973
-1.9380158758800687
-1.9664501466759718
-1.9759743430092767
-1.9664501466759718
-1.9380158758800687
-1.8908888877992973
-1.8255631760194106
-1.7426512925867415
-1.6429633869819233
-1.527447926889601
-1.3972312176852897
-1.253538363461655
-1.097792065745664
-0.931474305294573
-0.7561658615827901
-0.5735858322887328
-0.38549283457767985
-0.1936850051017693
-0.19545125127544233
-0.38900820864442
-0.5788164580721832
-0.7630614653956975
-0.9399685763236433
-1.1078030164364159
-1.2649695908654137
-1.4099728044213224
-1.5413769817224001
-1.6579458467454808
-1.7585428231466853
-1.8422107940048527
-1.9081322219498245
-1.9556889689700172
-1.984382536668993
-1.9939935857523192
-1.984382536668993
-1.9556889689700172
-1.9081322219498245
-1.8422107940048527
-1.7585428231466853
-1.6579458467454808
-1.5413769817224001
-1.4099728044213224
-1.2649695908654137
-1.1078030164364159
-0.9399685763236433
-0.7630614653956975
-0.5788164580721832
-0.38900820864442
-0.19545125127544233
-0.19604
-0.39018
-0.58056
-0.76536
-0.9428
-1.11114
-1.26878
-1.41422
-1.54602
-1.66294
-1.76384
-1.84776
-1.91388
-1.96158
-1.99036
-2.0
-1.99036
-1.96158
-1.91388
-1.84776
-1.76384
-1.66294
-1.54602
-1.41422
-1.26878
-1.11114
-0.9428
-0.76536
-0.58056
-0.39018
-0.19604
