    0.772632
     1.53782
      2.2882
     3.01655
     3.71584
     4.37935
     5.00068
     5.57386
     6.09335
     6.55416
     6.95185
      7.2826
      7.5432
     7.73116
     7.84467
     7.88263
     7.84467
     7.73116
      7.5432
      7.2826
     6.95186
     6.55417
     6.09335
     5.57386
     5.00069
     4.37935
     3.71584
     3.01655
     2.28821
     1.53782
    0.772633
    0.759097
     1.51088
     2.24812
      2.9637
     3.65075
     4.30263
     4.91308
     5.47621
     5.98661
     6.43935
     6.83007
     7.15502
     7.41106
     7.59573
     7.70725
     7.74454
     7.70725
     7.59573
     7.41106
     7.15502
     6.83007
     6.43935
     5.98661
     5.47622
     4.91308
     4.30264
     3.65075
     2.96371
     2.24812
     1.51088
    0.759098
     0.74568
     1.48418
     2.20838
     2.91132
     3.58622
     4.22658
     4.82624
     5.37942
     5.88079
     6.32553
     6.70935
     7.02856
     7.28007
     7.46148
     7.57102
     7.60766
     7.57102
     7.46148
     7.28007
     7.02856
     6.70936
     6.32554
      5.8808
     5.37943
     4.82625
     4.22659
     3.58622
     2.91132
     2.20839
     1.48418
    0.745681
    0.732381
     1.45771
       2.169
      2.8594
     3.52226
     4.15121
     4.74017
     5.28348
     5.77592
     6.21272
      6.5897
     6.90321
     7.15024
     7.32841
       7.436
     7.47198
       7.436
     7.32841
     7.15024
     6.90321
      6.5897
     6.21273
     5.77592
     5.28349
     4.74017
     4.15121
     3.52227
      2.8594
       2.169
     1.45771
    0.732382
    0.719201
     1.43148
     2.12996
     2.80794
     3.45887
      4.0765
     4.65486
      5.1884
     5.67197
     6.10091
      6.4711
     6.77897
     7.02156
     7.19652
     7.30218
     7.33751
     7.30218
     7.19652
     7.02156
     6.77898
     6.47111
     6.10092
     5.67197
     5.18841
     4.65487
      4.0765
     3.45888
     2.80794
     2.12997
     1.43148
    0.719202
    0.706139
     1.40548
     2.09128
     2.75694
     3.39605
     4.00246
     4.57032
     5.09417
     5.56895
     5.99011
     6.35358
     6.65585
     6.89403
     7.06582
     7.16956
     7.20425
     7.16956
     7.06582
     6.89404
     6.65586
     6.35358
     5.99011
     5.56896
     5.09417
     4.57033
     4.00247
     3.39606
     2.75695
     2.09128
     1.40548
     0.70614
    0.693195
     1.37971
     2.05294
     2.70641
      3.3338
     3.92909
     4.48655
     5.00079
     5.46687
     5.88031
     6.23711
     6.53385
     6.76766
      6.9363
     7.03813
     7.07219
     7.03813
      6.9363
     6.76766
     6.53385
     6.23711
     5.88031
     5.46688
     5.00079
     4.48655
      3.9291
     3.33381
     2.70641
     2.05295
     1.37971
    0.693195
    0.680369
     1.35419
     2.01496
     2.65633
     3.27212
      3.8564
     4.40353
     4.90826
     5.36572
     5.77151
     6.12171
     6.41296
     6.64244
     6.80796
     6.90791
     6.94134
     6.90791
     6.80796
     6.64244
     6.41296
     6.12171
     5.77151
     5.36572
     4.90827
     4.40354
      3.8564
     3.27212
     2.65633
     2.01496
     1.35419
    0.680369
    0.667661
     1.32889
     1.97733
     2.60672
     3.21101
     3.78437
     4.32129
     4.81659
      5.2655
     5.66371
     6.00737
     6.29318
     6.51838
      6.6808
     6.77889
     6.81169
     6.77889
      6.6808
     6.51838
     6.29318
     6.00737
     5.66371
      5.2655
     4.81659
     4.32129
     3.78437
     3.21101
     2.60672
     1.97733
     1.32889
    0.667662
    0.655072
     1.30384
     1.94004
     2.55757
     3.15046
     3.71301
     4.23981
     4.72577
     5.16622
     5.55692
      5.8941
     6.17452
     6.39547
     6.55483
     6.65107
     6.68325
     6.65107
     6.55483
     6.39547
     6.17451
      5.8941
     5.55692
     5.16622
     4.72577
      4.2398
     3.71301
     3.15046
     2.55757
     1.94004
     1.30384
    0.655072
    0.642601
     1.27901
     1.90311
     2.50887
     3.09048
     3.64232
     4.15909
      4.6358
     5.06786
     5.45112
     5.78189
     6.05697
     6.27371
     6.43004
     6.52444
     6.55601
     6.52444
     6.43004
     6.27371
     6.05696
     5.78188
     5.45112
     5.06786
      4.6358
     4.15909
     3.64232
     3.09048
     2.50887
     1.90311
     1.27901
    0.642601
    0.630248
     1.25443
     1.86652
     2.46065
     3.03107
      3.5723
     4.07914
     4.54668
     4.97044
     5.34633
     5.67074
     5.94053
     6.15311
     6.30643
     6.39902
     6.42998
     6.39902
     6.30643
     6.15311
     5.94053
     5.67074
     5.34633
     4.97044
     4.54668
     4.07913
      3.5723
     3.03107
     2.46065
     1.86652
     1.25443
    0.630248
    0.618013
     1.23007
     1.83029
     2.41288
     2.97223
     3.50296
     3.99995
     4.45842
     4.87395
     5.24255
     5.56065
      5.8252
     6.03366
       6.184
     6.27479
     6.30516
     6.27479
       6.184
     6.03366
      5.8252
     5.56065
     5.24254
     4.87395
     4.45842
     3.99995
     3.50296
     2.97223
     2.41288
     1.83029
     1.23007
    0.618013
    0.605897
     1.20596
     1.79441
     2.36557
     2.91396
     3.43428
     3.92153
     4.37101
     4.77839
     5.13976
     5.45163
       5.711
     5.91536
     6.06276
     6.15177
     6.18154
     6.15177
     6.06276
     5.91536
     5.71099
     5.45163
     5.13976
     4.77839
       4.371
     3.92152
     3.43428
     2.91395
     2.36557
      1.7944
     1.20596
    0.605896
    0.593898
     1.18208
     1.75887
     2.31873
     2.85625
     3.36627
     3.84387
     4.28445
     4.68377
     5.03798
     5.34367
      5.5979
     5.79822
      5.9427
     6.02995
     6.05912
     6.02995
      5.9427
     5.79822
      5.5979
     5.34367
     5.03798
     4.68376
     4.28445
     3.84386
     3.36627
     2.85625
     2.31872
     1.75887
     1.18207
    0.593897
    0.582018
     1.15843
     1.72369
     2.27234
     2.79911
     3.29893
     3.76697
     4.19874
     4.59007
      4.9372
     5.23678
     5.48592
     5.68223
     5.82382
     5.90933
     5.93792
     5.90933
     5.82382
     5.68223
     5.48592
     5.23677
     4.93719
     4.59007
     4.19874
     3.76697
     3.29893
     2.79911
     2.27234
     1.72368
     1.15843
    0.582016
    0.570255
     1.13502
     1.68885
     2.22642
     2.74255
     3.23226
     3.69085
     4.11389
     4.49731
     4.83742
     5.13095
     5.37506
      5.5674
     5.70613
      5.7899
     5.81792
      5.7899
     5.70613
      5.5674
     5.37505
     5.13094
     4.83742
     4.49731
     4.11388
     3.69084
     3.23226
     2.74254
     2.22642
     1.68885
     1.13502
    0.570254
    0.558612
     1.11184
     1.65437
     2.18096
     2.68655
     3.16626
     3.61548
     4.02989
     4.40548
     4.73865
     5.02618
      5.2653
     5.45372
     5.58961
     5.67168
     5.69912
     5.67168
     5.58961
     5.45372
      5.2653
     5.02617
     4.73864
     4.40548
     4.02988
     3.61548
     3.16626
     2.68654
     2.18095
     1.65436
     1.11184
     0.55861
    0.547086
      1.0889
     1.62023
     2.13596
     2.63112
     3.10093
     3.54089
     3.94674
     4.31458
     4.64088
     4.92247
     5.15666
     5.34119
     5.47428
     5.55466
     5.58153
     5.55465
     5.47428
     5.34119
     5.15666
     4.92247
     4.64087
     4.31458
     3.94674
     3.54088
     3.10093
     2.63111
     2.13596
     1.62023
      1.0889
    0.547085
    0.535678
      1.0662
     1.58645
     2.09142
     2.57625
     3.03627
     3.46705
     3.86444
     4.22462
     4.54411
     4.81983
     5.04914
     5.22982
     5.36014
     5.43883
     5.46515
     5.43883
     5.36014
     5.22982
     5.04914
     4.81983
      4.5441
     4.22462
     3.86444
     3.46705
     3.03627
     2.57625
     2.09142
     1.58645
      1.0662
    0.535677
    0.524389
     1.04373
     1.55301
     2.04735
     2.52196
     2.97228
     3.39399
       3.783
     4.13558
     4.44834
     4.71825
     4.94273
      5.1196
     5.24717
     5.32421
     5.34997
     5.32421
     5.24717
      5.1196
     4.94273
     4.71825
     4.44834
     4.13558
       3.783
     3.39398
     2.97228
     2.52196
     2.04734
     1.55301
     1.04373
    0.524388
    0.513218
     1.02149
     1.51993
     2.00373
     2.46823
     2.90896
     3.32168
     3.70241
     4.04748
     4.35357
     4.61774
     4.83743
     5.01054
     5.13539
     5.21079
       5.236
     5.21079
     5.13539
     5.01054
     4.83744
     4.61774
     4.35358
     4.04748
     3.70241
     3.32168
     2.90897
     2.46823
     2.00373
     1.51993
     1.02149
    0.513218
    0.502164
    0.999492
     1.48719
     1.96057
     2.41507
     2.84631
     3.25014
     3.62267
     3.96031
     4.25981
     4.51829
     4.73325
     4.90263
     5.02479
     5.09857
     5.12324
     5.09857
      5.0248
     4.90263
     4.73326
     4.51829
     4.25982
     3.96032
     3.62268
     3.25015
     2.84632
     2.41508
     1.96058
      1.4872
    0.999494
    0.502165
     0.49123
    0.977728
     1.45481
     1.91788
     2.36249
     2.78434
     3.17937
     3.54379
     3.87408
     4.16706
      4.4199
     4.63019
     4.79588
     4.91538
     4.98755
     5.01168
     4.98755
     4.91538
     4.79588
     4.63019
     4.41991
     4.16706
     3.87408
      3.5438
     3.17938
     2.78434
     2.36249
     1.91789
     1.45482
    0.977731
    0.491231
    0.480413
      0.9562
     1.42278
     1.87565
     2.31047
     2.72303
     3.10937
     3.46576
     3.78877
      4.0753
     4.32258
     4.52823
     4.69028
     4.80715
     4.87773
     4.90133
     4.87773
     4.80715
     4.69028
     4.52824
     4.32259
     4.07531
     3.78878
     3.46577
     3.10937
     2.72304
     2.31047
     1.87566
     1.42278
    0.956204
    0.480415
    0.469715
    0.934906
     1.39109
     1.83389
     2.25902
     2.66239
     3.04012
     3.38858
      3.7044
     3.98455
     4.22633
      4.4274
     4.58583
      4.7001
     4.76911
     4.79218
     4.76911
      4.7001
     4.58584
      4.4274
     4.22633
     3.98456
     3.70441
     3.38859
     3.04013
      2.6624
     2.25902
     1.83389
      1.3911
    0.934911
    0.469717
    0.459135
    0.913849
     1.35976
     1.79258
     2.20813
     2.60242
     2.97165
     3.31226
     3.62097
      3.8948
     4.13113
     4.32767
     4.48254
     4.59424
     4.66169
     4.68424
     4.66169
     4.59424
     4.48254
     4.32768
     4.13114
     3.89481
     3.62097
     3.31227
     2.97166
     2.60243
     2.20814
     1.79259
     1.35977
    0.913853
    0.459138
    0.448674
    0.893026
     1.32878
     1.75173
     2.15782
     2.54313
     2.90394
     3.23679
     3.53846
     3.80606
       4.037
     4.22907
      4.3804
     4.48955
     4.55547
     4.57751
     4.55547
     4.48956
     4.38041
     4.22907
     4.03701
     3.80606
     3.53847
     3.23679
     2.90395
     2.54313
     2.15783
     1.75174
     1.32878
     0.89303
    0.448675
     0.43833
    0.872439
     1.29815
     1.71135
     2.10808
      2.4845
     2.83699
     3.16217
     3.45689
     3.71832
     3.94393
     4.13157
     4.27942
     4.38605
     4.45045
     4.47198
     4.45045
     4.38606
     4.27942
     4.13158
     3.94394
     3.71832
     3.45689
     3.16217
       2.837
      2.4845
     2.10808
     1.71135
     1.29815
    0.872441
    0.438331
    0.428105
    0.852087
     1.26786
     1.67143
      2.0589
     2.42654
     2.77081
      3.0884
     3.37625
     3.63158
     3.85193
     4.03519
     4.17959
     4.28374
     4.34663
     4.36766
     4.34663
     4.28374
     4.17959
     4.03519
     3.85193
     3.63158
     3.37625
      3.0884
     2.77081
     2.42654
      2.0589
     1.67143
     1.26786
    0.852089
    0.428106
    0.417998
     0.83197
     1.23793
     1.63197
     2.01029
     2.36925
      2.7054
     3.01549
     3.29654
     3.54584
     3.76099
     3.93992
     4.08091
      4.1826
     4.24401
     4.26454
     4.24401
      4.1826
     4.08091
     3.93992
     3.76099
     3.54584
     3.29653
     3.01549
      2.7054
     2.36925
     2.01029
     1.63197
     1.23793
    0.831971
    0.417999
    0.408009
    0.812089
     1.20835
     1.59297
     1.96225
     2.31264
     2.64075
     2.94343
     3.21776
      3.4611
     3.67111
     3.84577
     3.98339
     4.08265
     4.14259
     4.16263
     4.14259
     4.08265
     3.98339
     3.84577
     3.67111
      3.4611
     3.21776
     2.94342
     2.64074
     2.31263
     1.96225
     1.59297
     1.20835
    0.812089
    0.408009
    0.398139
    0.792443
     1.17912
     1.55443
     1.91478
     2.25669
     2.57686
     2.87222
     3.13991
     3.37737
      3.5823
     3.75273
     3.88702
     3.98388
     4.04236
     4.06192
     4.04236
     3.98387
     3.88702
     3.75273
     3.58229
     3.37736
     3.13991
     2.87221
     2.57686
     2.25668
     1.91478
     1.55443
     1.17911
    0.792442
    0.398138
    0.388386
    0.773032
     1.15023
     1.51636
     1.86788
     2.20141
     2.51374
     2.80186
       3.063
     3.29464
     3.49455
      3.6608
      3.7918
     3.88629
     3.94334
     3.96242
     3.94334
     3.88628
      3.7918
      3.6608
     3.49454
     3.29463
     3.06299
     2.80185
     2.51373
      2.2014
     1.86787
     1.51635
     1.15023
    0.773029
    0.388385
    0.378752
    0.753857
      1.1217
     1.47874
     1.82154
      2.1468
     2.45138
     2.73236
     2.98702
     3.21291
     3.40786
     3.56999
     3.69774
     3.78988
     3.84552
     3.86413
     3.84552
     3.78988
     3.69774
     3.56999
     3.40785
      3.2129
     2.98701
     2.73235
     2.45137
     2.14679
     1.82153
     1.47873
     1.12169
    0.753852
     0.37875
    0.369236
    0.734916
     1.09352
     1.44159
     1.77577
     2.09286
     2.38979
      2.6637
     2.91196
     3.13218
     3.32224
     3.48029
     3.60483
     3.69466
      3.7489
     3.76704
      3.7489
     3.69465
     3.60483
     3.48029
     3.32223
     3.13217
     2.91196
     2.66369
     2.38978
     2.09285
     1.77577
     1.44158
     1.09351
     0.73491
    0.369233
    0.359838
     0.71621
     1.06568
     1.40489
     1.73058
     2.03959
     2.32896
      2.5959
     2.83785
     3.05246
     3.23767
     3.39171
     3.51308
     3.60062
     3.65348
     3.67116
     3.65348
     3.60061
     3.51307
      3.3917
     3.23767
     3.05245
     2.83784
     2.59589
     2.32895
     2.03958
     1.73057
     1.40489
     1.06568
    0.716204
    0.359835
    0.350558
    0.697739
      1.0382
     1.36866
     1.68595
     1.98699
      2.2689
     2.52896
     2.76466
     2.97374
     3.15418
     3.30424
     3.42248
     3.50776
     3.55926
     3.57648
     3.55926
     3.50776
     3.42247
     3.30423
     3.15417
     2.97373
     2.76465
     2.52895
     2.26889
     1.98698
     1.68594
     1.36865
     1.03819
    0.697734
    0.350555
    0.341396
    0.679504
     1.01107
     1.33289
     1.64188
     1.93506
      2.2096
     2.46286
     2.69241
     2.89602
     3.07174
     3.21788
     3.33303
     3.41608
     3.46624
     3.48301
     3.46623
     3.41608
     3.33303
     3.21788
     3.07174
     2.89601
      2.6924
     2.46285
     2.20959
     1.93505
     1.64188
     1.33289
     1.01106
    0.679499
    0.341394
    0.332352
    0.661504
    0.984284
     1.29759
     1.59839
      1.8838
     2.15107
     2.39762
     2.62108
      2.8193
     2.99037
     3.13264
     3.24474
     3.32559
     3.37442
     3.39074
     3.37442
     3.32559
     3.24474
     3.13264
     2.99037
      2.8193
     2.62108
     2.39762
     2.15106
     1.88379
     1.59838
     1.29758
    0.984279
      0.6615
     0.33235
    0.323427
    0.643739
    0.957851
     1.26274
     1.55546
     1.83321
      2.0933
     2.33323
     2.55069
     2.74359
     2.91006
     3.04851
      3.1576
     3.23628
      3.2838
     3.29969
      3.2838
     3.23628
      3.1576
     3.04851
     2.91006
     2.74359
     2.55069
     2.33323
      2.0933
     1.83321
     1.55546
     1.26273
    0.957848
    0.643736
    0.323426
     0.31462
    0.626209
    0.931767
     1.22835
     1.51311
     1.78329
      2.0363
      2.2697
     2.48124
     2.66888
     2.83082
      2.9655
     3.07162
     3.14816
     3.19438
     3.20984
     3.19438
     3.14816
     3.07162
      2.9655
     2.83082
     2.66888
     2.48124
      2.2697
      2.0363
     1.78329
     1.51311
     1.22835
    0.931766
    0.626208
    0.314619
     0.30593
    0.608914
    0.906033
     1.19443
     1.47132
     1.73404
     1.98006
     2.20701
     2.41271
     2.59517
     2.75264
      2.8836
     2.98679
     3.06122
     3.10616
     3.12119
     3.10616
     3.06122
      2.9868
     2.88361
     2.75265
     2.59518
     2.41272
     2.20702
     1.98007
     1.73404
     1.47132
     1.19443
    0.906035
    0.608915
    0.305931
    0.297359
    0.591855
    0.880651
     1.16097
      1.4301
     1.68546
     1.92459
     2.14519
     2.34512
     2.52247
     2.67553
     2.80282
     2.90312
     2.97546
     3.01915
     3.03375
     3.01915
     2.97546
     2.90312
     2.80283
     2.67554
     2.52248
     2.34513
     2.14519
      1.9246
     1.68547
     1.43011
     1.16097
    0.880655
    0.591858
    0.297361
    0.288907
    0.575031
    0.855618
     1.12796
     1.38945
     1.63755
     1.86988
     2.08421
     2.27846
     2.45077
     2.59948
     2.72315
      2.8206
     2.89089
     2.93333
     2.94752
     2.93333
     2.89089
     2.82061
     2.72316
     2.59949
     2.45078
     2.27847
     2.08422
     1.86989
     1.63756
     1.38946
     1.12797
    0.855624
    0.575036
    0.288909
    0.280573
    0.558443
    0.830936
     1.09543
     1.34937
     1.59031
     1.81594
     2.02409
     2.21274
     2.38007
     2.52449
      2.6446
     2.73924
     2.80749
     2.84871
      2.8625
     2.84871
      2.8075
     2.73924
     2.64461
      2.5245
     2.38008
     2.21275
      2.0241
     1.81596
     1.59032
     1.34938
     1.09544
    0.830944
    0.558449
    0.280576
    0.272357
     0.54209
    0.806603
     1.06335
     1.30985
     1.54374
     1.76277
     1.96482
     2.14794
     2.31038
     2.45057
     2.56716
     2.65902
     2.72528
      2.7653
     2.77868
      2.7653
     2.72529
     2.65903
     2.56717
     2.45058
     2.31039
     2.14795
     1.96483
     1.76278
     1.54376
     1.30987
     1.06336
    0.806613
    0.542098
     0.27236
    0.264259
    0.525972
    0.782621
     1.03173
     1.27091
     1.49785
     1.71036
      1.9064
     2.08408
     2.24169
     2.37771
     2.49083
     2.57997
     2.64425
     2.68308
     2.69606
     2.68308
     2.64426
     2.57997
     2.49084
     2.37772
      2.2417
     2.08409
     1.90641
     1.71037
     1.49786
     1.27092
     1.03175
    0.782631
     0.52598
    0.264263
    0.256279
     0.51009
    0.758989
     1.00058
     1.23253
     1.45262
     1.65871
     1.84883
     2.02115
       2.174
     2.30591
     2.41562
     2.50206
     2.56441
     2.60206
     2.61465
     2.60206
     2.56441
     2.50207
     2.41563
     2.30592
     2.17401
     2.02116
     1.84885
     1.65873
     1.45263
     1.23255
     1.00059
    0.758999
    0.510098
    0.256283
    0.248418
    0.494443
    0.735707
    0.969885
     1.19472
     1.40806
     1.60783
     1.79212
     1.95915
     2.10731
     2.23518
     2.34152
     2.42531
     2.48574
     2.52224
     2.53444
     2.52224
     2.48575
     2.42531
     2.34152
     2.23518
     2.10732
     1.95916
     1.79213
     1.60784
     1.40807
     1.19474
    0.969896
    0.735715
     0.49445
    0.248421
    0.240674
    0.479031
    0.712774
    0.939653
     1.15748
     1.36417
     1.55771
     1.73626
     1.89808
     2.04162
      2.1655
     2.26853
     2.34971
     2.40826
     2.44362
     2.45544
     2.44362
     2.40826
     2.34971
     2.26854
     2.16551
     2.04163
     1.89809
     1.73626
     1.55772
     1.36418
     1.15749
    0.939662
    0.712781
    0.479036
    0.240677
    0.233049
    0.463854
    0.690192
    0.909883
     1.12081
     1.32095
     1.50836
     1.68125
     1.83794
     1.97694
     2.09689
     2.19665
     2.27526
     2.33196
     2.36619
     2.37764
     2.36619
     2.33196
     2.27526
     2.19666
      2.0969
     1.97694
     1.83794
     1.68125
     1.50836
     1.32095
     1.12082
    0.909887
    0.690195
    0.463857
    0.233051
    0.225542
    0.448912
    0.667959
    0.880573
     1.08471
     1.27839
     1.45977
     1.62709
     1.77874
     1.91325
     2.02935
     2.12589
     2.20197
     2.25684
     2.28997
     2.30105
     2.28997
     2.25684
     2.20197
     2.12589
     2.02934
     1.91325
     1.77873
     1.62709
     1.45977
     1.27839
     1.08471
    0.880573
    0.667959
    0.448913
    0.225542
    0.218153
    0.434206
    0.646076
    0.851725
     1.04917
     1.23651
     1.41195
     1.57378
     1.72046
     1.85057
     1.96286
     2.05624
     2.12982
     2.18289
     2.21494
     2.22566
     2.21494
     2.18289
     2.12982
     2.05624
     1.96285
     1.85056
     1.72045
     1.57377
     1.41194
     1.23651
     1.04917
     0.85172
    0.646072
    0.434203
    0.218152
    0.210883
    0.419734
    0.624543
    0.823338
      1.0142
      1.1953
     1.36489
     1.52133
     1.66312
     1.78889
     1.89743
     1.98771
     2.05883
     2.11013
     2.14111
     2.15147
     2.14111
     2.11013
     2.05883
      1.9877
     1.89742
     1.78888
      1.6631
     1.52131
     1.36487
     1.19529
     1.01419
    0.823328
    0.624536
    0.419729
     0.21088
     0.20373
    0.405497
    0.603359
     0.79541
    0.979801
     1.15476
     1.31859
     1.46972
      1.6067
     1.72821
     1.83307
     1.92028
       1.989
     2.03856
     2.06848
     2.07849
     2.06848
     2.03855
     1.98899
     1.92027
     1.83306
      1.7282
     1.60669
     1.46971
     1.31857
     1.15474
    0.979787
    0.795398
    0.603349
     0.40549
    0.203726
    0.196695
    0.391495
    0.582525
    0.767944
    0.945967
     1.11488
     1.27306
     1.41897
     1.55122
     1.66853
     1.76977
     1.85397
     1.92031
     1.96816
     1.99705
     2.00671
     1.99705
     1.96815
      1.9203
     1.85396
     1.76976
     1.66851
      1.5512
     1.41895
     1.27304
     1.11486
    0.945951
     0.76793
    0.582513
    0.391487
    0.196691
    0.189778
    0.377728
    0.562039
    0.740938
    0.912701
     1.07567
     1.22829
     1.36907
     1.49667
     1.60985
     1.70753
     1.78877
     1.85278
     1.89895
     1.92682
     1.93614
     1.92682
     1.89894
     1.85277
     1.78876
     1.70752
     1.60984
     1.49665
     1.36905
     1.22827
     1.07566
    0.912686
    0.740924
    0.562028
     0.37772
    0.189774
    0.182979
    0.364196
    0.541904
    0.714394
    0.880002
     1.03714
     1.18428
     1.32002
     1.44305
     1.55218
     1.64636
     1.72469
      1.7864
     1.83091
     1.85779
     1.86678
     1.85779
     1.83091
     1.78639
     1.72468
     1.64635
     1.55217
     1.44303
     1.32001
     1.18427
     1.03712
    0.879988
    0.714381
    0.541893
    0.364188
    0.182975
    0.176298
    0.350898
    0.522118
    0.688309
    0.847872
    0.999268
     1.14104
     1.27183
     1.39036
     1.49551
     1.58625
     1.66171
     1.72118
     1.76406
     1.78996
     1.79862
     1.78996
     1.76406
     1.72117
     1.66171
     1.58624
      1.4955
     1.39035
     1.27181
     1.14103
    0.999256
    0.847861
    0.688299
    0.522109
    0.350891
    0.176295
    0.169735
    0.337836
    0.502682
    0.662687
    0.816309
     0.96207
     1.09857
     1.22448
      1.3386
     1.43984
      1.5272
     1.59986
     1.65711
      1.6984
     1.72333
     1.73167
     1.72333
      1.6984
      1.6571
     1.59985
      1.5272
     1.43983
      1.3386
     1.22447
     1.09856
    0.962062
    0.816301
    0.662679
    0.502675
    0.337831
    0.169733
     0.16329
    0.325008
    0.483595
    0.637525
    0.785315
    0.925542
     1.05686
     1.17799
     1.28778
     1.38517
     1.46922
     1.53912
     1.59419
     1.63392
     1.65791
     1.66593
      1.6579
     1.63392
     1.59419
     1.53912
     1.46922
     1.38517
     1.28778
     1.17799
     1.05685
    0.925538
    0.785311
    0.637521
    0.483592
    0.325005
    0.163289
    0.156964
    0.312416
    0.464859
    0.612825
     0.75489
    0.889684
     1.01591
     1.13235
     1.23789
     1.33151
      1.4123
     1.47949
     1.53243
     1.57062
     1.59368
     1.60139
     1.59368
     1.57062
     1.53243
     1.47949
      1.4123
     1.33151
     1.23789
     1.13235
     1.01591
    0.889684
    0.754889
    0.612824
    0.464858
    0.312415
    0.156963
    0.150755
    0.300059
    0.446473
    0.588587
    0.725033
    0.854496
     0.97573
     1.08757
     1.18893
     1.27884
     1.35644
     1.42098
     1.47183
      1.5085
     1.53065
     1.53806
     1.53065
      1.5085
     1.47183
     1.42098
     1.35645
     1.27885
     1.18894
     1.08757
    0.975734
      0.8545
    0.725036
     0.58859
    0.446475
     0.30006
    0.150756
    0.144665
    0.287938
    0.428437
     0.56481
    0.695744
    0.819978
    0.936315
     1.04363
      1.1409
     1.22719
     1.30165
     1.36358
     1.41237
     1.44757
     1.46882
     1.47593
     1.46882
     1.44757
     1.41238
     1.36358
     1.30166
     1.22719
     1.14091
     1.04364
    0.936323
    0.819986
    0.695751
    0.564816
    0.428442
    0.287941
    0.144667
    0.138694
    0.276052
    0.410751
    0.541495
    0.667025
     0.78613
    0.897666
     1.00056
     1.09381
     1.17653
     1.24792
     1.30729
     1.35408
     1.38782
     1.40819
     1.41501
      1.4082
     1.38782
     1.35408
      1.3073
     1.24793
     1.17654
     1.09382
     1.00057
    0.897677
    0.786142
    0.667035
    0.541505
    0.410759
    0.276057
    0.138696
     0.13284
    0.264401
    0.393416
    0.518642
    0.638873
    0.752952
    0.859781
    0.958329
     1.04765
     1.12688
     1.19526
     1.25212
     1.29693
     1.32925
     1.34877
     1.35529
     1.34877
     1.32925
     1.29694
     1.25213
     1.19527
     1.12689
     1.04766
    0.958344
    0.859796
    0.752967
    0.638887
    0.518654
    0.393425
    0.264408
    0.132844
    0.127105
    0.252986
    0.376431
     0.49625
    0.611292
    0.720446
    0.822662
    0.916956
     1.00242
     1.07823
     1.14365
     1.19807
     1.24094
     1.27186
     1.29054
     1.29678
     1.29054
     1.27187
     1.24095
     1.19808
     1.14367
     1.07824
     1.00243
    0.916971
    0.822677
     0.72046
    0.611305
    0.496262
     0.37644
    0.252992
    0.127108
    0.121488
    0.241806
    0.359795
     0.47432
    0.584278
    0.688609
    0.786308
    0.876435
    0.958122
     1.03058
     1.09312
     1.14512
      1.1861
     1.21566
     1.23351
     1.23948
     1.23351
     1.21566
     1.18611
     1.14513
     1.09313
     1.03059
    0.958135
    0.876449
    0.786322
    0.688622
    0.584291
    0.474332
    0.359805
    0.241812
    0.121491
    0.115989
    0.230861
    0.343511
    0.452852
    0.557833
    0.657441
    0.750719
    0.836766
    0.914756
    0.983935
     1.04364
     1.09329
     1.13242
     1.16064
     1.17768
     1.18338
     1.17768
     1.16064
     1.13242
      1.0933
     1.04365
    0.983944
    0.914765
    0.836777
     0.75073
    0.657452
    0.557843
    0.452861
    0.343518
    0.230867
    0.115992
    0.110608
    0.220152
    0.327575
    0.431845
    0.531955
    0.626943
    0.715893
    0.797949
     0.87232
    0.938291
    0.995225
     1.04257
     1.07988
     1.10679
     1.12304
     1.12848
     1.12304
     1.10679
     1.07989
     1.04258
     0.99523
    0.938297
    0.872327
    0.797957
    0.715901
    0.626951
    0.531963
    0.431852
    0.327581
    0.220156
    0.110611
    0.105346
    0.209677
     0.31199
    0.411298
    0.506645
    0.597113
    0.681831
    0.759982
    0.830815
    0.893646
     0.94787
    0.992967
      1.0285
     1.05413
     1.06961
     1.07478
     1.06961
     1.05413
      1.0285
     0.99297
    0.947875
     0.89365
     0.83082
    0.759988
    0.681837
    0.597119
    0.506651
    0.411303
    0.311994
    0.209681
    0.105348
    0.100201
    0.199438
    0.296754
    0.391212
    0.481903
    0.567953
    0.648533
    0.722867
     0.79024
    0.850003
    0.901579
    0.944473
    0.978271
     1.00265
     1.01737
     1.02229
     1.01737
     1.00265
    0.978273
    0.944475
    0.901582
    0.850006
    0.790244
    0.722871
    0.648537
    0.567956
    0.481906
    0.391215
    0.296756
     0.19944
    0.100202
   0.0951744
    0.189432
    0.281866
    0.371586
    0.457727
     0.53946
    0.615998
    0.686604
    0.750597
    0.807361
     0.85635
    0.897092
    0.929195
    0.952348
     0.96633
    0.971006
    0.966331
    0.952349
    0.929196
    0.897094
    0.856352
    0.807363
    0.750598
    0.686605
    0.615999
    0.539461
    0.457727
    0.371586
    0.281866
    0.189432
   0.0951744
   0.0902655
    0.179662
    0.267328
    0.352421
    0.434119
    0.511637
    0.584228
    0.651192
    0.711885
    0.765722
    0.812184
    0.850825
    0.881271
    0.903231
    0.916492
    0.920926
    0.916492
    0.903231
    0.881272
    0.850825
    0.812184
    0.765721
    0.711883
     0.65119
    0.584225
    0.511634
    0.434116
    0.352417
    0.267326
     0.17966
   0.0902645
    0.085475
    0.170127
    0.253141
    0.333718
    0.411081
    0.484485
    0.553223
    0.616633
    0.674105
    0.725085
    0.769081
    0.805671
    0.834502
    0.855296
    0.867853
    0.872052
    0.867853
    0.855295
      0.8345
    0.805669
    0.769078
     0.72508
    0.674099
    0.616626
    0.553215
    0.484477
    0.411073
    0.333711
    0.253136
    0.170123
   0.0854732
   0.0808026
    0.160827
    0.239304
    0.315476
     0.38861
    0.458001
    0.522982
    0.582926
    0.637256
    0.685449
     0.72704
     0.76163
    0.788885
    0.808543
    0.820413
    0.824382
    0.820412
     0.80854
    0.788882
    0.761625
    0.727034
     0.68544
    0.637246
    0.582915
     0.52297
    0.457989
    0.388599
    0.315466
    0.239296
    0.160822
      0.0808
   0.0762486
    0.151763
    0.225816
    0.297695
    0.366707
    0.432187
    0.493505
     0.55007
    0.601338
    0.646814
    0.686061
    0.718701
    0.744419
    0.762968
    0.774169
    0.777915
    0.774168
    0.762965
    0.744414
    0.718694
    0.686052
    0.646804
    0.601326
    0.550058
    0.493493
    0.432175
    0.366696
    0.297685
    0.225809
    0.151758
    0.076246
   0.0718126
    0.142934
    0.212678
    0.280375
    0.345372
    0.407042
    0.464792
    0.518066
     0.56635
    0.609181
    0.646144
    0.676884
    0.701106
    0.718576
    0.729125
    0.732652
    0.729122
    0.718571
      0.7011
    0.676876
    0.646134
    0.609169
    0.566338
    0.518053
     0.46478
     0.40703
    0.345361
    0.280366
    0.212671
    0.142929
   0.0718101
   0.0674941
    0.134338
    0.199889
    0.263514
    0.324602
    0.382563
     0.43684
     0.48691
    0.532291
    0.572545
    0.607286
    0.636178
    0.658943
    0.675362
    0.685277
    0.688592
    0.685276
     0.67536
    0.658939
    0.636173
     0.60728
    0.572538
    0.532284
    0.486902
    0.436833
    0.382556
    0.324595
    0.263508
    0.199884
    0.134335
   0.0674924
   0.0632937
    0.125978
    0.187448
    0.247114
    0.304399
    0.358753
    0.409652
    0.456606
    0.499163
    0.536912
     0.56949
    0.596584
    0.617933
    0.633331
    0.642629
    0.645739
    0.642629
     0.63333
    0.617932
    0.596583
    0.569489
    0.536909
     0.49916
    0.456604
     0.40965
     0.35875
    0.304397
    0.247111
    0.187446
    0.125976
   0.0632926
   0.0592105
    0.117851
    0.175356
    0.231173
    0.284763
    0.335611
    0.383228
    0.427153
    0.466966
    0.502281
    0.532759
    0.558106
    0.578079
    0.592484
    0.601184
    0.604093
    0.601184
    0.592485
     0.57808
    0.558107
     0.53276
    0.502282
    0.466967
    0.427155
    0.383229
    0.335612
    0.284763
    0.231172
    0.175355
     0.11785
     0.05921
   0.0552455
    0.109959
    0.163614
    0.215693
    0.265696
    0.313139
    0.357568
    0.398553
    0.435701
    0.468652
    0.497091
    0.520742
    0.539379
     0.55282
    0.560938
    0.563653
    0.560939
    0.552822
    0.539381
    0.520746
    0.497095
    0.468657
    0.435705
    0.398558
    0.357572
    0.313143
    0.265698
    0.215695
    0.163615
    0.109959
   0.0552455
   0.0513991
    0.102303
    0.152223
    0.200677
      0.2472
    0.291342
    0.332679
    0.370812
    0.405375
    0.436033
    0.462492
    0.484497
    0.501836
    0.514341
    0.521893
    0.524418
    0.521892
     0.51434
    0.501835
    0.484496
    0.462491
    0.436032
    0.405375
    0.370813
     0.33268
    0.291344
    0.247202
    0.200679
    0.152224
    0.102303
   0.0513992
   0.0476709
   0.0948827
    0.141183
    0.186123
    0.229273
    0.270214
    0.308554
    0.343923
     0.37598
    0.404415
    0.428956
    0.449365
    0.465446
    0.477044
    0.484047
    0.486388
    0.484045
     0.47704
    0.465441
    0.449359
     0.42895
     0.40441
    0.375976
    0.343921
    0.308554
    0.270215
    0.229274
    0.186125
    0.141184
   0.0948832
   0.0476712
   0.0440628
   0.0877011
    0.130497
    0.172036
    0.211919
    0.249761
    0.285199
     0.31789
    0.347519
    0.373801
    0.396483
    0.415346
    0.430209
    0.440928
    0.447401
    0.449564
    0.447399
    0.440924
    0.430203
    0.415339
    0.396476
    0.373794
    0.347513
    0.317886
    0.285196
     0.24976
    0.211919
    0.172036
    0.130497
   0.0877017
   0.0440631
   0.0405726
   0.0807544
     0.12016
    0.158409
    0.195133
    0.229977
    0.262607
    0.292707
    0.319989
    0.344188
    0.365072
     0.38244
    0.396124
    0.405994
    0.411953
    0.413945
    0.411951
    0.405989
    0.396118
    0.382432
    0.365064
     0.34418
    0.319982
    0.292702
    0.262603
    0.229974
    0.195131
    0.158408
     0.12016
    0.080755
   0.0405729
   0.0372003
   0.0740423
    0.110172
    0.145241
    0.178912
     0.21086
    0.240776
    0.268374
    0.293387
    0.315574
    0.334722
    0.350646
    0.363193
    0.372243
    0.377707
    0.379534
    0.377707
    0.372241
    0.363191
    0.350644
    0.334719
    0.315571
    0.293384
    0.268372
    0.240774
    0.210858
    0.178911
    0.145241
    0.110172
   0.0740426
   0.0372005
   0.0339459
   0.0675648
    0.100534
    0.132534
    0.163259
    0.192411
    0.219709
    0.244892
    0.267716
    0.287961
    0.305434
    0.319965
    0.331414
    0.339672
     0.34466
    0.346327
     0.34466
    0.339674
    0.331416
    0.319966
    0.305435
    0.287963
    0.267717
    0.244892
    0.219709
     0.19241
    0.163258
    0.132534
    0.100533
   0.0675648
   0.0339459
   0.0308086
   0.0613204
   0.0912423
    0.120286
    0.148171
    0.174629
    0.199405
    0.222261
    0.242976
    0.261351
     0.27721
    0.290398
     0.30079
    0.308286
    0.312812
    0.314325
    0.312812
    0.308285
     0.30079
    0.290397
    0.277208
    0.261349
    0.242974
    0.222258
    0.199402
    0.174625
    0.148167
    0.120282
   0.0912398
   0.0613186
   0.0308076
   0.0277892
   0.0553107
   0.0823003
    0.108497
     0.13365
    0.157516
    0.179864
    0.200481
    0.219167
    0.235742
    0.250046
    0.261943
    0.271317
    0.278078
    0.282161
    0.283526
     0.28216
    0.278076
    0.271314
     0.26194
    0.250042
    0.235736
    0.219161
    0.200475
    0.179858
    0.157509
    0.133644
    0.108492
   0.0822958
   0.0553073
   0.0277875
   0.0248878
   0.0495359
   0.0737082
   0.0971705
    0.119698
    0.141072
    0.161088
    0.179552
    0.196287
    0.211131
    0.223942
    0.234596
    0.242991
    0.249045
    0.252701
    0.253923
    0.252699
    0.249041
    0.242985
    0.234588
    0.223932
     0.21112
    0.196275
    0.179539
    0.161075
     0.14106
    0.119687
   0.0971611
   0.0737009
    0.049531
   0.0248853
   0.0221043
   0.0439958
   0.0654651
    0.086304
    0.106312
    0.125297
    0.143074
    0.159473
    0.174336
     0.18752
    0.198898
     0.20836
    0.215815
    0.221192
    0.224438
    0.225523
    0.224435
    0.221186
    0.215806
    0.208348
    0.198884
    0.187504
    0.174319
    0.159455
    0.143056
    0.125279
    0.106297
   0.0862914
   0.0654558
   0.0439897
   0.0221013
   0.0194393
   0.0386914
   0.0575719
   0.0758979
    0.093493
    0.110188
    0.125821
    0.140242
    0.153312
    0.164906
    0.174911
    0.183232
    0.189788
    0.194516
    0.197371
    0.198325
    0.197368
    0.194511
    0.189781
    0.183223
      0.1749
    0.164893
    0.153298
    0.140227
    0.125807
    0.110174
   0.0934812
    0.075888
   0.0575646
   0.0386868
    0.019437
   0.0168921
   0.0336215
   0.0500275
   0.0659518
   0.0812405
   0.0957467
     0.10933
    0.121861
    0.133218
    0.143291
    0.151985
    0.159215
    0.164911
     0.16902
      0.1715
    0.172329
    0.171499
    0.169016
    0.164906
    0.159208
    0.151976
    0.143281
    0.133207
     0.12185
     0.10932
   0.0957366
   0.0812318
   0.0659445
   0.0500223
   0.0336183
   0.0168905
   0.0144621
   0.0287849
   0.0428306
   0.0564638
   0.0695528
   0.0819721
   0.0936015
     0.10433
    0.114053
    0.122677
     0.13012
    0.136311
    0.141188
    0.144706
     0.14683
     0.14754
    0.146829
    0.144704
    0.141186
    0.136308
    0.130117
    0.122674
    0.114049
    0.104326
   0.0935979
   0.0819686
   0.0695499
   0.0564613
   0.0428288
   0.0287838
   0.0144616
   0.0121499
   0.0241829
   0.0359826
   0.0474359
    0.058432
   0.0688654
   0.0786354
   0.0876482
   0.0958168
    0.103063
    0.109316
    0.114517
    0.118615
     0.12157
    0.123355
    0.123952
    0.123355
    0.121571
    0.118615
    0.114518
    0.109317
    0.103064
   0.0958184
     0.08765
   0.0786373
   0.0688672
   0.0584335
   0.0474371
   0.0359835
   0.0241834
   0.0121502
  0.00995584
   0.0198158
   0.0294847
   0.0388698
   0.0478801
   0.0564294
    0.064435
   0.0718201
   0.0785132
   0.0844504
   0.0895742
   0.0938355
   0.0971932
    0.099615
    0.101078
    0.101567
    0.101078
   0.0996155
   0.0971939
   0.0938362
   0.0895749
    0.084451
   0.0785136
   0.0718203
    0.064435
   0.0564293
   0.0478799
   0.0388694
   0.0294845
   0.0198156
  0.00995576
  0.00787943
    0.015683
   0.0233354
   0.0307631
   0.0378942
   0.0446604
   0.0509961
   0.0568408
   0.0621377
   0.0668363
    0.070891
   0.0742632
   0.0769202
   0.0788366
    0.079994
   0.0803811
   0.0799942
    0.078837
   0.0769204
   0.0742632
   0.0708905
   0.0668353
   0.0621362
   0.0568388
   0.0509939
    0.044658
   0.0378919
    0.030761
   0.0233338
    0.015682
  0.00787895
  0.00592099
    0.011785
    0.017535
   0.0231162
   0.0284742
    0.033558
   0.0383178
   0.0427088
   0.0466878
   0.0502174
   0.0532631
    0.055796
   0.0577918
   0.0592312
   0.0601003
   0.0603908
   0.0600997
   0.0592299
   0.0577896
    0.055793
   0.0532589
   0.0502122
   0.0466818
    0.042702
    0.038311
   0.0335513
   0.0284685
   0.0231116
   0.0175317
   0.0117831
  0.00592005
  0.00408017
  0.00812106
    0.012083
   0.0159286
   0.0196198
   0.0231221
   0.0264007
   0.0294252
   0.0321654
    0.034596
   0.0366933
   0.0384374
   0.0398117
   0.0408027
   0.0414008
   0.0416004
   0.0413994
   0.0407998
   0.0398072
   0.0384316
   0.0366858
    0.034587
   0.0321552
    0.029414
   0.0263898
   0.0231117
   0.0196111
   0.0159217
   0.0120782
  0.00811839
  0.00407884
  0.00235649
  0.00469029
  0.00697752
  0.00919759
   0.0113278
   0.0133491
   0.0152407
   0.0169858
   0.0185667
    0.019969
   0.0211791
   0.0221853
   0.0229779
   0.0235494
   0.0238939
   0.0240085
   0.0238918
   0.0235453
   0.0229721
    0.022178
   0.0211706
   0.0199595
   0.0185567
   0.0169755
    0.015231
   0.0133401
   0.0113203
  0.00919156
  0.00697314
  0.00468761
  0.00235515
 0.000750305
  0.00149339
  0.00222006
  0.00292541
  0.00360107
  0.00424214
  0.00484145
  0.00539428
  0.00589503
  0.00633917
  0.00672254
  0.00704132
  0.00729198
  0.00747256
  0.00758079
  0.00761618
  0.00757822
  0.00746747
  0.00728513
  0.00703285
  0.00671344
  0.00632961
  0.00588569
  0.00538532
  0.00483333
    0.004235
  0.00359495
  0.00292041
  0.00221624
   0.0014908
 0.000749001
-0.000739369
 -0.00147162
 -0.00219171
 -0.00289066
 -0.00356305
 -0.00420106
 -0.00479911
 -0.00535083
 -0.00585089
 -0.00629448
  -0.0066773
 -0.00699568
 -0.00724694
 -0.00742829
 -0.00753852
   -0.007576
 -0.00754078
 -0.00743274
 -0.00725304
 -0.00700327
 -0.00668554
 -0.00630319
 -0.00585924
 -0.00535864
 -0.00480619
 -0.00420727
 -0.00356854
 -0.00289533
 -0.00219549
 -0.00147445
-0.000740794
 -0.00211154
 -0.00420275
 -0.00625546
  -0.0082479
  -0.0101619
  -0.0119781
  -0.0136789
   -0.015248
  -0.0166698
  -0.0179311
  -0.0190196
  -0.0199248
  -0.0206383
   -0.021153
  -0.0214644
  -0.0215689
  -0.0214662
  -0.0211567
  -0.0206435
  -0.0199313
  -0.0190267
  -0.0179387
   -0.016677
  -0.0152545
  -0.0136849
  -0.0119833
  -0.0101667
 -0.00825217
 -0.00625913
 -0.00420576
 -0.00211306
 -0.00336654
 -0.00670065
 -0.00997157
  -0.0131464
  -0.0161953
  -0.0190881
  -0.0217971
  -0.0242961
   -0.026561
  -0.0285701
  -0.0303041
  -0.0317463
   -0.032883
   -0.033703
  -0.0341988
  -0.0343652
   -0.034201
  -0.0337073
  -0.0328891
   -0.031754
  -0.0303127
  -0.0285792
  -0.0265697
  -0.0243042
  -0.0218044
  -0.0190944
  -0.0162007
  -0.0131509
 -0.00997512
 -0.00670321
 -0.00336783
 -0.00450407
 -0.00896476
  -0.0133398
  -0.0175863
  -0.0216637
  -0.0255323
  -0.0291549
  -0.0324967
  -0.0355257
  -0.0382124
  -0.0405316
  -0.0424603
  -0.0439807
  -0.0450773
  -0.0457404
  -0.0459628
  -0.0457429
  -0.0450824
  -0.0439877
  -0.0424694
  -0.0405415
  -0.0382231
   -0.035536
  -0.0325066
  -0.0291637
  -0.0255398
  -0.0216699
  -0.0175912
  -0.0133434
 -0.00896705
 -0.00450524
 -0.00552361
   -0.010994
   -0.016359
  -0.0215663
   -0.026566
  -0.0313096
  -0.0357517
  -0.0398494
  -0.0435636
  -0.0468582
  -0.0497021
  -0.0520672
  -0.0539315
  -0.0552764
  -0.0560896
  -0.0563625
  -0.0560928
  -0.0552829
  -0.0539404
  -0.0520782
   -0.049714
  -0.0468708
  -0.0435759
  -0.0398613
  -0.0357626
  -0.0313193
  -0.0265743
  -0.0215732
  -0.0163644
  -0.0109978
 -0.00552554
 -0.00642581
  -0.0127897
  -0.0190307
  -0.0250883
   -0.030904
  -0.0364221
  -0.0415894
   -0.046356
  -0.0506767
  -0.0545092
  -0.0578173
  -0.0605686
  -0.0627374
  -0.0643019
  -0.0652479
  -0.0655654
  -0.0652518
  -0.0643096
  -0.0627475
  -0.0605811
  -0.0578306
  -0.0545231
  -0.0506903
  -0.0463693
  -0.0416017
  -0.0364333
  -0.0309139
  -0.0250966
  -0.0190374
  -0.0127947
 -0.00642832
 -0.00721079
  -0.0143521
  -0.0213553
  -0.0281527
   -0.034679
  -0.0408712
    -0.04667
  -0.0520193
  -0.0568681
  -0.0611691
  -0.0648816
  -0.0679691
  -0.0704026
  -0.0721581
  -0.0732191
   -0.073575
  -0.0732224
  -0.0721646
  -0.0704113
  -0.0679799
  -0.0648934
  -0.0611819
  -0.0568809
  -0.0520322
  -0.0466822
  -0.0408826
   -0.034689
  -0.0281614
  -0.0213622
  -0.0143571
 -0.00721332
 -0.00787865
  -0.0156814
   -0.023333
  -0.0307598
  -0.0378906
  -0.0446565
  -0.0509927
  -0.0568377
  -0.0621358
  -0.0668355
  -0.0708919
  -0.0742655
  -0.0769242
  -0.0788421
  -0.0800008
  -0.0803891
  -0.0800031
  -0.0788467
  -0.0769306
  -0.0742736
   -0.070901
  -0.0668457
  -0.0621464
  -0.0568487
  -0.0510032
  -0.0446667
  -0.0378998
  -0.0307679
  -0.0233393
  -0.0156859
 -0.00788091
 -0.00842961
   -0.016778
  -0.0249647
  -0.0329108
  -0.0405402
  -0.0477791
  -0.0545583
  -0.0608119
  -0.0664803
  -0.0715083
   -0.075848
  -0.0794572
  -0.0823013
  -0.0843528
  -0.0855917
  -0.0860064
  -0.0855925
  -0.0843544
  -0.0823036
  -0.0794603
  -0.0758517
  -0.0715127
  -0.0664849
   -0.060817
  -0.0545633
  -0.0477843
  -0.0405448
   -0.032915
  -0.0249678
  -0.0167803
 -0.00843073
 -0.00886365
  -0.0176419
  -0.0262501
  -0.0346054
  -0.0426276
  -0.0502391
  -0.0573672
  -0.0639426
  -0.0699026
  -0.0751892
   -0.079752
  -0.0835466
  -0.0865365
  -0.0886929
  -0.0899948
  -0.0904301
   -0.089994
  -0.0886913
  -0.0865344
  -0.0835443
  -0.0797497
  -0.0751872
  -0.0699008
  -0.0639415
  -0.0573663
  -0.0502389
  -0.0426274
  -0.0346055
    -0.02625
  -0.0176419
 -0.00886359
 -0.00918054
  -0.0182727
  -0.0271889
  -0.0358432
  -0.0441526
  -0.0520366
  -0.0594197
  -0.0662304
  -0.0724033
  -0.0778787
  -0.0826039
  -0.0865335
  -0.0896293
  -0.0918619
  -0.0932095
  -0.0936595
  -0.0932072
  -0.0918575
  -0.0896231
  -0.0865257
  -0.0825953
  -0.0778696
  -0.0723943
   -0.066222
   -0.059412
  -0.0520301
  -0.0441469
  -0.0358388
  -0.0271854
  -0.0182704
 -0.00917938
 -0.00938072
  -0.0186711
   -0.027782
  -0.0366252
   -0.045116
  -0.0531721
  -0.0607162
  -0.0676754
  -0.0739825
  -0.0795771
  -0.0844046
  -0.0884192
  -0.0915817
  -0.0938622
  -0.0952385
  -0.0956977
  -0.0952351
  -0.0938556
  -0.0915722
  -0.0884072
   -0.084391
  -0.0795623
  -0.0739677
  -0.0676611
  -0.0607029
  -0.0531603
  -0.0451058
   -0.036617
  -0.0277757
   -0.018667
 -0.00937863
 -0.00946469
  -0.0188382
  -0.0280303
  -0.0369524
  -0.0455185
   -0.053646
  -0.0612566
  -0.0682772
  -0.0746397
  -0.0802833
  -0.0851531
  -0.0892028
  -0.0923929
  -0.0946932
  -0.0960813
  -0.0965441
  -0.0960771
  -0.0946849
  -0.0923812
   -0.089188
  -0.0851362
  -0.0802648
  -0.0746209
  -0.0682586
   -0.061239
  -0.0536299
  -0.0455043
  -0.0369405
  -0.0280211
   -0.018832
 -0.00946154
 -0.00943197
  -0.0187731
  -0.0279331
   -0.036824
  -0.0453598
  -0.0534587
  -0.0610422
  -0.0680376
  -0.0743773
  -0.0800006
  -0.0848528
  -0.0888879
  -0.0920665
  -0.0943583
  -0.0957412
  -0.0962021
  -0.0957365
  -0.0943491
  -0.0920534
  -0.0888714
  -0.0848339
  -0.0799797
  -0.0743558
  -0.0680161
  -0.0610215
  -0.0534394
  -0.0453427
  -0.0368094
  -0.0279217
  -0.0187652
 -0.00942796
 -0.00928232
  -0.0184752
  -0.0274896
  -0.0362393
  -0.0446393
  -0.0526093
  -0.0600721
  -0.0669563
  -0.0731951
  -0.0787289
  -0.0835041
  -0.0874751
  -0.0906033
  -0.0928589
  -0.0942201
  -0.0946739
   -0.094216
  -0.0928508
  -0.0905917
  -0.0874603
  -0.0834869
  -0.0787096
  -0.0731748
  -0.0669354
  -0.0600518
    -0.05259
  -0.0446219
  -0.0362242
  -0.0274778
  -0.0184669
 -0.00927809
 -0.00901633
  -0.0179458
  -0.0267017
  -0.0352004
  -0.0433595
  -0.0511008
  -0.0583495
  -0.0650361
  -0.0710959
   -0.076471
  -0.0811093
  -0.0849664
  -0.0880051
  -0.0901963
  -0.0915186
  -0.0919597
  -0.0915151
  -0.0901894
  -0.0879951
  -0.0849535
  -0.0810939
  -0.0764535
  -0.0710771
  -0.0650164
  -0.0583299
  -0.0510819
  -0.0433422
  -0.0351853
  -0.0266898
  -0.0179373
 -0.00901202
 -0.00863396
  -0.0171847
  -0.0255692
  -0.0337074
  -0.0415203
  -0.0489333
  -0.0558744
  -0.0622774
  -0.0680802
  -0.0732274
  -0.0776691
  -0.0813627
  -0.0842726
   -0.086371
  -0.0876375
    -0.08806
  -0.0876344
   -0.086365
  -0.0842639
  -0.0813513
  -0.0776555
  -0.0732119
  -0.0680635
  -0.0622597
  -0.0558567
  -0.0489159
  -0.0415044
  -0.0336933
   -0.025558
  -0.0171766
 -0.00862983
 -0.00813567
   -0.016193
  -0.0240935
  -0.0317619
  -0.0391238
  -0.0461088
  -0.0526493
  -0.0586828
  -0.0641507
  -0.0690009
  -0.0731863
  -0.0766669
  -0.0794091
  -0.0813865
  -0.0825801
  -0.0829784
  -0.0825776
  -0.0813815
  -0.0794018
  -0.0766574
  -0.0731749
  -0.0689877
  -0.0641363
  -0.0586673
  -0.0526337
  -0.0460933
  -0.0391093
  -0.0317489
   -0.024083
  -0.0161853
 -0.00813177
 -0.00752147
  -0.0149705
  -0.0222746
  -0.0293641
  -0.0361702
  -0.0426281
  -0.0486749
  -0.0542531
  -0.0593085
  -0.0637928
  -0.0676626
  -0.0708808
  -0.0734164
   -0.075245
  -0.0763489
  -0.0767175
  -0.0763472
  -0.0752417
  -0.0734113
   -0.070874
   -0.067654
  -0.0637824
  -0.0592967
  -0.0542399
  -0.0486613
   -0.042614
   -0.036157
  -0.0293518
  -0.0222645
  -0.0149629
 -0.00751762
 -0.00679174
  -0.0135181
  -0.0201135
  -0.0265152
  -0.0326611
  -0.0384925
  -0.0439529
    -0.04899
  -0.0535552
  -0.0576047
  -0.0610994
  -0.0640057
  -0.0662957
  -0.0679473
  -0.0689445
  -0.0692777
  -0.0689436
  -0.0679455
  -0.0662927
  -0.0640015
  -0.0610936
  -0.0575973
  -0.0535463
  -0.0489797
  -0.0439418
  -0.0384807
  -0.0326498
  -0.0265043
  -0.0201045
   -0.013511
 -0.00678819
  -0.0059466
  -0.0118359
  -0.0176108
  -0.0232161
  -0.0285974
  -0.0337034
  -0.0384847
  -0.0428954
   -0.046893
   -0.050439
  -0.0534993
  -0.0560444
  -0.0580497
  -0.0594961
  -0.0603695
  -0.0606616
  -0.0603693
  -0.0594957
  -0.0580489
  -0.0560431
  -0.0534974
  -0.0504365
  -0.0468898
  -0.0428916
  -0.0384805
  -0.0336988
  -0.0285928
  -0.0232115
  -0.0176069
  -0.0118328
 -0.00594504
 -0.00498638
 -0.00992474
  -0.0147672
  -0.0194675
  -0.0239802
  -0.0282619
  -0.0322715
  -0.0359703
  -0.0393227
  -0.0422965
   -0.044863
  -0.0469975
  -0.0486793
  -0.0498924
   -0.050625
    -0.05087
  -0.0506252
  -0.0498928
  -0.0486799
  -0.0469982
  -0.0448639
  -0.0422975
  -0.0393237
  -0.0359713
  -0.0322724
  -0.0282626
  -0.0239807
  -0.0194678
  -0.0147673
  -0.0099247
 -0.00498636
 -0.00391147
 -0.00778526
  -0.0115839
  -0.0152711
  -0.0188111
  -0.0221699
  -0.0253153
  -0.0282168
  -0.0308467
  -0.0331795
  -0.0351927
  -0.0368671
  -0.0381864
   -0.039138
  -0.0397126
  -0.0399048
  -0.0397127
  -0.0391381
  -0.0381866
  -0.0368674
  -0.0351931
  -0.0331799
  -0.0308471
  -0.0282172
  -0.0253156
  -0.0221702
  -0.0188113
  -0.0152712
   -0.011584
 -0.00778521
 -0.00391144
  -0.0027219
 -0.00541758
 -0.00806108
   -0.010627
  -0.0130905
   -0.015428
  -0.0176169
  -0.0196361
  -0.0214662
  -0.0230896
  -0.0244906
  -0.0256558
  -0.0265739
   -0.027236
  -0.0276359
  -0.0277696
  -0.0276359
   -0.027236
  -0.0265738
  -0.0256557
  -0.0244906
  -0.0230895
  -0.0214661
   -0.019636
  -0.0176168
  -0.0154279
  -0.0130904
  -0.0106269
 -0.00806102
 -0.00541753
 -0.00272187
   -0.001418
 -0.00282234
  -0.0041995
 -0.00553623
 -0.00681963
 -0.00803737
 -0.00917768
  -0.0102296
   -0.011183
  -0.0120288
  -0.0127586
  -0.0133656
  -0.0138439
  -0.0141889
  -0.0143972
  -0.0144669
  -0.0143972
  -0.0141889
  -0.0138439
  -0.0133656
  -0.0127586
  -0.0120287
   -0.011183
  -0.0102296
 -0.00917765
 -0.00803733
  -0.0068196
 -0.00553619
 -0.00419947
 -0.00282232
 -0.00141799
           0
           0
           0
           0
           0
           0
           0
           0
           0
           0
           0
           0
           0
           0
           0
           0
           0
           0
           0
           0
           0
           0
           0
           0
           0
           0
           0
           0
           0
           0
           0
