-7.882630000000001
-7.74454
-7.607660000000001
-7.47198
-7.337510000000001
-7.20425
-7.072189999999999
-6.941339999999999
-6.81169
-6.68325
-6.556010000000001
-6.4299800000000005
-6.30516
-6.18154
-6.05912
-5.93792
-5.81792
-5.69912
-5.58153
-5.46515
-5.34997
-5.236000000000001
-5.12324
-5.01168
-4.901330000000001
-4.79218
-4.68424
-4.57751
-4.47198
-4.36766
-4.26454
-4.16263
-4.06192
-3.96242
-3.8641300000000003
-3.76704
-3.67116
-3.57648
-3.4830099999999997
-3.39074
-3.29969
-3.2098400000000002
-3.1211900000000004
-3.03375
-2.94752
-2.8625
-2.77868
-2.6960599999999997
-2.61465
-2.53444
-2.4554400000000003
-2.37764
-2.30105
-2.22566
-2.15147
-2.07849
-2.00671
-1.9361400000000002
-1.8667799999999999
-1.79862
-1.73167
-1.66593
-1.6013899999999999
-1.53806
-1.47593
-1.41501
-1.3552899999999999
-1.2967799999999998
-1.23948
-1.1833799999999999
-1.12848
-1.0747799999999998
-1.02229
-0.9710059999999999
-0.920926
-0.872052
-0.824382
-0.7779149999999999
-0.7326520000000001
-0.688592
-0.6457390000000001
-0.604093
-0.563653
-0.524418
-0.486388
-0.449564
-0.413945
-0.37953400000000004
-0.346327
-0.314325
-0.283526
-0.253923
-0.225523
-0.198325
-0.172329
-0.14754
-0.12395199999999999
-0.10156699999999999
-0.0803811
-0.0603908
-0.0416004
-0.024008500000000002
-0.00761618
0.007576
0.021568900000000002
0.0343652
0.045962800000000005
0.0563625
0.0655654
0.073575
0.0803891
0.0860064
0.0904301
0.0936595
0.0956977
0.09654410000000001
0.09620210000000001
0.09467389999999999
0.09195969999999999
0.08806
0.0829784
0.0767175
0.0692777
0.060661599999999996
0.05087
0.0399048
0.0277696
0.014466899999999998
-1.67892e-08
