-7.882680000000001
-7.74459
-7.607710000000001
-7.47204
-7.337560000000001
-7.2043
-7.07224
-6.941389999999999
-6.8117399999999995
-6.6833
-6.55607
-6.43004
-6.30521
-6.1816
-6.0591800000000005
-5.9379800000000005
-5.81798
-5.69918
-5.58159
-5.46521
-5.35003
-5.23606
-5.1233
-5.0117400000000005
-4.90139
-4.7922400000000005
-4.6843
-4.57757
-4.47204
-4.367719999999999
-4.2646
-4.1626900000000004
-4.06199
-3.9624900000000003
-3.8641900000000002
-3.7671099999999997
-3.6712300000000004
-3.57655
-3.4830900000000002
-3.3908199999999997
-3.2997699999999996
-3.20991
-3.12127
-3.03383
-2.9476
-2.8625700000000003
-2.77874
-2.69613
-2.6147099999999996
-2.53451
-2.4555
-2.37771
-2.30112
-2.22573
-2.15155
-2.07857
-2.0068
-1.9362400000000002
-1.8668799999999999
-1.79872
-1.73177
-1.66603
-1.6014899999999999
-1.53815
-1.47603
-1.4151
-1.3553899999999999
-1.29687
-1.23957
-1.18347
-1.12857
-1.0748799999999998
-1.02239
-0.971109
-0.921034
-0.8721629999999999
-0.8244959999999999
-0.778033
-0.732773
-0.688717
-0.6458649999999999
-0.604216
-0.563772
-0.524533
-0.486497
-0.449666
-0.41403999999999996
-0.379616
-0.34639699999999995
-0.314381
-0.283569
-0.25395999999999996
-0.225555
-0.198353
-0.172354
-0.147558
-0.12396300000000002
-0.10157100000000001
-0.0803794
-0.060388300000000006
-0.0415971
-0.0240048
-0.00761173
0.00758437
0.0215805
0.0343778
0.0459754
0.0563731
0.0655735
0.07357639999999999
0.0803845
0.0859997
0.0904214
0.0936492
0.09568600000000001
0.0965326
0.096191
0.0946634
0.0919497
0.0880496
0.0829681
0.07670779999999999
0.0692689
0.060654
0.0508637
0.0398999
0.027766200000000005
0.014465200000000001
-1.0848100000000001e-08
