-7.882680000000001
-7.74459
-7.607710000000001
-7.47204
-7.3375699999999995
-7.20431
-7.07225
-6.9414
-6.8117600000000005
-6.68332
-6.556080000000001
-6.43005
-6.305219999999999
-6.18161
-6.0592
-5.93799
-5.81799
-5.69919
-5.5816
-5.4652199999999995
-5.35004
-5.23607
-5.12331
-5.01175
-4.9014
-4.79226
-4.68432
-4.57759
-4.4720699999999995
-4.36775
-4.26464
-4.162719999999999
-4.0620199999999995
-3.9625199999999996
-3.8642199999999995
-3.7671300000000003
-3.67125
-3.57657
-3.4831
-3.3908300000000002
-3.2997699999999996
-3.20993
-3.12128
-3.03385
-2.94762
-2.86259
-2.77878
-2.69616
-2.61476
-2.53456
-2.4555599999999997
-2.37776
-2.30117
-2.22578
-2.15159
-2.07861
-2.0068200000000003
-1.93625
-1.8668799999999999
-1.79872
-1.7317599999999997
-1.66602
-1.6014700000000002
-1.53814
-1.47601
-1.41509
-1.35537
-1.29687
-1.23956
-1.18346
-1.12856
-1.07486
-1.02237
-0.9710840000000001
-0.9210020000000001
-0.872128
-0.824457
-0.777985
-0.7327170000000001
-0.68865
-0.645787
-0.6041350000000001
-0.563688
-0.5244479999999999
-0.486412
-0.449583
-0.413958
-0.37955
-0.346346
-0.314349
-0.283557
-0.253952
-0.22555
-0.198348
-0.172348
-0.147562
-0.123976
-0.101597
-0.0804181
-0.0604279
-0.0416376
-0.0240433
-0.00764819
0.00754589
0.02154
0.0343404
0.045941199999999995
0.05634310000000001
0.06554750000000001
0.0735628
0.0803834
0.086004
0.0904311
0.09366160000000001
0.0957012
0.096546
0.09620260000000001
0.09467439999999999
0.09196010000000002
0.0880579
0.08297439999999999
0.0767135
0.06927389999999999
0.0606597
0.05087
0.0399051
0.0277702
0.014467099999999998
-3.93899e-08
