Residual: 
14.0972
12.3163
10.8756
9.69964
Residual: 
2.77488
2.43781
2.1528
1.91016
Residual: 
0.609667
0.432194
0.517267
0.649056
0.79819
0.941696
1.07394
1.19622
1.30859
1.40856
1.49268
1.558
1.60276
1.62636
1.62917
1.61227
1.57724
1.52607
1.46102
1.38455
1.29918
1.20748
1.11189
1.01472
0.918007
0.823558
0.732862
0.647108
0.567189
0.493722
0.427073
0.367388
0.314627
0.268594
0.228967
0.195317
0.167135
0.143836
0.124791
0.109335
0.0968068
0.0865792
0.0780952
0.0708927
0.0646121
0.0589917
0.0538541
0.0490863
0.0446231
0.0404306
0.0364962
0.032816
0.0293928
0.0262293
0.0233291
0.0206903
0.0183099
0.01618
0.0142909
0.012629
0.0111793
0.00992324
0.00884222
0.00791681
0.00712592
0.00644995
0.0058712
0.0053711
0.0049356
0.00455181
0.00420977
0.00390136
0.00361972
0.00336068
0.00312034
0.00289687
0.00268877
0.00249434
0.00231276
0.00214304
0.00198519
0.00183854
0.00170229
0.00157638
0.00145995
0.00135249
0.00125399
0.00116298
0.00107953
0.00100262
0.000932019
0.000867119
0.000807372
0.0007524
0.000701752
0.00065512
0.000612043
0.000571885
0.000534878
0.000500635
0.00046864
0.000438758
0.000411091
0.00038537
0.00036136
0.000338807
0.000317635
0.000298085
0.000279687
0.000262553
0.000246594
0.000231414
0.000217486
0.00020418
0.000191677
0.000179993
0.000169283
0.000158995
0.000149443
0.000140434
0.000131673
0.000123896
0.000116255
0.000109451
0.000102821
9.67444e-05
Residual: 
2.77488
2.43781
2.1528
1.91016
Residual: 
8.61416
7.80665
7.12209
6.53316
Residual: 
6.01924
5.56493
5.15871
4.79197
Residual: 
1.48272
1.5965
2.3562
3.82541
Residual: 
1.10219
0.787774
0.589669
0.536894
0.577218
0.644397
0.714191
0.783064
0.850084
0.912619
0.967188
1.01078
1.04143
1.05826
1.06121
1.05086
1.02824
0.994688
0.951767
0.901175
0.844676
0.784023
0.720899
0.656858
0.59329
0.531391
0.472145
0.416332
0.364525
0.317111
0.274307
0.236185
0.202691
0.173665
0.148859
0.127954
0.110568
0.0962742
0.0846147
0.0751237
0.0673531
0.0608991
0.0554208
0.0506491
0.0463849
0.0424903
0.0388761
0.0354889
0.0323006
0.0292981
0.0264779
0.0238412
0.0213901
0.0191264
0.0170499
0.0151584
0.0134476
0.0119107
0.0105393
0.00932309
0.0082504
0.00730948
0.00648742
0.00577129
0.00514874
0.00460782
0.00413699
0.00372636
0.00336654
0.00304995
0.00276942
0.00251982
0.0022963
0.00209533
0.00191395
0.00174971
0.00160081
0.00146556
0.00134302
0.00123182
0.001131
0.00103968
0.000957336
0.000882957
0.000815721
0.000755095
0.000700553
0.000651311
0.000606477
0.000565964
0.000529113
0.000495321
0.000464552
0.000435894
0.000409585
0.000385066
0.000362272
0.000341106
0.000321058
0.000302203
0.000284563
0.000267914
0.000252159
0.000237349
0.00022339
0.000210049
0.000197807
0.00018577
0.000174755
0.000164161
0.000154432
0.000144952
0.000136294
0.000127888
0.000120199
0.000112837
0.000105904
9.96194e-05
Residual: 
1.48272
1.5965
2.3562
3.82541
Residual: 
4.40865
4.10603
3.82767
3.57056
Residual: 
3.33235
3.11111
2.90527
2.71351
Residual: 
0.840816
0.92767
1.38019
2.25248
Residual: 
0.663201
0.471872
0.350265
0.316841
0.339878
0.379532
0.42135
0.463131
0.504108
0.542503
0.576106
0.603051
0.622136
0.632813
0.63505
0.629196
0.615871
0.595893
0.570218
0.539885
0.505973
0.469553
0.431651
0.393213
0.35508
0.317974
0.282489
0.24909
0.218118
0.189799
0.16426
0.141535
0.121584
0.104304
0.0895384
0.0770885
0.0667201
0.0581729
0.0511725
0.0454422
0.0407199
0.036771
0.0333996
0.0304511
0.0278117
0.025402
0.0231707
0.0210863
0.0191317
0.0172988
0.0155846
0.0139883
0.0125104
0.0111506
0.00990805
0.00878036
0.00776391
0.00685448
0.00604571
0.00533105
0.00470331
0.00415469
0.00367719
0.00326281
0.00290376
0.00259266
0.00232263
0.00208755
0.00188182
0.00170086
0.00154054
0.00139771
0.00126972
0.00115447
0.00105025
0.000955802
0.000870113
0.000792413
0.000721978
0.000658153
0.000600383
0.000548381
0.000501602
0.000459554
0.000421985
0.000388354
0.000358327
0.000331411
0.00030742
0.000285765
0.000266438
0.000248841
0.000232951
0.000218397
0.000204963
0.000192649
0.000181186
0.000170587
0.00016066
0.000151174
0.000142313
0.000134143
0.000126305
0.000118852
0.000111828
0.000105304
9.90063e-05
Residual: 
0.840816
0.92767
1.38019
2.25248
Residual: 
2.51365
2.3479
2.19323
2.04883
Residual: 
1.91395
1.78793
1.67017
1.56011
Residual: 
0.476948
0.317533
0.343562
0.462355
Residual: 
0.271547
0.290148
0.347279
0.409796
0.470782
0.52957
0.58517
0.635555
0.678412
0.711824
0.734599
0.746303
0.747163
0.737906
0.719608
0.693563
0.661168
0.623846
0.582979
0.539858
0.495659
0.451417
0.408018
0.366199
0.326544
0.289501
0.255386
0.224399
0.196637
0.172103
0.15072
0.132337
0.116743
0.103672
0.0928155
0.0838404
0.076409
0.0701996
0.0649254
0.0603463
0.0562732
0.0525655
0.049125
0.0458872
0.0428132
0.0398818
0.0370839
0.0344178
0.031885
0.029489
0.0272329
0.0251187
0.0231472
0.0213167
0.0196244
0.0180656
0.0166346
0.0153241
0.0141268
0.0130342
0.0120384
0.0111308
0.0103035
0.0095491
0.00886015
0.00823026
0.00765342
0.00712428
0.00663804
0.00619039
0.00577749
0.00539614
0.00504336
0.00471646
0.0044132
0.00413165
0.0038698
0.00362614
0.00339927
0.00318761
0.00299024
0.00280599
0.00263385
0.00247281
0.00232228
0.00218128
0.00204922
0.00192547
0.00180938
0.00170056
0.00159841
0.00150234
0.00141231
0.00132755
0.001248
0.00117312
0.00110285
0.00103668
0.000974488
0.000915934
0.00086095
0.000809148
0.000760562
0.000714776
0.00067162
0.000631154
0.000593021
0.000557263
0.000523658
0.000491932
0.000462175
0.000434271
0.000407945
0.000383317
0.000360069
0.000338215
0.000317648
0.000298417
0.000280418
0.000263357
0.000247365
0.00023238
0.000218312
0.000205065
0.000192562
0.000180948
0.000169945
0.000159668
0.000150002
0.000140926
0.000132268
0.000124343
0.000116721
0.000109684
0.000103065
9.68389e-05
Residual: 
0.476948
0.317533
0.343562
0.462355
Residual: 
1.44968
1.35451
1.26552
1.1823
Residual: 
1.10448
1.03172
0.963676
0.900055
Residual: 
0.276319
0.179813
0.195369
0.264586
Residual: 
0.154939
0.166013
0.197901
0.232708
0.266826
0.299786
0.330895
0.358956
0.382671
0.400997
0.413303
0.419377
0.419371
0.413714
0.403026
0.388045
0.369565
0.348392
0.325303
0.301025
0.276214
0.251448
0.227215
0.203922
0.181888
0.161353
0.142488
0.125393
0.110114
0.0966421
0.0849247
0.0748679
0.0663434
0.0591937
0.0532408
0.0482964
0.044173
0.0406961
0.037713
0.0350975
0.0327513
0.0306028
0.0286016
0.0267153
0.0249244
0.0232182
0.0215923
0.0200457
0.0185792
0.0171942
0.0158918
0.0146729
0.0135368
0.0124826
0.011508
0.01061
0.00978499
0.00902867
0.00833673
0.00770435
0.00712666
0.00659924
0.00611734
0.00567676
0.00527358
0.00490406
0.00456491
0.00425312
0.00396599
0.00370126
0.00345665
0.00323036
0.00302071
0.00282625
0.00264566
0.00247776
0.00232154
0.00217594
0.00204033
0.00191381
0.00179566
0.00168535
0.00158215
0.00148561
0.00139529
0.0013107
0.00123145
0.00115711
0.00108742
0.00102196
0.000960569
0.000902881
0.000848712
0.000797783
0.000749946
0.000704963
0.000662705
0.000622921
0.000585502
0.000550317
0.000517298
0.000486151
0.000456894
0.000429346
0.000403475
0.000379157
0.00035628
0.000334743
0.000314512
0.000295496
0.000277634
0.00026087
0.000245036
0.000230177
0.000216259
0.000203157
0.000190777
0.00017926
0.00016837
0.000158219
0.000148556
0.000139607
0.000131092
0.000123155
0.000115695
0.000108673
0.00010209
9.58335e-05
Residual: 
0.276319
0.179813
0.195369
0.264586
Residual: 
0.836482
0.78138
0.729872
0.681704
Residual: 
0.636672
0.594574
0.555214
0.518424
Residual: 
0.159416
0.101929
0.110392
0.149226
Residual: 
0.0863847
0.0929679
0.110491
0.129633
0.148557
0.166904
0.184178
0.199659
0.212627
0.222531
0.22905
0.232098
0.23178
0.228349
0.222163
0.213638
0.203222
0.191363
0.178496
0.165022
0.151304
0.137657
0.12435
0.1116
0.0995793
0.088414
0.0781903
0.0689575
0.0607321
0.0535017
0.0472286
0.0418527
0.0372955
0.0334646
0.0302584
0.0275728
0.0253073
0.023371
0.0216862
0.0201899
0.0188342
0.0175842
0.0164161
0.0153143
0.0142697
0.0132773
0.0123349
0.0114418
0.0105982
0.00980445
0.00906059
0.00836638
0.00772111
0.00712358
0.00657205
0.00606448
0.00559851
0.00517146
0.00478064
0.00442327
0.00409653
0.00379778
0.00352445
0.00327413
0.00304465
0.00283396
0.00264023
0.0024618
0.00229724
0.0021452
0.00200457
0.0018743
0.00175343
0.00164122
0.00153692
0.00143986
0.00134951
0.00126523
0.00118668
0.00111332
0.00104478
0.000980736
0.000920839
0.000864796
0.000812316
0.000763158
0.000717036
0.0006738
0.000633245
0.000595197
0.000559426
0.000525853
0.000494297
0.000464615
0.000436758
0.000410579
0.00038593
0.000362745
0.000340949
0.00032046
0.000301211
0.000283073
0.000266023
0.000250028
0.000234932
0.000220755
0.000207412
0.000194887
0.000183115
0.000172026
0.000161602
0.000151841
0.000142633
0.000133998
0.000125881
0.00011826
0.000111096
0.000104355
9.80207e-05
Residual: 
0.159416
0.101929
0.110392
0.149226
Residual: 
0.481726
0.449875
0.420105
0.392279
Residual: 
0.366271
0.341963
0.319247
0.298017
Residual: 
0.0916571
0.105274
0.159704
0.263913
Residual: 
0.0809776
0.0572032
0.0424059
0.038608
0.0415487
0.0464757
0.0517409
0.0570602
0.0622818
0.0671467
0.0713689
0.0747211
0.0770634
0.0783369
0.0785454
0.077739
0.0760013
0.0734393
0.0701769
0.0663474
0.062088
0.0575338
0.052813
0.0480428
0.0433267
0.0387526
0.034392
0.0303003
0.0265173
0.0230685
0.019967
0.0172149
0.0148052
0.0127229
0.0109469
0.00945094
0.00820472
0.00717528
0.00632846
0.00563061
0.00505048
0.00456066
0.00413855
0.00376667
0.0034322
0.00312627
0.00284314
0.00257933
0.00233285
0.00210272
0.00188849
0.00168998
0.00150708
0.00133964
0.00118735
0.00104976
0.000926353
0.000816367
0.000718987
0.000633316
0.000558346
0.000493044
0.000436387
0.000387331
0.000344879
0.000308147
0.00027623
0.000248404
0.000223989
0.000202435
0.000183277
0.000166151
0.000150739
0.000136817
0.000124199
0.000112747
0.000102337
9.28904e-05
Residual: 
0.0916571
0.105274
0.159704
0.263913
Residual: 
0.273495
0.255292
0.23829
0.222408
Residual: 
0.207572
0.193715
0.180769
0.168677
Residual: 
0.051105
0.0600485
0.0922137
0.152642
Residual: 
0.046517
0.0327697
0.0242942
0.0221628
0.0238557
0.0266613
0.0296549
0.0326787
0.0356457
0.0384072
0.0408001
0.0426953
0.0440139
0.0447229
0.0448252
0.0443499
0.0433449
0.0418715
0.0400005
0.0378081
0.0353724
0.0327703
0.0300748
0.0273527
0.0246628
0.0220549
0.0195697
0.0172386
0.015084
0.0131204
0.0113551
0.00978928
0.00841869
0.00723482
0.00622551
0.00537572
0.00466813
0.00408384
0.00360336
0.00320746
0.00287831
0.00260032
0.00236063
0.00214933
0.00195915
0.0017851
0.00162392
0.00147368
0.00133325
0.00120211
0.00108001
0.00096684
0.000862572
0.000767089
0.000680234
0.000601756
0.000531354
0.0004686
0.000413044
0.000364136
0.000321304
0.000283992
0.000251594
0.000223527
0.000199231
0.000178169
0.000159861
0.000143881
0.000129856
0.000117463
0.000106449
9.65925e-05
Residual: 
0.051105
0.0600485
0.0922137
0.152642
Residual: 
0.155167
0.14476
0.135051
0.125988
Residual: 
0.117528
0.10963
0.102253
0.0953723
Residual: 
0.0285093
0.0175659
0.0171706
0.0189356
Residual: 
0.00768475
0.00813804
0.00968491
0.0115618
0.0135616
0.0155595
0.0174358
0.0190892
0.0204481
0.0214703
0.0221385
0.0224547
0.0224355
0.022109
0.0215109
0.0206824
0.0196674
0.0185106
0.0172551
0.0159415
0.0146062
0.0132809
0.0119922
0.0107613
0.00960452
0.00853295
0.00755355
0.00666928
0.00587983
0.00518206
0.00457067
0.00403871
0.00357815
0.00318037
0.00283672
0.00253891
0.00227933
0.00205138
0.00184945
0.001669
0.00150649
0.00135918
0.00122504
0.00110256
0.000990625
0.000888408
0.000795241
0.000710574
0.000633931
0.000564844
0.000502857
0.000447504
0.000398313
0.000354784
0.000316437
0.000282753
0.000253241
0.000227422
0.000204834
0.000185049
0.000167676
0.00015236
0.000138796
0.000126717
0.000115912
0.000106189
9.74021e-05
Residual: 
0.0285093
0.0175659
0.0171706
0.0189356
Residual: 
0.0884737
0.0825478
0.0770192
0.0718521
Residual: 
0.0670229
0.0625145
0.0583029
0.0543725
Residual: 
0.016339
0.0203301
0.0320833
0.0532626
Residual: 
0.0158005
0.0110871
0.00821069
0.0074934
0.00805663
0.00898848
0.0099825
0.0109869
0.0119725
0.0128893
0.0136828
0.01431
0.0147445
0.0149754
0.015004
0.0148399
0.0144992
0.0140026
0.0133736
0.0126377
0.011821
0.0109492
0.0100467
0.0091357
0.00823584
0.00736376
0.00653298
0.00575393
0.00503409
0.00437827
0.00378888
0.00326624
0.00280895
0.00241413
0.00207769
0.00179458
0.00155897
0.00136454
0.00120472
0.00107307
0.000963614
0.000871137
0.000791356
0.000720963
0.00065755
0.000599458
0.000545622
0.0004954
0.000448437
0.000404547
0.000363674
0.000325776
0.000290844
0.000258849
0.000229727
0.000203416
0.000179797
0.000158736
0.000140079
0.000123643
0.000109245
9.66907e-05
Residual: 
0.016339
0.0203301
0.0320833
0.0532626
Residual: 
0.049883
0.0465077
0.0433581
0.0404227
Residual: 
0.0376768
0.0351144
0.03273
0.0304997
Residual: 
0.00908012
0.00598566
0.00654835
0.00791778
Residual: 
0.00398528
0.00412571
0.00481918
0.00567034
0.0065185
0.00729702
0.00797706
0.00854477
0.00899164
0.00931176
0.00950204
0.00956338
0.00950124
0.00932552
0.00904978
0.00869003
0.00826349
0.00778744
0.00727829
0.00675089
0.00621816
0.00569087
0.00517768
0.00468518
0.0042182
0.00377995
0.00337236
0.00299629
0.00265178
0.00233826
0.00205471
0.00179979
0.001572
0.0013697
0.00119122
0.00103486
0.000898967
0.000781875
0.000681958
0.000597593
0.000527134
0.000468919
0.00042126
0.000382463
0.000350885
0.000324998
0.000303444
0.000285082
0.000269006
0.000254517
0.000241123
0.000228486
0.000216387
0.000204699
0.00019336
0.000182348
0.000171665
0.000161335
0.00015138
0.000141824
0.000132694
0.000124006
0.00011577
0.000107993
0.000100679
9.38176e-05
Residual: 
0.00908012
0.00598566
0.00654835
0.00791778
Residual: 
0.0283115
0.0263966
0.0246089
0.0229412
Residual: 
0.0213847
0.019932
0.018572
0.0173065
Residual: 
0.00521745
0.00682491
0.0109832
0.0182137
Residual: 
0.00523795
0.00366031
0.00270376
0.00246381
0.0026441
0.00294463
0.00326568
0.00359061
0.00390987
0.00420706
0.00446427
0.00466739
0.00480784
0.00488206
0.0048904
0.00483605
0.00472426
0.00456174
0.00435618
0.00411589
0.00384938
0.00356502
0.00327074
0.00297379
0.00268054
0.00239642
0.00212582
0.00187213
0.00163778
0.00142432
0.00123253
0.00106251
0.000913801
0.000785445
0.00067611
0.000584139
0.000507629
0.000444507
0.000392631
0.000349898
0.000314359
0.00028432
0.000258386
0.000235487
0.000214844
0.000195921
0.000178376
0.000162001
0.000146685
0.000132371
0.000119037
0.000106672
9.52741e-05
Residual: 
0.00521745
0.00682491
0.0109832
0.0182137
Residual: 
0.0158153
0.014732
0.0137227
0.0127796
Residual: 
0.0119033
0.0110843
0.0103223
0.00960971
Residual: 
0.00288651
0.00224401
0.00296487
0.00420176
Residual: 
0.00260866
0.00274974
0.00324079
0.00379937
0.00432549
0.00479247
0.00519547
0.00553268
0.00580035
0.00599358
0.00610852
0.00614412
0.00610278
0.00599022
0.00581465
0.00558594
0.00531471
0.00501154
0.00468647
0.00434858
0.00400585
0.003665
0.00333158
0.00300998
0.00270357
0.00241484
0.00214548
0.00189653
0.00166851
0.00146151
0.00127524
0.00110916
0.000962514
0.000834378
0.000723686
0.00062926
0.000549793
0.000483867
0.000429926
0.000386313
0.000351298
0.000323176
0.000300359
0.000281446
0.000265294
0.000251021
0.000237981
0.000225739
0.000214013
0.000202647
0.000191564
0.000180739
0.000170181
0.000159922
0.000149998
0.000140445
0.000131295
0.000122577
0.000114307
0.000106499
9.91566e-05
Residual: 
0.00288651
0.00224401
0.00296487
0.00420176
Residual: 
0.00893696
0.00832669
0.0077612
0.00722379
Residual: 
0.00673156
0.00627139
0.00583861
0.0054391
Residual: 
0.00166772
0.00222732
0.00362285
0.0059869
Residual: 
0.0016755
0.00116549
0.000858785
0.000781849
0.00083777
0.000931546
0.00103205
0.00113409
0.0012345
0.00132801
0.00140887
0.00147263
0.00151658
0.00153961
0.00154184
0.0015243
0.00148866
0.00143704
0.00137189
0.00129584
0.00121158
0.00112175
0.00102886
0.000935189
0.000842744
0.000753227
0.000668018
0.000588177
0.000514464
0.000447359
0.000387101
0.000333713
0.000287041
0.000246781
0.000212506
0.000183686
0.000159718
0.000139944
0.000123689
0.000110288
9.91315e-05
Residual: 
0.00166772
0.00222732
0.00362285
0.0059869
Residual: 
0.00494661
0.00460409
0.00428907
0.0039916
Residual: 
0.717928
0.676404
0.637511
0.601038
Residual: 
0.203214
0.219571
0.327619
0.506461
Residual: 
0.174027
0.11972
0.0845757
0.0746571
0.0807985
0.0909513
0.101103
0.11094
0.120519
0.129541
0.137516
0.143991
0.148663
0.151386
0.152136
0.150982
0.148057
0.143543
0.137653
0.130624
0.122707
0.11415
0.105197
0.0960727
0.086982
0.0781009
0.0695769
0.0615269
0.0540389
0.0471731
0.0409649
0.0354279
0.0305564
0.026329
0.0227104
0.019654
0.0171041
0.0149978
0.0132682
0.0118479
0.0106727
0.00968564
0.0088388
0.00809479
0.0074259
0.00681291
0.00624337
0.00570978
0.00520798
0.00473608
0.00429345
0.00388006
0.00349606
0.00314151
0.00281627
0.00251986
0.00225155
0.00201006
0.00179403
0.00160183
0.0014317
0.00128169
0.00114983
0.00103419
0.000932854
0.000843953
0.000765898
0.000697118
0.000636283
0.000582231
0.000533969
0.000490674
0.00045165
0.000416338
0.000384255
0.000355052
0.000328418
0.000304104
0.000281828
0.000261496
0.00024286
0.0002258
0.00021017
0.000195852
0.000182699
0.000170632
0.000159545
0.000149308
0.000139889
0.000131163
0.000123108
0.000115611
0.000108613
0.000102108
9.60279e-05
Residual: 
0.203214
0.219571
0.327619
0.506461
Residual: 
0.561373
0.529347
0.499267
0.470995
Residual: 
0.444404
0.419383
0.395828
0.373646
Residual: 
0.125682
0.131767
0.191604
0.306581
Residual: 
0.0766497
0.054062
0.0409439
0.038143
0.0417131
0.0466515
0.0512131
0.0553229
0.059157
0.0627246
0.0658873
0.0684696
0.0703319
0.0713932
0.0716268
0.0710477
0.0697014
0.0676557
0.0649947
0.0618146
0.0582187
0.0543135
0.0502045
0.0459923
0.0417691
0.0376171
0.0336061
0.0297933
0.0262231
0.0229276
0.0199275
0.0172334
0.0148472
0.012763
0.0109686
0.00944602
0.00817279
0.00712224
0.00626469
0.00556865
0.00500271
0.00453749
0.00414735
0.00381137
0.00351369
0.00324305
0.00299195
0.00275588
0.00253231
0.00232011
0.00211901
0.00192914
0.00175083
0.0015844
0.0014301
0.00128797
0.00115797
0.00103983
0.00093312
0.00083728
0.000751676
0.000675531
0.000608057
0.000548464
0.000495893
0.000449557
0.0004087
0.000372608
0.000340642
0.000312228
0.000286858
0.000264133
0.000243667
0.000225155
0.000208362
0.000193068
0.000179103
0.000166334
0.000154611
0.000143863
0.000133986
0.000124903
0.000116528
0.000108805
0.000101696
9.51215e-05
Residual: 
0.125682
0.131767
0.191604
0.306581
Residual: 
0.350356
0.330649
0.3121
0.294632
Residual: 
0.278177
0.262672
0.248056
0.234275
Residual: 
0.0778315
0.0774528
0.108977
0.169588
Residual: 
0.0360354
0.0253396
0.0196952
0.0186256
0.0204222
0.0227856
0.0248465
0.026568
0.028081
0.0294486
0.0306493
0.0316242
0.0323168
0.0326905
0.0327302
0.0324378
0.0318281
0.0309249
0.0297592
0.0283672
0.0267892
0.025068
0.0232471
0.021369
0.019474
0.0175986
0.0157746
0.0140289
0.012383
0.0108531
0.00945047
0.0081817
0.00704949
0.00605302
0.0051885
0.00444958
0.00382773
0.00331241
0.0028914
0.00255123
0.00227768
0.00205679
0.00187574
0.00172358
0.00159164
0.00147357
0.00136499
0.00126314
0.00116645
0.00107415
0.000986007
0.00090206
0.000822502
0.000747575
0.000677469
0.000612361
0.000552298
0.000497276
0.000447206
0.000401929
0.000361212
0.000324788
0.000292352
0.000263573
0.000238115
0.000215622
0.000195769
0.000178231
0.000162721
0.000148961
0.000136715
0.000125779
0.00011596
0.000107113
9.91066e-05
Residual: 
0.0778315
0.0774528
0.108977
0.169588
Residual: 
0.22018
0.207882
0.196298
0.185383
Residual: 
0.175093
0.165392
0.156242
0.14761
Residual: 
0.0482536
0.0452671
0.0615819
0.093169
Residual: 
0.0165217
0.0114544
0.00914732
0.00876497
0.00963593
0.0107551
0.0116943
0.0124247
0.0130197
0.013531
0.0139685
0.0143172
0.0145573
0.0146739
0.0146599
0.0145146
0.0142424
0.013851
0.0133509
0.0127549
0.0120779
0.0113364
0.0105476
0.00972897
0.00889757
0.00806924
0.0072582
0.00647674
0.00573495
0.00504073
0.00439984
0.003816
0.00329116
0.00282567
0.00241854
0.00206764
0.00176983
0.0015211
0.00131667
0.00115107
0.0010183
0.00091219
0.000826748
0.000756609
0.000697307
0.000645401
0.000598452
0.00055483
0.000513566
0.000474135
0.000436329
0.000400121
0.000365582
0.000332821
0.000301968
0.000273115
0.000246337
0.000221663
0.000199085
0.000178569
0.000160047
0.000143423
0.000128583
0.000115399
0.000103733
9.34416e-05
Residual: 
0.0482536
0.0452671
0.0615819
0.093169
Residual: 
0.138859
0.131149
0.123882
0.11703
Residual: 
0.110569
0.104473
0.0987211
0.0932935
Residual: 
0.0299391
0.0262666
0.0344474
0.0506405
Residual: 
0.00747557
0.00501757
0.00411106
0.0039764
0.00437977
0.00490178
0.00533378
0.00565373
0.00589762
0.00609649
0.00626197
0.00639197
0.0064797
0.00651919
0.00650711
0.00644264
0.00632679
0.00616185
0.00595127
0.00569949
0.00541196
0.00509498
0.00475547
0.00440068
0.00403786
0.00367395
0.00331532
0.0029676
0.0026355
0.00232284
0.00203247
0.00176634
0.00152562
0.00131073
0.00112147
0.000957131
0.000816534
0.000698139
0.000600052
0.000520068
0.000455725
0.000404388
0.000363407
0.000330287
0.000302861
0.000279381
0.000258554
0.000239483
0.000221602
0.000204587
0.00018828
0.000172634
0.000157663
0.000143409
0.00012993
0.000117273
0.000105478
9.45714e-05
Residual: 
0.0299391
0.0262666
0.0344474
0.0506405
Residual: 
0.087789
0.0829412
0.0783701
0.0740574
Residual: 
0.0699887
0.0661485
0.0625231
0.0591008
Residual: 
0.0185683
0.0151541
0.0190925
0.0272394
Residual: 
0.00339559
0.00215501
0.00180391
0.00175207
0.00193055
0.00217068
0.00237114
0.00251716
0.00262533
0.00271197
0.00278438
0.00284271
0.00288412
0.00290575
0.00290573
0.0028833
0.00283849
0.00277192
0.00268474
0.0025786
0.00245566
0.00231853
0.00217021
0.00201389
0.00185284
0.00169025
0.00152909
0.00137199
0.00122124
0.00107866
0.000945664
0.000823262
0.000712069
0.000612366
0.00052414
0.000447131
0.000380871
0.000324715
0.00027787
0.000239404
0.00020827
0.000183332
0.000163423
0.000147417
0.000134299
0.00012323
0.00011356
0.000104829
9.6731e-05
Residual: 
0.0185683
0.0151541
0.0190925
0.0272394
Residual: 
0.0556211
0.0525659
0.0496834
0.0469627
Residual: 
0.0443942
0.0419696
0.0396788
0.0375152
Residual: 
0.0114802
0.00870492
0.0105097
0.0145322
Residual: 
0.00157775
0.00093017
0.000788919
0.000764343
0.000841516
0.000952866
0.00104846
0.00111943
0.00117336
0.00121825
0.00125764
0.00129139
0.00131777
0.00133504
0.00134198
0.00133797
0.00132283
0.00129675
0.00126021
0.00121398
0.00115911
0.00109688
0.00102877
0.000956351
0.000881254
0.000805056
0.000729228
0.000655083
0.000583744
0.000516129
0.000452944
0.00039469
0.000341685
0.000294078
0.000251875
0.000214959
0.000183114
0.00015604
0.000133365
0.000114656
9.94285e-05
Residual: 
0.0114802
0.00870492
0.0105097
0.0145322
Residual: 
0.0353138
0.0333835
0.0315609
0.0298399
Residual: 
0.0282141
0.0266785
0.0252276
0.0238564
Residual: 
0.00704954
0.00497703
0.00575102
0.00769832
Residual: 
0.000760043
0.000420215
0.000356702
0.00034269
0.000378062
0.000433113
0.000482258
0.000520655
0.000551927
0.000579748
0.000605409
0.000628347
0.000647313
0.000661155
0.000669104
0.000670765
0.000666043
0.000655067
0.000638156
0.000615793
0.00058861
0.000557362
0.00052289
0.000486078
0.000447815
0.000408952
0.000370274
0.000332472
0.000296132
0.000261728
0.000229617
0.000200055
0.000173193
0.000149101
0.000127772
0.000109137
9.30753e-05
Residual: 
0.00704954
0.00497703
0.00575102
0.00769832
Residual: 
0.0224638
0.0212405
0.0200847
0.018993
Residual: 
0.0179608
0.016986
0.0160641
0.0151927
Residual: 
0.00428359
0.00282502
0.00311917
0.00403466
Residual: 
0.000382738
0.000209242
0.000175869
0.000167622
0.00018719
0.000218063
0.000246446
0.000269993
0.000290535
0.000309628
0.000327505
0.000343521
0.000356817
0.000366696
0.00037273
0.000374739
0.000372724
0.000366831
0.000357321
0.000344546
0.000328941
0.000310996
0.00029124
0.00027021
0.000248435
0.000226409
0.000204578
0.000183331
0.00016299
0.00014381
0.000125981
0.00010963
9.48311e-05
Residual: 
0.00428359
0.00282502
0.00311917
0.00403466
Residual: 
0.0143106
0.0135335
0.0127983
0.0121033
Residual: 
0.011447
0.0108254
0.0102383
0.00968311
Residual: 
0.00256865
0.00158835
0.00167254
0.00208615
Residual: 
0.000208038
0.000121443
0.000100203
9.52952e-05
Residual: 
0.00256865
0.00158835
0.00167254
0.00208615
Residual: 
0.00912417
0.00862782
0.00815938
0.00771586
Residual: 
0.00729711
0.00690027
0.00652561
0.00617079
Residual: 
0.00151809
0.000883544
0.000885376
0.00106373
Residual: 
0.000128893
8.34357e-05
Residual: 
0.00151809
0.000883544
0.000885376
0.00106373
Residual: 
0.00581529
0.00549872
0.00519879
0.00491602
Residual: 
0.00454305
0.0042729
0.00402077
0.00378258
Residual: 
0.000860585
0.00101679
0.0014245
0.00208354
Residual: 
0.00025788
0.000177316
0.000143278
0.000131319
0.0001379
0.0001503
0.000160476
0.00016705
0.000171218
0.000174286
0.000176902
0.000179129
0.000180749
0.000181505
0.000181196
0.000179701
0.000176961
0.000172962
0.000167735
0.000161347
0.000153909
0.000145564
0.000136487
0.000126872
0.000116924
0.000106842
9.68186e-05
Residual: 
0.000860585
0.00101679
0.0014245
0.00208354
Residual: 
0.00353271
0.00332325
0.00312748
0.00294313
