1.0
0.9845520000000001
0.9692209999999999
0.954008
0.9389120000000001
0.923934
0.9090729999999999
0.894332
0.87971
0.865207
0.850822
0.836559
0.822417
0.808395
0.794492
0.780713
0.767055
0.753517
0.740105
0.726816
0.713659
0.700625
0.687728
0.6750010000000001
0.6624180000000001
0.649934
0.63756
0.625301
0.613156
0.601125
0.589208
0.5774050000000001
0.565716
0.554139
0.5426770000000001
0.5313260000000001
0.520089
0.5089640000000001
0.49795200000000006
0.487051
0.476263
0.46558900000000003
0.455028
0.444583
0.434252
0.42403900000000005
0.41394200000000003
0.403963
0.394102
0.38436
0.374736
0.36523
0.355842
0.346573
0.337424
0.328392
0.31948000000000004
0.310687
0.30201300000000003
0.293457
0.285022
0.276706
0.268511
0.260437
0.252486
0.24465900000000002
0.236954
0.22937399999999997
0.221917
0.214583
0.20737199999999997
0.200286
0.193325
0.18648800000000001
0.179776
0.17318599999999998
0.166719
0.16037300000000002
0.154151
0.148051
0.142075
0.136222
0.130492
0.12488699999999998
0.119405
0.114051
0.108821
0.103717
0.09873760000000001
0.0938739
0.0891324
0.08451030000000001
0.0800102
0.0756368
0.0713863
0.0672612
0.06325900000000001
0.059375199999999996
0.055613499999999996
0.0519694
0.0484473
0.04505
0.0417761
0.038625599999999996
0.0355986
0.0326957
0.0299172
0.027263299999999997
0.024733900000000003
0.022331599999999997
0.020054
0.0179036
0.015878
0.0139767
0.012199600000000001
0.0105458
0.00901513
0.0076041
0.00631493
0.00515181
0.00411226
0.00319619
0.00240346
0.00173443
0.00118847
0.00076521
0.000464565
0.000277143
0.000172695
