1.0
0.984553
0.969225
0.954016
0.938926
0.923953
0.909098
0.8943629999999999
0.879748
0.865251
0.850873
0.8366180000000001
0.822484
0.808471
0.7945770000000001
0.780808
0.767162
0.753636
0.74024
0.7269680000000001
0.713832
0.700819
0.687949
0.6752670000000001
0.662748
0.650312
0.637977
0.625748
0.613626
0.601612
0.589707
0.577911
0.566225
0.5546479999999999
0.5431819999999999
0.531826
0.52058
0.509445
0.498421
0.487509
0.47671
0.46602299999999997
0.455449
0.44498999999999994
0.434644
0.424413
0.41429799999999994
0.404298
0.394414
0.384648
0.374998
0.365467
0.356054
0.34676
0.337584
0.32852800000000004
0.319592
0.310775
0.302079
0.293504
0.28505
0.276719
0.268509
0.260422
0.252458
0.24461599999999997
0.236898
0.229302
0.22183000000000003
0.21448000000000003
0.207254
0.200152
0.193174
0.18632
0.17959
0.172985
0.16650299999999998
0.160144
0.15391
0.147799
0.14181300000000002
0.135953
0.130216
0.124605
0.119117
0.113754
0.10851500000000001
0.103399
0.0984057
0.09353510000000001
0.0887873
0.0841631
0.0796618
0.0752837
0.07102819999999999
0.0668948
0.06288350000000001
0.0589951
0.0552294
0.0515871
0.0480685
0.0446752
0.0414065
0.038261500000000004
0.0352409
0.032347100000000004
0.029578800000000002
0.026935700000000003
0.0244179
0.0220238
0.0197546
0.017609700000000002
0.015589500000000001
0.013693899999999998
0.0119226
0.010272799999999999
0.00874559
0.0073388
0.00605362
0.00489674
0.00386425
0.00295625
0.00217232
0.00151254
0.000976359
0.000563433
0.00027353400000000003
9.836790000000001e-05
0.00018543099999999998
