1.0
0.9845520000000001
0.969224
0.9540139999999999
0.938923
0.923948
0.909092
0.894358
0.879743
0.8652489999999999
0.850872
0.8366180000000001
0.8224870000000001
0.808474
0.7945810000000001
0.780812
0.767166
0.753637
0.7402380000000001
0.726962
0.7138220000000001
0.700809
0.687938
0.675254
0.662733
0.6502939999999999
0.6379560000000001
0.625728
0.613607
0.601596
0.5896939999999999
0.577902
0.5662189999999999
0.5546439999999999
0.543181
0.531825
0.52058
0.509443
0.498418
0.48749899999999996
0.476692
0.46599700000000005
0.45541499999999996
0.44494700000000004
0.434594
0.42436
0.414242
0.40424499999999997
0.394365
0.38460500000000003
0.37496199999999996
0.36543600000000004
0.356029
0.34674
0.33757
0.328517
0.31958400000000003
0.310768
0.302073
0.293493
0.285034
0.27669499999999997
0.268477
0.260384
0.252413
0.244571
0.236853
0.22926
0.22179000000000001
0.21444499999999997
0.207222
0.200129
0.19316
0.186317
0.179599
0.173001
0.166527
0.16017
0.153936
0.147827
0.141841
0.13598
0.130244
0.12463199999999999
0.119144
0.11379
0.10855999999999999
0.103459
0.0984806
0.09360779999999999
0.08885789999999999
0.08422389999999999
0.079713
0.07533519999999999
0.0710802
0.06695369999999999
0.0629495
0.05905740000000001
0.0552881
0.0516312
0.048097900000000006
0.04469480000000001
0.0414163
0.0382627
0.0352335
0.0323303
0.0295525
0.0269008
0.0243745
0.0219797
0.019709599999999997
0.017570699999999998
0.015556299999999999
0.013665799999999999
0.0118994
0.010255
0.00873325
0.00732646
0.00604127
0.00488766
0.00385843
0.00295358
0.0021728000000000003
0.00151715
0.000985098
0.00057603
0.000289989
0.000105166
0.000182573
