     0.09802
     0.19509
     0.29028
     0.38268
      0.4714
     0.55557
     0.63439
     0.70711
     0.77301
     0.83147
     0.88192
     0.92388
     0.95694
     0.98079
     0.99518
           1
     0.99518
     0.98079
     0.95694
     0.92388
     0.88192
     0.83147
     0.77301
     0.70711
     0.63439
     0.55557
      0.4714
     0.38268
     0.29028
     0.19509
     0.09802
   -0.118125
   -0.235106
    -0.34982
   -0.461173
   -0.568091
   -0.669525
   -0.764512
   -0.852148
   -0.931565
    -1.00202
    -1.06281
    -1.11338
    -1.15322
    -1.18196
     -1.1993
    -1.20511
     -1.1993
    -1.18196
    -1.15322
    -1.11338
    -1.06281
    -1.00202
   -0.931565
   -0.852148
   -0.764512
   -0.669525
   -0.568091
   -0.461173
    -0.34982
   -0.235106
   -0.118125
  0.00937118
    0.018653
   0.0277562
   0.0365928
   0.0450777
   0.0531293
   0.0606698
   0.0676267
   0.0739327
   0.0795274
   0.0843564
   0.0883734
   0.0915394
   0.0938238
   0.0952049
   0.0956691
   0.0952117
   0.0938375
   0.0915594
   0.0883992
   0.0843873
   0.0795625
   0.0739709
   0.0676666
   0.0607101
   0.0531685
   0.0451145
   0.0366253
   0.0277829
   0.0186725
  0.00938169
    -0.11513
   -0.229144
   -0.340949
   -0.449478
   -0.553684
   -0.652546
   -0.745125
   -0.830538
   -0.907941
   -0.976606
    -1.03586
    -1.08515
    -1.12398
    -1.15199
    -1.16889
    -1.17455
    -1.16889
    -1.15199
    -1.12398
    -1.08515
    -1.03586
   -0.976606
   -0.907941
   -0.830538
   -0.745125
   -0.652546
   -0.553684
   -0.449478
   -0.340949
   -0.229144
    -0.11513
  0.00910665
   0.0181265
   0.0269725
   0.0355596
   0.0438049
   0.0516289
   0.0589564
   0.0657168
    0.071845
   0.0772814
   0.0819741
   0.0858774
   0.0889538
   0.0911736
   0.0925155
   0.0929665
   0.0925222
   0.0911865
   0.0889727
   0.0859017
   0.0820032
   0.0773144
   0.0718809
   0.0657547
   0.0589946
    0.051666
   0.0438396
   0.0355903
   0.0269977
   0.0181448
  0.00911653
   -0.112172
   -0.223256
    -0.33219
    -0.43793
   -0.539459
   -0.635781
   -0.725981
     -0.8092
   -0.884615
   -0.951515
    -1.00925
    -1.05727
     -1.0951
    -1.12239
    -1.13886
    -1.14438
    -1.13886
    -1.12239
     -1.0951
    -1.05727
    -1.00925
   -0.951515
   -0.884615
     -0.8092
   -0.725981
   -0.635781
   -0.539459
    -0.43793
    -0.33219
   -0.223256
   -0.112172
  0.00884586
   0.0176074
   0.0262001
   0.0345411
   0.0425501
     0.05015
   0.0572676
   0.0638343
   0.0697866
   0.0750674
   0.0796253
   0.0834167
   0.0864049
   0.0885611
   0.0898644
   0.0903023
   0.0898705
   0.0885733
   0.0864226
   0.0834396
   0.0796526
   0.0750983
   0.0698203
   0.0638695
   0.0573034
    0.050185
   0.0425827
   0.0345698
   0.0262237
   0.0176245
   0.0088551
   -0.109252
   -0.217444
   -0.323542
   -0.426529
   -0.525415
    -0.61923
   -0.707082
   -0.788134
   -0.861585
   -0.926744
   -0.982975
    -1.02974
    -1.06659
    -1.09317
    -1.10921
    -1.11458
    -1.10921
    -1.09317
    -1.06659
    -1.02974
   -0.982975
   -0.926744
   -0.861585
   -0.788134
   -0.707082
    -0.61923
   -0.525415
   -0.426529
   -0.323542
   -0.217444
   -0.109252
   0.0085888
   0.0170957
   0.0254385
   0.0335372
   0.0413134
   0.0486924
   0.0556029
   0.0619786
   0.0677579
   0.0728849
   0.0773103
   0.0809915
   0.0838927
    0.085986
   0.0872513
   0.0876763
   0.0872568
   0.0859971
    0.083909
   0.0810125
   0.0773357
   0.0729137
   0.0677892
   0.0620115
   0.0556361
   0.0487248
   0.0413436
    0.033564
   0.0254606
   0.0171116
  0.00859742
   -0.106369
   -0.211707
   -0.315005
   -0.415276
   -0.511553
   -0.602892
   -0.688426
    -0.76734
   -0.838853
   -0.902293
    -0.95704
    -1.00257
    -1.03845
    -1.06433
    -1.07995
    -1.08518
    -1.07995
    -1.06433
    -1.03845
    -1.00257
    -0.95704
   -0.902293
   -0.838853
    -0.76734
   -0.688426
   -0.602892
   -0.511553
   -0.415276
   -0.315005
   -0.211707
   -0.106369
  0.00833548
   0.0165914
   0.0246882
   0.0325478
   0.0400946
   0.0472558
   0.0539625
     0.06015
   0.0657586
   0.0707343
    0.075029
   0.0786013
   0.0814166
    0.083448
   0.0846758
   0.0850883
   0.0846812
   0.0834583
   0.0814318
   0.0786208
   0.0750523
   0.0707608
   0.0657875
   0.0601803
   0.0539933
   0.0472858
   0.0401226
   0.0325726
   0.0247086
   0.0166061
  0.00834345
   -0.103524
   -0.206045
   -0.306581
   -0.404169
   -0.497871
   -0.586768
   -0.670014
   -0.746817
   -0.816418
   -0.878161
   -0.931444
    -0.97576
    -1.01068
    -1.03587
    -1.05106
    -1.05615
    -1.05106
    -1.03587
    -1.01068
    -0.97576
   -0.931444
   -0.878161
   -0.816418
   -0.746817
   -0.670014
   -0.586768
   -0.497871
   -0.404169
   -0.306581
   -0.206045
   -0.103524
  0.00808587
   0.0160945
   0.0239487
   0.0315729
   0.0388937
   0.0458405
   0.0523461
   0.0583482
   0.0637887
   0.0686153
    0.072781
   0.0762461
    0.078977
   0.0809474
   0.0821383
   0.0825381
   0.0821432
    0.080957
   0.0789909
   0.0762641
   0.0728024
   0.0686395
   0.0638152
   0.0583761
   0.0523742
   0.0458679
   0.0389195
   0.0315959
   0.0239676
   0.0161082
  0.00809322
   -0.100717
   -0.200458
   -0.298267
    -0.39321
   -0.484371
   -0.570857
   -0.651846
   -0.726567
    -0.79428
   -0.854349
   -0.906187
   -0.949301
   -0.983271
    -1.00778
    -1.02256
    -1.02752
    -1.02256
    -1.00778
   -0.983271
   -0.949301
   -0.906187
   -0.854349
    -0.79428
   -0.726567
   -0.651846
   -0.570857
   -0.484371
    -0.39321
   -0.298267
   -0.200458
   -0.100717
  0.00783996
    0.015605
   0.0232205
   0.0306128
   0.0377109
   0.0444462
    0.050754
   0.0565733
   0.0618483
   0.0665276
   0.0705666
   0.0739262
   0.0765739
   0.0784841
   0.0796385
    0.080026
   0.0796428
   0.0784926
   0.0765864
   0.0739423
   0.0705861
   0.0665496
   0.0618722
   0.0565984
   0.0507795
   0.0444712
   0.0377342
   0.0306336
   0.0232376
   0.0156175
  0.00784669
  -0.0979476
   -0.194946
   -0.290066
   -0.382398
   -0.471052
    -0.55516
   -0.633922
   -0.706588
   -0.772439
   -0.830856
   -0.881269
   -0.923198
   -0.956234
   -0.980066
   -0.994445
   -0.999262
   -0.994445
   -0.980066
   -0.956234
   -0.923198
   -0.881269
   -0.830856
   -0.772439
   -0.706588
   -0.633922
    -0.55516
   -0.471052
   -0.382398
   -0.290066
   -0.194946
  -0.0979476
  0.00759785
   0.0151231
   0.0225032
   0.0296672
   0.0365459
   0.0430731
   0.0491858
   0.0548252
   0.0599367
   0.0644715
   0.0683856
   0.0716411
   0.0742067
   0.0760578
   0.0771764
   0.0775519
   0.0771803
   0.0760654
    0.074218
   0.0716558
    0.068403
   0.0644915
   0.0599584
   0.0548478
   0.0492088
   0.0430955
   0.0365669
   0.0296859
   0.0225187
   0.0151343
  0.00760395
  -0.0952158
   -0.189509
   -0.281976
   -0.371732
   -0.457914
   -0.539676
   -0.616241
   -0.686881
   -0.750896
   -0.807683
    -0.85669
    -0.89745
   -0.929564
   -0.952732
    -0.96671
   -0.971392
    -0.96671
   -0.952732
   -0.929564
    -0.89745
    -0.85669
   -0.807683
   -0.750896
   -0.686881
   -0.616241
   -0.539676
   -0.457914
   -0.371732
   -0.281976
   -0.189509
  -0.0952158
  0.00735939
   0.0146485
   0.0217969
   0.0287359
   0.0353986
   0.0417207
   0.0476414
   0.0531035
   0.0580547
   0.0624469
   0.0662377
   0.0693908
   0.0718757
   0.0736685
   0.0747518
   0.0751153
   0.0747555
   0.0736757
    0.071886
    0.069404
   0.0662537
   0.0624647
   0.0580742
   0.0531243
   0.0476623
   0.0417411
   0.0354176
   0.0287528
   0.0218109
   0.0146586
  0.00736488
  -0.0925217
   -0.184147
   -0.273997
   -0.361214
   -0.444958
   -0.524406
   -0.598805
   -0.667446
   -0.729649
    -0.78483
    -0.83245
   -0.872056
   -0.903262
   -0.925774
   -0.939357
   -0.943907
   -0.939357
   -0.925774
   -0.903262
   -0.872056
    -0.83245
    -0.78483
   -0.729649
   -0.667446
   -0.598805
   -0.524406
   -0.444958
   -0.361214
   -0.273997
   -0.184147
  -0.0925217
  0.00712461
   0.0141811
   0.0211015
   0.0278191
   0.0342691
   0.0403894
    0.046121
   0.0514088
   0.0562016
   0.0604534
   0.0641233
   0.0671757
   0.0695812
   0.0713166
   0.0723652
   0.0727168
   0.0723682
   0.0713226
   0.0695903
   0.0671875
   0.0641374
   0.0604697
   0.0562193
   0.0514272
   0.0461399
   0.0404077
   0.0342862
   0.0278342
    0.021114
   0.0141902
  0.00712956
  -0.0898653
    -0.17886
    -0.26613
   -0.350843
   -0.432182
    -0.50935
   -0.581612
   -0.648283
     -0.7087
   -0.762296
   -0.808549
   -0.847019
   -0.877328
   -0.899194
   -0.912387
   -0.916806
   -0.912387
   -0.899194
   -0.877328
   -0.847019
   -0.808549
   -0.762296
     -0.7087
   -0.648283
   -0.581612
    -0.50935
   -0.432182
   -0.350843
    -0.26613
    -0.17886
  -0.0898653
  0.00689357
   0.0137212
    0.020417
   0.0269165
   0.0331572
   0.0390789
   0.0446245
   0.0497406
   0.0543779
   0.0584917
   0.0620422
   0.0649953
   0.0673225
   0.0690015
   0.0700159
   0.0703562
    0.070019
   0.0690073
   0.0673308
   0.0650059
   0.0620551
   0.0585062
   0.0543937
   0.0497574
   0.0446414
   0.0390954
   0.0331727
   0.0269303
   0.0204283
   0.0137294
  0.00689802
  -0.0872465
   -0.173648
   -0.258375
   -0.340619
   -0.419588
   -0.494507
   -0.564664
   -0.629391
   -0.688048
   -0.740083
   -0.784988
   -0.822336
   -0.851762
   -0.872991
   -0.885799
   -0.890089
   -0.885799
   -0.872991
   -0.851762
   -0.822336
   -0.784988
   -0.740083
   -0.688048
   -0.629391
   -0.564664
   -0.494507
   -0.419588
   -0.340619
   -0.258375
   -0.173648
  -0.0872465
  0.00666616
   0.0132685
   0.0197434
   0.0260284
   0.0320631
   0.0377894
    0.043152
   0.0480991
   0.0525832
   0.0565611
   0.0599945
   0.0628501
   0.0651005
   0.0667239
   0.0677047
   0.0680335
   0.0677072
   0.0667288
   0.0651078
   0.0628599
    0.060006
   0.0565742
   0.0525977
   0.0481142
   0.0431673
   0.0378044
   0.0320771
   0.0260409
   0.0197536
   0.0132759
  0.00667016
  -0.0846655
    -0.16851
   -0.250731
   -0.330543
   -0.407175
   -0.479878
   -0.547959
   -0.610771
   -0.667693
   -0.718188
   -0.761765
   -0.798008
   -0.826564
   -0.847164
   -0.859594
   -0.863757
   -0.859594
   -0.847164
   -0.826564
   -0.798008
   -0.761765
   -0.718188
   -0.667693
   -0.610771
   -0.547959
   -0.479878
   -0.407175
   -0.330543
   -0.250731
    -0.16851
  -0.0846655
  0.00644243
   0.0128232
   0.0190807
   0.0251548
    0.030987
    0.036521
   0.0417035
   0.0464846
   0.0508182
   0.0546625
   0.0579803
   0.0607398
   0.0629145
   0.0644833
   0.0654312
    0.065749
   0.0654337
   0.0644883
   0.0629214
   0.0607485
   0.0579906
   0.0546743
   0.0508312
   0.0464982
   0.0417173
   0.0365345
   0.0309997
    0.025166
     0.01909
   0.0128299
  0.00644606
  -0.0821221
   -0.163448
   -0.243199
   -0.320613
   -0.394943
   -0.465462
   -0.531498
   -0.592423
   -0.647635
   -0.696613
   -0.738881
   -0.774035
   -0.801733
   -0.821715
   -0.833771
   -0.837809
   -0.833771
   -0.821715
   -0.801733
   -0.774035
   -0.738881
   -0.696613
   -0.647635
   -0.592423
   -0.531498
   -0.465462
   -0.394943
   -0.320613
   -0.243199
   -0.163448
  -0.0821221
  0.00622247
   0.0123853
   0.0184292
   0.0242959
   0.0299288
   0.0352738
   0.0402793
    0.044897
   0.0490825
   0.0527953
   0.0559999
   0.0586652
   0.0607656
   0.0622807
   0.0631961
   0.0635029
    0.063198
   0.0622846
   0.0607713
   0.0586728
   0.0560094
   0.0528061
   0.0490942
   0.0449092
   0.0402917
   0.0352859
   0.0299402
    0.024306
   0.0184375
   0.0123914
  0.00622577
  -0.0796164
   -0.158461
   -0.235779
    -0.31083
   -0.382893
    -0.45126
   -0.515281
   -0.574347
   -0.627874
   -0.675358
   -0.716336
   -0.750418
   -0.777271
   -0.796643
   -0.808331
   -0.812246
   -0.808331
   -0.796643
   -0.777271
   -0.750418
   -0.716336
   -0.675358
   -0.627874
   -0.574347
   -0.515281
    -0.45126
   -0.382893
    -0.31083
   -0.235779
   -0.158461
  -0.0796164
  0.00600625
   0.0119549
   0.0177887
   0.0234515
   0.0288886
   0.0340478
   0.0388792
   0.0433363
   0.0473762
   0.0509597
   0.0540528
   0.0566253
   0.0586525
   0.0601149
   0.0609984
   0.0612945
   0.0610003
   0.0601187
   0.0586581
   0.0566328
   0.0540615
   0.0509695
   0.0473867
   0.0433474
   0.0388903
   0.0340587
   0.0288988
   0.0234606
   0.0177963
   0.0119604
   0.0060092
  -0.0771483
   -0.153549
    -0.22847
   -0.301195
   -0.371024
   -0.437271
   -0.499308
   -0.556543
   -0.608411
   -0.654423
    -0.69413
   -0.727156
   -0.753176
   -0.771948
   -0.783274
   -0.787067
   -0.783274
   -0.771948
   -0.753176
   -0.727156
    -0.69413
   -0.654423
   -0.608411
   -0.556543
   -0.499308
   -0.437271
   -0.371024
   -0.301195
    -0.22847
   -0.153549
  -0.0771483
  0.00579377
    0.011532
   0.0171594
   0.0226217
   0.0278664
   0.0328429
   0.0375033
   0.0418026
   0.0456994
   0.0491563
   0.0521397
    0.054621
   0.0565764
    0.057987
   0.0588392
   0.0591248
   0.0588411
   0.0579908
   0.0565818
   0.0546276
   0.0521474
   0.0491651
    0.045709
   0.0418125
   0.0375134
   0.0328527
   0.0278755
   0.0226298
   0.0171661
   0.0115368
  0.00579639
   -0.074718
   -0.148712
   -0.221273
   -0.291707
   -0.359335
   -0.423496
   -0.483578
   -0.539011
   -0.589244
   -0.633807
   -0.672264
   -0.704249
   -0.729449
   -0.747629
   -0.758599
   -0.762273
   -0.758599
   -0.747629
   -0.729449
   -0.704249
   -0.672264
   -0.633807
   -0.589244
   -0.539011
   -0.483578
   -0.423496
   -0.359335
   -0.291707
   -0.221273
   -0.148712
   -0.074718
  0.00558501
   0.0111165
    0.016541
   0.0218065
   0.0268622
   0.0316593
   0.0361516
    0.040296
   0.0440524
   0.0473846
   0.0502607
   0.0526526
   0.0545374
   0.0558971
   0.0567186
   0.0569937
     0.05672
   0.0558999
   0.0545416
    0.052658
   0.0502673
   0.0473925
   0.0440609
   0.0403049
   0.0361607
    0.031668
   0.0268704
   0.0218138
    0.016547
   0.0111208
  0.00558738
  -0.0723253
    -0.14395
   -0.214187
   -0.282365
   -0.347828
   -0.409934
   -0.468093
    -0.52175
   -0.570375
   -0.613511
   -0.650736
   -0.681697
    -0.70609
   -0.723688
   -0.734306
   -0.737863
   -0.734306
   -0.723688
    -0.70609
   -0.681697
   -0.650736
   -0.613511
   -0.570375
    -0.52175
   -0.468093
   -0.409934
   -0.347828
   -0.282365
   -0.214187
    -0.14395
  -0.0723253
  0.00537999
   0.0107084
   0.0159339
    0.021006
    0.025876
    0.030497
   0.0348244
   0.0388165
    0.042435
   0.0456448
    0.048415
   0.0507189
   0.0525345
   0.0538442
   0.0546353
   0.0549004
   0.0546367
   0.0538468
   0.0525385
   0.0507242
   0.0484212
   0.0456517
   0.0424425
   0.0388244
   0.0348323
   0.0305048
   0.0258834
   0.0210125
   0.0159392
   0.0107123
  0.00538209
  -0.0699703
   -0.139262
   -0.207213
   -0.273171
   -0.336503
   -0.396586
   -0.452851
   -0.504761
   -0.551803
   -0.593534
   -0.629547
     -0.6595
   -0.683099
   -0.700124
   -0.710396
   -0.713837
   -0.710396
   -0.700124
   -0.683099
     -0.6595
   -0.629547
   -0.593534
   -0.551803
   -0.504761
   -0.452851
   -0.396586
   -0.336503
   -0.273171
   -0.207213
   -0.139262
  -0.0699703
  0.00517874
   0.0103078
   0.0153377
   0.0202201
   0.0249079
    0.029356
   0.0335215
   0.0373643
   0.0408473
   0.0439368
   0.0466033
    0.048821
   0.0505685
   0.0518291
   0.0525906
   0.0528458
    0.052592
   0.0518318
   0.0505725
   0.0488257
   0.0466087
    0.043943
   0.0408537
    0.037371
   0.0335284
   0.0293629
   0.0249144
   0.0202258
   0.0153424
   0.0103112
  0.00518058
   -0.067653
    -0.13465
    -0.20035
   -0.264124
   -0.325358
   -0.383452
   -0.437853
   -0.488044
   -0.533528
   -0.573877
   -0.608697
   -0.637658
   -0.660476
   -0.676937
   -0.686869
   -0.690196
   -0.686869
   -0.676937
   -0.660476
   -0.637658
   -0.608697
   -0.573877
   -0.533528
   -0.488044
   -0.437853
   -0.383452
   -0.325358
   -0.264124
    -0.20035
    -0.13465
   -0.067653
  0.00498121
  0.00991461
   0.0147527
   0.0194489
    0.023958
   0.0282364
   0.0322429
    0.035939
   0.0392891
   0.0422609
   0.0448257
   0.0469589
   0.0486397
   0.0498522
   0.0505845
   0.0508299
   0.0505858
   0.0498542
   0.0486426
   0.0469626
   0.0448302
    0.042266
   0.0392946
   0.0359449
   0.0322489
   0.0282422
   0.0239635
   0.0194539
   0.0147568
  0.00991766
  0.00498285
  -0.0653734
   -0.130113
   -0.193599
   -0.255224
   -0.314395
   -0.370531
   -0.423099
   -0.471599
    -0.51555
    -0.55454
   -0.588187
   -0.616172
   -0.638221
   -0.654127
   -0.663724
   -0.666939
   -0.663724
   -0.654127
   -0.638221
   -0.616172
   -0.588187
    -0.55454
    -0.51555
   -0.471599
   -0.423099
   -0.370531
   -0.314395
   -0.255224
   -0.193599
   -0.130113
  -0.0653734
  0.00478747
  0.00952901
   0.0141789
   0.0186924
    0.023026
   0.0271379
   0.0309887
    0.034541
   0.0377606
   0.0406167
   0.0430817
   0.0451317
   0.0467472
   0.0479124
   0.0486163
    0.048852
   0.0486172
   0.0479142
   0.0467497
   0.0451349
   0.0430854
   0.0406209
   0.0377654
   0.0345458
   0.0309936
   0.0271428
   0.0230307
   0.0186966
   0.0141824
  0.00953154
  0.00478886
  -0.0631314
   -0.125651
    -0.18696
   -0.246471
   -0.303613
   -0.357824
   -0.408589
   -0.455426
    -0.49787
   -0.535522
   -0.568015
    -0.59504
   -0.616333
   -0.631694
   -0.640962
   -0.644067
   -0.640962
   -0.631694
   -0.616333
    -0.59504
   -0.568015
   -0.535522
    -0.49787
   -0.455426
   -0.408589
   -0.357824
   -0.303613
   -0.246471
    -0.18696
   -0.125651
  -0.0631314
  0.00459751
  0.00915087
   0.0136162
   0.0179506
   0.0221121
   0.0260608
   0.0297586
   0.0331699
   0.0362618
   0.0390045
   0.0413716
   0.0433403
   0.0448915
   0.0460104
   0.0466862
   0.0469124
   0.0466868
   0.0460116
   0.0448933
   0.0433426
   0.0413746
   0.0390079
   0.0362655
   0.0331738
   0.0297626
   0.0260649
    0.022116
    0.017954
   0.0136191
  0.00915294
  0.00459864
  -0.0609271
   -0.121264
   -0.180432
   -0.237866
   -0.293012
    -0.34533
   -0.394323
   -0.439524
   -0.480486
   -0.516824
   -0.548182
   -0.574264
   -0.594813
   -0.609638
   -0.618582
   -0.621579
   -0.618582
   -0.609638
   -0.594813
   -0.574264
   -0.548182
   -0.516824
   -0.480486
   -0.439524
   -0.394323
    -0.34533
   -0.293012
   -0.237866
   -0.180432
   -0.121264
  -0.0609271
  0.00441129
  0.00878023
   0.0130647
   0.0172234
   0.0212164
   0.0250051
    0.028553
    0.031826
   0.0347925
    0.037424
   0.0396951
   0.0415839
   0.0430722
   0.0441458
   0.0447942
   0.0450112
   0.0447948
   0.0441469
   0.0430738
   0.0415858
   0.0396973
   0.0374266
   0.0347953
   0.0318291
   0.0285563
   0.0250083
   0.0212193
   0.0172261
   0.0130669
  0.00878185
  0.00441218
  -0.0587605
   -0.116952
   -0.174016
   -0.229407
   -0.282592
    -0.33305
   -0.380301
   -0.423895
     -0.4634
   -0.498445
   -0.528689
   -0.553843
   -0.573662
   -0.587959
   -0.596585
   -0.599475
   -0.596585
   -0.587959
   -0.573662
   -0.553843
   -0.528689
   -0.498445
     -0.4634
   -0.423895
   -0.380301
    -0.33305
   -0.282592
   -0.229407
   -0.174016
   -0.116952
  -0.0587605
  0.00422884
  0.00841704
   0.0125243
   0.0165109
   0.0203387
   0.0239706
   0.0273717
   0.0305092
    0.033353
   0.0358755
   0.0380526
   0.0398632
   0.0412898
   0.0423188
   0.0429403
   0.0431482
   0.0429406
   0.0423195
   0.0412907
   0.0398644
   0.0380541
   0.0358774
    0.033355
   0.0305114
   0.0273739
   0.0239728
   0.0203407
   0.0165127
   0.0125258
  0.00841816
  0.00422945
  -0.0566316
   -0.112714
   -0.167711
   -0.221096
   -0.272354
   -0.320984
   -0.366522
   -0.408537
   -0.446611
   -0.480386
   -0.509534
   -0.533777
   -0.552878
   -0.566657
   -0.574971
   -0.577756
   -0.574971
   -0.566657
   -0.552878
   -0.533777
   -0.509534
   -0.480386
   -0.446611
   -0.408537
   -0.366522
   -0.320984
   -0.272354
   -0.221096
   -0.167711
   -0.112714
  -0.0566316
  0.00405012
  0.00806133
   0.0119949
   0.0158131
    0.019479
   0.0229573
   0.0262145
   0.0292193
   0.0319428
   0.0343586
   0.0364435
   0.0381775
   0.0395438
   0.0405293
   0.0411245
   0.0413236
   0.0411248
   0.0405298
   0.0395445
   0.0381783
   0.0364444
   0.0343596
   0.0319438
   0.0292205
   0.0262157
   0.0229585
   0.0194801
   0.0158141
   0.0119958
  0.00806199
  0.00405051
  -0.0545404
   -0.108552
   -0.161518
   -0.212931
   -0.262297
   -0.309131
   -0.352988
   -0.393451
   -0.430119
   -0.462647
   -0.490719
   -0.514066
   -0.532461
   -0.545732
   -0.553739
   -0.556421
   -0.553739
   -0.545732
   -0.532461
   -0.514066
   -0.490719
   -0.462647
   -0.430119
   -0.393451
   -0.352988
   -0.309131
   -0.262297
   -0.212931
   -0.161518
   -0.108552
  -0.0545404
  0.00387514
  0.00771301
   0.0114766
   0.0151298
   0.0186372
   0.0219653
   0.0250817
   0.0279566
   0.0305622
   0.0328736
   0.0348683
   0.0365273
   0.0378344
   0.0387772
   0.0393465
   0.0395369
   0.0393466
   0.0387773
   0.0378345
   0.0365274
   0.0348685
   0.0328738
   0.0305626
    0.027957
   0.0250821
   0.0219658
   0.0186378
   0.0151303
   0.0114771
  0.00771334
  0.00387532
  -0.0524868
   -0.104465
   -0.155436
   -0.204914
   -0.252421
   -0.297491
   -0.339697
   -0.378637
   -0.413924
   -0.445228
   -0.472242
   -0.494711
   -0.512413
   -0.525184
    -0.53289
   -0.535471
    -0.53289
   -0.525184
   -0.512413
   -0.494711
   -0.472242
   -0.445228
   -0.413924
   -0.378637
   -0.339697
   -0.297491
   -0.252421
   -0.204914
   -0.155436
   -0.104465
  -0.0524868
  0.00370389
  0.00737213
   0.0109694
    0.014461
   0.0178133
   0.0209941
   0.0239727
   0.0267205
   0.0292109
   0.0314201
   0.0333266
   0.0349122
   0.0361616
   0.0370627
   0.0376068
   0.0377888
   0.0376069
   0.0370627
   0.0361617
   0.0349123
   0.0333267
   0.0314202
    0.029211
   0.0267205
   0.0239727
   0.0209941
   0.0178133
   0.0144609
   0.0109693
  0.00737206
  0.00370385
  -0.0504709
   -0.100453
   -0.149466
   -0.197044
   -0.242726
   -0.286066
    -0.32665
   -0.364094
   -0.398026
   -0.428128
   -0.454105
    -0.47571
   -0.492733
   -0.505013
   -0.512423
   -0.514905
   -0.512423
   -0.505013
   -0.492733
    -0.47571
   -0.454105
   -0.428128
   -0.398026
   -0.364094
    -0.32665
   -0.286066
   -0.242726
   -0.197044
   -0.149466
   -0.100453
  -0.0504709
  0.00353635
  0.00703866
   0.0104732
   0.0138068
   0.0170076
   0.0200445
   0.0228883
   0.0255118
   0.0278896
   0.0299987
   0.0318188
   0.0333325
   0.0345252
   0.0353854
   0.0359049
   0.0360785
   0.0359047
   0.0353851
   0.0345247
   0.0333319
    0.031818
   0.0299978
   0.0278886
   0.0255109
   0.0228876
   0.0200437
   0.0170068
   0.0138062
   0.0104726
  0.00703824
  0.00353614
  -0.0484928
  -0.0965155
   -0.143608
   -0.189321
   -0.233212
   -0.274853
   -0.313847
   -0.349824
   -0.382426
   -0.411347
   -0.436306
   -0.457065
    -0.47342
   -0.485219
   -0.492338
   -0.494723
   -0.492338
   -0.485219
    -0.47342
   -0.457065
   -0.436306
   -0.411347
   -0.382426
   -0.349824
   -0.313847
   -0.274853
   -0.233212
   -0.189321
   -0.143608
  -0.0965155
  -0.0484928
   0.0033726
  0.00671272
  0.00998816
   0.0131674
   0.0162198
   0.0191159
    0.021828
   0.0243297
   0.0265971
   0.0286084
   0.0303442
   0.0317878
   0.0329252
   0.0337456
    0.034241
   0.0344066
   0.0342408
   0.0337453
   0.0329247
   0.0317871
   0.0303433
   0.0286074
   0.0265959
   0.0243283
   0.0218264
   0.0191145
   0.0162184
   0.0131661
   0.0099871
  0.00671197
   0.0033722
  -0.0465522
  -0.0926533
   -0.137861
   -0.181745
    -0.22388
   -0.263855
   -0.301288
   -0.335825
   -0.367122
   -0.394887
   -0.418847
   -0.438774
   -0.454476
   -0.465803
   -0.472637
   -0.474926
   -0.472637
   -0.465803
   -0.454476
   -0.438774
   -0.418847
   -0.394887
   -0.367122
   -0.335825
   -0.301288
   -0.263855
    -0.22388
   -0.181745
   -0.137861
  -0.0926533
  -0.0465522
  0.00321253
  0.00639411
  0.00951408
   0.0125424
   0.0154499
   0.0182085
   0.0207917
   0.0231747
   0.0253344
   0.0272503
   0.0289037
   0.0302788
   0.0313621
   0.0321434
   0.0326151
   0.0327727
   0.0326147
   0.0321426
    0.031361
   0.0302774
   0.0289022
   0.0272486
   0.0253326
   0.0231727
   0.0207896
   0.0182063
   0.0154479
   0.0125406
  0.00951262
  0.00639306
  0.00321197
  -0.0446494
  -0.0888661
   -0.132226
   -0.174316
   -0.214729
   -0.253069
   -0.288973
   -0.322098
   -0.352116
   -0.378746
   -0.401726
    -0.42084
   -0.435899
   -0.446763
   -0.453318
   -0.455513
   -0.453318
   -0.446763
   -0.435899
    -0.42084
   -0.401726
   -0.378746
   -0.352116
   -0.322098
   -0.288973
   -0.253069
   -0.214729
   -0.174316
   -0.132226
  -0.0888661
  -0.0446494
  0.00305622
  0.00608298
  0.00905108
    0.011932
   0.0146979
   0.0173223
   0.0197798
   0.0220468
   0.0241014
   0.0259238
   0.0274965
   0.0288044
   0.0298349
    0.030578
   0.0310267
   0.0311766
   0.0310263
   0.0305772
   0.0298336
   0.0288028
   0.0274945
   0.0259215
   0.0240988
   0.0220441
   0.0197771
   0.0173197
   0.0146954
   0.0119298
  0.00904927
  0.00608164
  0.00305551
  -0.0427842
  -0.0851538
   -0.126703
   -0.167034
   -0.205759
   -0.242498
   -0.276902
   -0.308643
   -0.337407
   -0.362924
   -0.384945
    -0.40326
    -0.41769
     -0.4281
   -0.434381
   -0.436485
   -0.434381
     -0.4281
    -0.41769
    -0.40326
   -0.384945
   -0.362924
   -0.337407
   -0.308643
   -0.276902
   -0.242498
   -0.205759
   -0.167034
   -0.126703
  -0.0851538
  -0.0427842
  0.00290362
  0.00577923
  0.00859914
   0.0113362
    0.013964
   0.0164573
    0.018792
   0.0209457
   0.0228976
   0.0246289
    0.026123
   0.0273655
   0.0283445
   0.0290505
   0.0294768
   0.0296192
   0.0294764
   0.0290497
   0.0283432
   0.0273638
   0.0261209
   0.0246265
   0.0228948
   0.0209426
   0.0187889
   0.0164542
   0.0139611
   0.0113337
  0.00859705
  0.00577772
  0.00290281
  -0.0409568
  -0.0815166
   -0.121291
   -0.159899
    -0.19697
    -0.23214
   -0.265074
   -0.295459
   -0.322995
   -0.347422
   -0.368502
   -0.386035
   -0.399849
   -0.409814
   -0.415827
   -0.417841
   -0.415827
   -0.409814
   -0.399849
   -0.386035
   -0.368502
   -0.347422
   -0.322995
   -0.295459
   -0.265074
    -0.23214
    -0.19697
   -0.159899
   -0.121291
  -0.0815166
  -0.0409568
  0.00275477
  0.00548296
  0.00815828
    0.010755
    0.013248
   0.0156134
   0.0178284
   0.0198716
   0.0217235
    0.023366
   0.0247834
   0.0259622
    0.026891
   0.0275609
   0.0279654
   0.0281005
    0.027965
     0.02756
   0.0268896
   0.0259602
    0.024781
   0.0233631
   0.0217203
   0.0198683
   0.0178249
   0.0156101
   0.0132449
   0.0107521
  0.00815592
  0.00548125
  0.00275385
   -0.039167
  -0.0779543
    -0.11599
   -0.152912
   -0.188363
   -0.221995
    -0.25349
   -0.282548
    -0.30888
    -0.33224
   -0.352399
   -0.369165
   -0.382375
   -0.391905
   -0.397655
   -0.399581
   -0.397655
   -0.391905
   -0.382375
   -0.369165
   -0.352399
    -0.33224
    -0.30888
   -0.282548
    -0.25349
   -0.221995
   -0.188363
   -0.152912
    -0.11599
  -0.0779543
   -0.039167
  0.00260965
   0.0051941
  0.00772847
   0.0101884
   0.0125501
   0.0147908
    0.016889
   0.0188247
   0.0205788
   0.0221348
   0.0234777
   0.0245944
   0.0254744
   0.0261088
   0.0264918
   0.0266196
   0.0264911
   0.0261075
   0.0254724
    0.024592
   0.0234748
   0.0221315
   0.0205753
   0.0188209
   0.0168852
   0.0147871
   0.0125466
   0.0101852
  0.00772592
  0.00519226
  0.00260866
  -0.0374149
  -0.0744671
   -0.110802
   -0.146071
   -0.179936
   -0.212065
   -0.242151
   -0.269908
   -0.295063
   -0.317377
   -0.336634
   -0.352651
    -0.36527
   -0.374374
   -0.379867
   -0.381706
   -0.379867
   -0.374374
    -0.36527
   -0.352651
   -0.336634
   -0.317377
   -0.295063
   -0.269908
   -0.242151
   -0.212065
   -0.179936
   -0.146071
   -0.110802
  -0.0744671
  -0.0374149
  0.00246825
  0.00491266
   0.0073097
  0.00963629
     0.01187
   0.0139893
   0.0159739
   0.0178046
   0.0194637
   0.0209354
   0.0222054
   0.0232615
   0.0240936
   0.0246936
   0.0250558
   0.0251767
   0.0250551
   0.0246922
   0.0240916
    0.023259
   0.0222024
   0.0209319
     0.01946
   0.0178007
   0.0159699
   0.0139855
   0.0118664
   0.0096331
  0.00730708
  0.00491078
  0.00246724
  -0.0357004
  -0.0710548
   -0.105725
   -0.139378
   -0.171691
   -0.202347
   -0.231055
   -0.257541
   -0.281542
   -0.302834
   -0.321209
   -0.336492
   -0.348533
   -0.357219
    -0.36246
   -0.364216
    -0.36246
   -0.357219
   -0.348533
   -0.336492
   -0.321209
   -0.302834
   -0.281542
   -0.257541
   -0.231055
   -0.202347
   -0.171691
   -0.139378
   -0.105725
  -0.0710548
  -0.0357004
  0.00233061
  0.00463871
  0.00690208
  0.00909893
   0.0112081
   0.0132092
   0.0150831
   0.0168116
   0.0183782
   0.0197678
   0.0209669
    0.021964
   0.0227496
   0.0233161
   0.0236581
   0.0237722
   0.0236574
   0.0233148
   0.0227477
   0.0219615
   0.0209639
   0.0197643
   0.0183744
   0.0168077
    0.015079
   0.0132053
   0.0112044
  0.00909566
  0.00689941
  0.00463679
  0.00232958
  -0.0340237
  -0.0677176
   -0.100759
   -0.132832
   -0.163627
   -0.192844
   -0.220203
   -0.245445
   -0.268319
   -0.288611
   -0.306123
   -0.320687
   -0.332163
   -0.340441
   -0.345436
   -0.347109
   -0.345436
   -0.340441
   -0.332163
   -0.320687
   -0.306123
   -0.288611
   -0.268319
   -0.245445
   -0.220203
   -0.192844
   -0.163627
   -0.132832
   -0.100759
  -0.0677176
  -0.0340237
  0.00219673
  0.00437224
  0.00650558
  0.00857623
   0.0105642
   0.0124504
   0.0142166
   0.0158458
   0.0173223
   0.0186321
   0.0197622
    0.020702
   0.0214425
   0.0219764
   0.0222987
   0.0224063
   0.0222981
   0.0219752
   0.0214406
   0.0206996
   0.0197592
   0.0186285
   0.0173185
   0.0158418
   0.0142125
   0.0124464
   0.0105605
  0.00857292
  0.00650288
   0.0043703
  0.00219569
  -0.0323846
  -0.0644553
  -0.0959049
   -0.126433
   -0.155745
   -0.183553
   -0.209595
    -0.23362
   -0.255393
   -0.274707
   -0.291375
   -0.305238
   -0.316161
   -0.324041
   -0.328795
   -0.330388
   -0.328795
   -0.324041
   -0.316161
   -0.305238
   -0.291375
   -0.274707
   -0.255393
    -0.23362
   -0.209595
   -0.183553
   -0.155745
   -0.126433
  -0.0959049
  -0.0644553
  -0.0323846
  0.00206661
  0.00411325
  0.00612022
  0.00806818
   0.0099384
   0.0117128
   0.0133744
    0.014907
   0.0162961
   0.0175283
   0.0185915
   0.0194756
   0.0201721
   0.0206745
   0.0209777
   0.0210789
   0.0209769
   0.0206731
   0.0201702
   0.0194731
   0.0185884
   0.0175247
   0.0162922
    0.014903
   0.0133703
   0.0117088
  0.00993464
  0.00806487
  0.00611751
   0.0041113
  0.00206556
  -0.0307832
   -0.061268
  -0.0911625
   -0.120181
   -0.148043
   -0.174477
    -0.19923
   -0.222068
   -0.242764
   -0.261123
   -0.276967
   -0.290145
   -0.300527
   -0.308017
   -0.312536
    -0.31405
   -0.312536
   -0.308017
   -0.300527
   -0.290145
   -0.276967
   -0.261123
   -0.242764
   -0.222068
    -0.19923
   -0.174477
   -0.148043
   -0.120181
  -0.0911625
   -0.061268
  -0.0307832
  0.00194024
  0.00386174
  0.00574598
  0.00757482
  0.00933066
   0.0109966
   0.0125565
   0.0139954
   0.0152996
   0.0164564
   0.0174545
   0.0182846
   0.0189385
   0.0194101
   0.0196948
   0.0197897
    0.019694
   0.0194086
   0.0189365
    0.018282
   0.0174514
   0.0164527
   0.0152956
   0.0139914
   0.0125524
   0.0109925
   0.0093269
   0.0075715
  0.00574327
  0.00385978
  0.00193919
  -0.0292195
  -0.0581558
  -0.0865316
   -0.114076
   -0.140523
   -0.165614
    -0.18911
   -0.210787
   -0.230432
   -0.247859
   -0.262898
   -0.275406
   -0.285261
   -0.292371
    -0.29666
   -0.298097
    -0.29666
   -0.292371
   -0.285261
   -0.275406
   -0.262898
   -0.247859
   -0.230432
   -0.210787
    -0.18911
   -0.165614
   -0.140523
   -0.114076
  -0.0865316
  -0.0581558
  -0.0292195
  0.00181766
  0.00361772
  0.00538286
  0.00709612
    0.008741
   0.0103016
    0.011763
    0.013111
   0.0143326
   0.0154163
   0.0163514
    0.017129
   0.0177416
   0.0181833
     0.01845
   0.0185389
   0.0184492
   0.0181818
   0.0177395
   0.0171263
   0.0163482
   0.0154126
   0.0143287
   0.0131069
   0.0117588
   0.0102976
  0.00873726
  0.00709283
  0.00538017
  0.00361575
  0.00181659
  -0.0276934
  -0.0551185
  -0.0820123
   -0.108118
   -0.133184
   -0.156964
   -0.179233
   -0.199779
   -0.218397
   -0.234914
   -0.249167
   -0.261022
   -0.270363
   -0.277101
   -0.281167
   -0.282528
   -0.281167
   -0.277101
   -0.270363
   -0.261022
   -0.249167
   -0.234914
   -0.218397
   -0.199779
   -0.179233
   -0.156964
   -0.133184
   -0.108118
  -0.0820123
  -0.0551185
  -0.0276934
  0.00169883
   0.0033812
  0.00503093
  0.00663212
  0.00816943
    0.009628
   0.0109938
   0.0122536
   0.0133954
   0.0144082
    0.015282
   0.0160087
   0.0165813
   0.0169942
   0.0172433
   0.0173264
   0.0172425
   0.0169926
   0.0165792
   0.0160061
   0.0152789
   0.0144045
   0.0133914
   0.0122495
   0.0109896
  0.00962401
  0.00816572
  0.00662885
  0.00502822
  0.00337922
  0.00169776
  -0.0262051
  -0.0521562
  -0.0776047
   -0.102307
   -0.126026
   -0.148528
     -0.1696
   -0.189042
    -0.20666
   -0.222289
   -0.235776
   -0.246994
   -0.255832
   -0.262209
   -0.266056
   -0.267344
   -0.266056
   -0.262209
   -0.255832
   -0.246994
   -0.235776
   -0.222289
    -0.20666
   -0.189042
     -0.1696
   -0.148528
   -0.126026
   -0.102307
  -0.0776047
  -0.0521562
  -0.0262051
  0.00158374
  0.00315214
  0.00469009
   0.0061828
  0.00761593
  0.00897567
   0.0102489
   0.0114234
   0.0124878
   0.0134319
   0.0142465
   0.0149239
   0.0154577
   0.0158425
   0.0160748
   0.0161522
    0.016074
   0.0158411
   0.0154556
   0.0149214
   0.0142434
   0.0134282
   0.0124839
   0.0114193
   0.0102448
  0.00897173
  0.00761229
  0.00617957
  0.00468743
  0.00315019
  0.00158269
  -0.0247544
  -0.0492689
  -0.0733086
  -0.0966437
   -0.119049
   -0.140306
   -0.160212
   -0.178577
   -0.195219
   -0.209983
   -0.222724
   -0.233321
    -0.24167
   -0.247693
   -0.251327
   -0.252544
   -0.251327
   -0.247693
    -0.24167
   -0.233321
   -0.222724
   -0.209983
   -0.195219
   -0.178577
   -0.160212
   -0.140306
   -0.119049
  -0.0966437
  -0.0733086
  -0.0492689
  -0.0247544
  0.00147241
  0.00293055
  0.00436039
  0.00574815
  0.00708052
  0.00834465
  0.00952834
   0.0106202
   0.0116098
   0.0124875
   0.0132449
   0.0138746
   0.0143708
   0.0147285
   0.0149444
   0.0150164
   0.0149438
   0.0147273
   0.0143689
   0.0138721
   0.0132418
    0.012484
    0.011606
   0.0106163
  0.00952439
   0.0083408
  0.00707697
    0.005745
  0.00435778
  0.00292866
  0.00147139
  -0.0233414
  -0.0464566
  -0.0691241
  -0.0911272
   -0.112254
   -0.132297
   -0.151067
   -0.168383
   -0.184076
   -0.197997
   -0.210011
   -0.220003
   -0.227875
   -0.233555
   -0.236981
   -0.238129
   -0.236981
   -0.233555
   -0.227875
   -0.220003
   -0.210011
   -0.197997
   -0.184076
   -0.168383
   -0.151067
   -0.132297
   -0.112254
  -0.0911272
  -0.0691241
  -0.0464566
  -0.0233414
  0.00136484
  0.00271646
  0.00404183
  0.00532821
  0.00656322
  0.00773498
  0.00883216
  0.00984422
   0.0107615
    0.011575
   0.0122771
   0.0128609
   0.0133208
   0.0136524
   0.0138525
   0.0139192
   0.0138519
   0.0136511
   0.0133189
   0.0128584
   0.0122742
   0.0115717
   0.0107579
  0.00984051
  0.00882841
  0.00773131
   0.0065598
  0.00532519
  0.00403935
  0.00271465
  0.00136386
  -0.0219661
  -0.0437193
  -0.0650512
  -0.0857578
    -0.10564
   -0.124502
   -0.142166
   -0.158462
    -0.17323
   -0.186331
   -0.197637
    -0.20704
   -0.214448
   -0.219793
   -0.223018
   -0.224098
   -0.223018
   -0.219793
   -0.214448
    -0.20704
   -0.197637
   -0.186331
    -0.17323
   -0.158462
   -0.142166
   -0.124502
    -0.10564
  -0.0857578
  -0.0650512
  -0.0437193
  -0.0219661
  0.00126103
  0.00250985
  0.00373443
  0.00492298
  0.00606404
  0.00714667
  0.00816037
  0.00909548
  0.00994293
   0.0106946
   0.0113432
   0.0118826
   0.0123076
    0.012614
   0.0127989
   0.0128605
   0.0127982
   0.0126127
   0.0123058
   0.0118803
   0.0113405
   0.0106915
  0.00993961
  0.00909202
  0.00815688
  0.00714326
  0.00606085
  0.00492015
  0.00373211
  0.00250816
  0.00126012
  -0.0206285
   -0.041057
  -0.0610898
  -0.0805356
  -0.0992068
   -0.116921
   -0.133508
   -0.148812
   -0.162681
   -0.174984
   -0.185601
   -0.194432
   -0.201389
   -0.206409
   -0.209437
   -0.210451
   -0.209437
   -0.206409
   -0.201389
   -0.194432
   -0.185601
   -0.174984
   -0.162681
   -0.148812
   -0.133508
   -0.116921
  -0.0992068
  -0.0805356
  -0.0610898
   -0.041057
  -0.0206285
  0.00116101
  0.00231077
   0.0034382
  0.00453245
  0.00558301
  0.00657973
  0.00751307
  0.00837398
   0.0091542
  0.00984622
   0.0104434
     0.01094
   0.0113312
   0.0116133
   0.0117835
   0.0118402
    0.011783
   0.0116122
   0.0113296
   0.0109379
    0.010441
  0.00984342
  0.00915117
  0.00837079
  0.00750985
   0.0065766
  0.00558009
  0.00452986
  0.00343605
  0.00230921
  0.00116017
  -0.0193285
  -0.0384697
  -0.0572401
  -0.0754604
   -0.092955
   -0.109552
   -0.125095
   -0.139435
   -0.152429
   -0.163957
   -0.173905
   -0.182179
   -0.188698
   -0.193401
   -0.196239
   -0.197189
   -0.196239
   -0.193401
   -0.188698
   -0.182179
   -0.173905
   -0.163957
   -0.152429
   -0.139435
   -0.125095
   -0.109552
   -0.092955
  -0.0754604
  -0.0572401
  -0.0384697
  -0.0193285
  0.00106476
  0.00211919
  0.00315316
  0.00415672
  0.00512017
  0.00603428
  0.00689023
  0.00767977
  0.00839531
  0.00902999
  0.00957765
   0.0100331
   0.0103918
   0.0106506
   0.0108067
   0.0108587
   0.0108061
   0.0106496
   0.0103904
   0.0100312
  0.00957541
  0.00902745
  0.00839255
  0.00767689
  0.00688731
  0.00603142
   0.0051175
  0.00415435
  0.00315122
  0.00211778
  0.00106399
  -0.0180662
  -0.0359573
   -0.053502
  -0.0705323
  -0.0868845
   -0.102398
   -0.116925
   -0.130329
   -0.142475
    -0.15325
   -0.162548
   -0.170282
   -0.176375
   -0.180771
   -0.183423
   -0.184312
   -0.183423
   -0.180771
   -0.176375
   -0.170282
   -0.162548
    -0.15325
   -0.142475
   -0.130329
   -0.116925
   -0.102398
  -0.0868845
  -0.0705323
   -0.053502
  -0.0359573
  -0.0180662
   0.0009723
  0.00193517
  0.00287935
  0.00379574
  0.00467554
  0.00551027
   0.0062919
  0.00701288
   0.0076663
  0.00824584
  0.00874596
  0.00916185
  0.00948949
  0.00972573
  0.00986829
  0.00991581
  0.00986783
  0.00972481
  0.00948814
  0.00916015
  0.00874395
  0.00824353
   0.0076638
  0.00701026
  0.00628925
   0.0055077
  0.00467315
  0.00379362
  0.00287759
  0.00193389
 0.000971604
  -0.0168416
    -0.03352
  -0.0498754
  -0.0657514
  -0.0809951
   -0.095457
      -0.109
   -0.121494
   -0.132817
   -0.142862
    -0.15153
   -0.158739
    -0.16442
   -0.168518
    -0.17099
   -0.171818
    -0.17099
   -0.168518
    -0.16442
   -0.158739
    -0.15153
   -0.142862
   -0.132817
   -0.121494
      -0.109
   -0.095457
  -0.0809951
  -0.0657514
  -0.0498754
    -0.03352
  -0.0168416
 0.000883621
  0.00175868
  0.00261675
  0.00344958
  0.00424915
  0.00500775
  0.00571808
  0.00637331
  0.00696713
  0.00749385
  0.00794837
  0.00832631
  0.00862405
  0.00883874
  0.00896831
  0.00901151
  0.00896792
  0.00883796
  0.00862289
  0.00832478
  0.00794652
  0.00749178
  0.00696488
  0.00637094
  0.00571568
   0.0050054
  0.00424695
  0.00344764
  0.00261516
  0.00175752
 0.000882996
  -0.0156547
  -0.0311577
  -0.0463604
  -0.0611175
  -0.0752869
  -0.0887297
   -0.101318
   -0.112932
   -0.123457
   -0.132793
   -0.140851
   -0.147552
   -0.152832
   -0.156641
   -0.158939
   -0.159709
   -0.158939
   -0.156641
   -0.152832
   -0.147552
   -0.140851
   -0.132793
   -0.123457
   -0.112932
   -0.101318
  -0.0887297
  -0.0752869
  -0.0611175
  -0.0463604
  -0.0311577
  -0.0156547
 0.000798737
  0.00158973
  0.00236538
   0.0031182
  0.00384097
   0.0045267
   0.0051688
  0.00576107
  0.00629787
  0.00677396
  0.00718482
  0.00752648
  0.00779566
  0.00798974
  0.00810685
  0.00814589
  0.00810646
  0.00798895
  0.00779455
  0.00752511
  0.00718319
  0.00677209
  0.00629582
  0.00575895
  0.00516663
  0.00452459
  0.00383901
  0.00311646
  0.00236395
   0.0015887
 0.000798178
  -0.0145055
  -0.0288703
   -0.042957
  -0.0566308
    -0.06976
  -0.0822159
    -0.09388
   -0.104641
   -0.114394
   -0.123045
   -0.130511
    -0.13672
   -0.141613
   -0.145142
   -0.147271
   -0.147985
   -0.147271
   -0.145142
   -0.141613
    -0.13672
   -0.130511
   -0.123045
   -0.114394
   -0.104641
    -0.09388
  -0.0822159
    -0.06976
  -0.0566308
   -0.042957
  -0.0288703
  -0.0145055
 0.000717647
  0.00142834
  0.00212525
  0.00280164
  0.00345101
   0.0040671
  0.00464401
  0.00517617
  0.00565845
  0.00608623
  0.00645538
  0.00676233
  0.00700416
  0.00717852
  0.00728375
  0.00731883
  0.00728343
  0.00717788
  0.00700321
  0.00676109
  0.00645385
  0.00608453
  0.00565662
  0.00517424
  0.00464208
  0.00406521
  0.00344922
  0.00280005
  0.00212394
   0.0014274
 0.000717138
  -0.0133939
   -0.026658
  -0.0396652
  -0.0522912
  -0.0644143
  -0.0759157
   -0.086686
  -0.0966228
   -0.105628
   -0.113616
    -0.12051
   -0.126243
   -0.130761
    -0.13402
   -0.135986
   -0.136645
   -0.135986
    -0.13402
   -0.130761
   -0.126243
    -0.12051
   -0.113616
   -0.105628
  -0.0966228
   -0.086686
  -0.0759157
  -0.0644143
  -0.0522912
  -0.0396652
   -0.026658
  -0.0133939
 0.000640339
  0.00127447
  0.00189629
  0.00249982
  0.00307924
  0.00362898
  0.00414373
  0.00461856
  0.00504889
  0.00543059
  0.00575996
  0.00603386
  0.00624966
  0.00640525
  0.00649913
  0.00653042
  0.00649881
   0.0064046
  0.00624874
  0.00603272
   0.0057586
  0.00542906
  0.00504724
  0.00461684
  0.00414199
  0.00362728
  0.00307764
   0.0024984
  0.00189513
  0.00127362
 0.000639879
    -0.01232
  -0.0245207
   -0.036485
  -0.0480986
  -0.0592498
   -0.069829
  -0.0797358
  -0.0888759
  -0.0971588
   -0.104507
   -0.110848
   -0.116121
   -0.120277
   -0.123274
   -0.125083
   -0.125689
   -0.125083
   -0.123274
   -0.120277
   -0.116121
   -0.110848
   -0.104507
  -0.0971588
  -0.0888759
  -0.0797358
   -0.069829
  -0.0592498
  -0.0480986
   -0.036485
  -0.0245207
    -0.01232
 0.000566815
  0.00112814
  0.00167856
  0.00221279
  0.00272568
   0.0032123
  0.00366796
  0.00408826
  0.00446919
  0.00480704
  0.00509859
  0.00534104
  0.00553203
  0.00566974
  0.00575284
  0.00578054
  0.00575257
   0.0056692
  0.00553123
  0.00534001
  0.00509738
  0.00480565
  0.00446769
   0.0040867
  0.00366637
  0.00321075
  0.00272424
  0.00221151
   0.0016775
  0.00112737
   0.0005664
  -0.0112838
  -0.0224583
  -0.0334163
  -0.0440532
  -0.0542665
  -0.0639559
  -0.0730295
  -0.0814008
  -0.0889871
  -0.0957169
   -0.101525
   -0.106355
   -0.110161
   -0.112906
   -0.114563
   -0.115118
   -0.114563
   -0.112906
   -0.110161
   -0.106355
   -0.101525
  -0.0957169
  -0.0889871
  -0.0814008
  -0.0730295
  -0.0639559
  -0.0542665
  -0.0440532
  -0.0334163
  -0.0224583
  -0.0112838
  0.00049708
 0.000989342
  0.00147204
  0.00194054
  0.00239033
  0.00281707
  0.00321666
  0.00358526
   0.0039193
  0.00421559
  0.00447126
  0.00468386
  0.00485135
  0.00497212
  0.00504499
  0.00506927
  0.00504472
  0.00497161
  0.00485062
  0.00468292
  0.00447012
  0.00421432
  0.00391793
  0.00358381
  0.00321521
  0.00281565
    0.002389
  0.00193935
  0.00147107
 0.000988629
 0.000496694
  -0.0102853
  -0.0204709
  -0.0304593
  -0.0401549
  -0.0494644
  -0.0582964
   -0.066567
  -0.0741976
  -0.0811125
  -0.0872468
  -0.0925405
  -0.0969434
   -0.100412
   -0.102915
   -0.104425
   -0.104931
   -0.104425
   -0.102915
   -0.100412
  -0.0969434
  -0.0925405
  -0.0872468
  -0.0811125
  -0.0741976
   -0.066567
  -0.0582964
  -0.0494644
  -0.0401549
  -0.0304593
  -0.0204709
  -0.0102853
 0.000431122
  0.00085806
  0.00127671
  0.00168304
  0.00207314
  0.00244326
  0.00278982
   0.0031095
  0.00339922
  0.00365617
  0.00387792
  0.00406231
  0.00420757
  0.00431229
  0.00437548
  0.00439654
  0.00437525
  0.00431182
  0.00420687
  0.00406141
  0.00387686
  0.00365499
  0.00339791
  0.00310814
  0.00278845
  0.00244193
   0.0020719
  0.00168195
  0.00127581
 0.000857407
 0.000430767
 -0.00932448
  -0.0185586
  -0.0276138
  -0.0364037
  -0.0448435
  -0.0528504
  -0.0603484
  -0.0672662
  -0.0735351
  -0.0790963
  -0.0838955
  -0.0878871
  -0.0910321
  -0.0933009
  -0.0946698
  -0.0951283
  -0.0946698
  -0.0933009
  -0.0910321
  -0.0878871
  -0.0838955
  -0.0790963
  -0.0735351
  -0.0672662
  -0.0603484
  -0.0528504
  -0.0448435
  -0.0364037
  -0.0276138
  -0.0185586
 -0.00932448
 0.000368943
 0.000734308
  0.00109258
   0.0014403
  0.00177415
  0.00209087
  0.00238744
  0.00266099
  0.00290891
   0.0031288
  0.00331854
  0.00347632
  0.00360062
  0.00369024
  0.00374431
  0.00376231
  0.00374407
  0.00368977
  0.00359996
   0.0034755
  0.00331756
  0.00312767
  0.00290769
  0.00265973
  0.00238616
  0.00208962
  0.00177298
  0.00143927
  0.00109173
 0.000733695
 0.000368613
 -0.00840132
  -0.0167212
    -0.02488
  -0.0327996
  -0.0404038
   -0.047618
  -0.0543737
  -0.0606066
  -0.0662549
  -0.0712655
  -0.0755896
   -0.079186
  -0.0820195
  -0.0840637
  -0.0852971
  -0.0857102
  -0.0852971
  -0.0840637
  -0.0820195
   -0.079186
  -0.0755896
  -0.0712655
  -0.0662549
  -0.0606066
  -0.0543737
   -0.047618
  -0.0404038
  -0.0327996
    -0.02488
  -0.0167212
 -0.00840132
  0.00031054
 0.000618067
  0.00091962
  0.00121229
  0.00149327
  0.00175985
  0.00200946
   0.0022397
  0.00244836
  0.00263342
  0.00279312
   0.0029259
  0.00303051
  0.00310591
   0.0031514
  0.00316654
  0.00315119
   0.0031055
   0.0030299
  0.00292513
   0.0027922
  0.00263238
  0.00244723
  0.00223851
  0.00200826
  0.00175868
  0.00149218
  0.00121133
 0.000918826
 0.000617492
 0.000310231
 -0.00751584
  -0.0149588
  -0.0222577
  -0.0293426
  -0.0361453
  -0.0425992
  -0.0486429
  -0.0542188
  -0.0592718
  -0.0637543
  -0.0676226
    -0.07084
  -0.0733749
  -0.0752036
   -0.076307
  -0.0766766
   -0.076307
  -0.0752036
  -0.0733749
    -0.07084
  -0.0676226
  -0.0637543
  -0.0592718
  -0.0542188
  -0.0486429
  -0.0425992
  -0.0361453
  -0.0293426
  -0.0222577
  -0.0149588
 -0.00751584
  0.00025591
 0.000509332
 0.000757828
 0.000999006
  0.00123054
  0.00145022
  0.00165591
  0.00184562
  0.00201756
  0.00217005
  0.00230163
  0.00241104
  0.00249723
  0.00255936
  0.00259683
   0.0026093
  0.00259664
  0.00255897
  0.00249666
  0.00241032
  0.00230077
  0.00216908
   0.0020165
  0.00184452
  0.00165478
  0.00144912
  0.00122953
 0.000998106
 0.000757086
 0.000508795
  0.00025562
 -0.00666804
  -0.0132715
   -0.019747
  -0.0260327
  -0.0320681
   -0.037794
  -0.0431559
  -0.0481028
  -0.0525858
  -0.0565627
  -0.0599947
  -0.0628491
  -0.0650981
  -0.0667205
  -0.0676995
  -0.0680273
  -0.0676995
  -0.0667205
  -0.0650981
  -0.0628491
  -0.0599947
  -0.0565627
  -0.0525858
  -0.0481028
  -0.0431559
   -0.037794
  -0.0320681
  -0.0260327
   -0.019747
  -0.0132715
 -0.00666804
 0.000205048
 0.000408102
 0.000607205
 0.000800444
 0.000985953
  0.00116195
  0.00132674
  0.00147874
  0.00161649
  0.00173865
  0.00184407
  0.00193171
  0.00200075
  0.00205051
  0.00208053
   0.0020905
  0.00208034
  0.00205015
  0.00200022
  0.00193103
  0.00184326
  0.00173773
   0.0016155
   0.0014777
  0.00132569
  0.00116093
 0.000984996
 0.000799595
 0.000606509
 0.000407598
 0.000204777
 -0.00585792
  -0.0116591
  -0.0173479
  -0.0228699
  -0.0281721
  -0.0332023
  -0.0379127
  -0.0422587
   -0.046197
  -0.0496907
  -0.0527058
  -0.0552134
  -0.0571891
  -0.0586145
  -0.0594745
  -0.0597625
  -0.0594745
  -0.0586145
  -0.0571891
  -0.0552134
  -0.0527058
  -0.0496907
   -0.046197
  -0.0422587
  -0.0379127
  -0.0332023
  -0.0281721
  -0.0228699
  -0.0173479
  -0.0116591
 -0.00585792
 0.000157955
  0.00031437
 0.000467737
 0.000616582
 0.000759474
 0.000895035
  0.00102196
  0.00113903
  0.00124512
  0.00133921
  0.00142039
  0.00148788
  0.00154104
  0.00157936
  0.00160247
  0.00161013
  0.00160229
  0.00157902
  0.00154055
  0.00148724
  0.00141963
  0.00133835
  0.00124419
  0.00113806
  0.00102098
 0.000894077
  0.00075858
  0.00061579
 0.000467084
 0.000313896
   0.0001577
 -0.00508548
  -0.0101217
  -0.0150603
  -0.0198542
  -0.0244572
  -0.0288241
  -0.0329135
  -0.0366864
  -0.0401054
  -0.0431384
  -0.0457559
  -0.0479328
  -0.0496481
  -0.0508854
   -0.051632
  -0.0518821
   -0.051632
  -0.0508854
  -0.0496481
  -0.0479328
  -0.0457559
  -0.0431384
  -0.0401054
  -0.0366864
  -0.0329135
  -0.0288241
  -0.0244572
  -0.0198542
  -0.0150603
  -0.0101217
 -0.00508548
 0.000114626
  0.00022813
 0.000339419
 0.000447423
 0.000551103
  0.00064946
 0.000741551
 0.000826486
 0.000903452
 0.000971705
  0.00103059
  0.00107954
  0.00111809
  0.00114587
  0.00116262
  0.00116816
  0.00116246
  0.00114555
  0.00111763
  0.00107894
  0.00102987
 0.000970896
 0.000902573
  0.00082557
 0.000740626
 0.000648562
 0.000550266
 0.000446682
 0.000338809
 0.000227688
 0.000114388
 -0.00435073
 -0.00865928
  -0.0128844
  -0.0169857
  -0.0209236
  -0.0246596
  -0.0281581
  -0.0313859
  -0.0343109
  -0.0369057
   -0.039145
  -0.0410074
  -0.0424748
  -0.0435334
  -0.0441722
  -0.0443861
  -0.0441722
  -0.0435334
  -0.0424748
  -0.0410074
   -0.039145
  -0.0369057
  -0.0343109
  -0.0313859
  -0.0281581
  -0.0246596
  -0.0209236
  -0.0169857
  -0.0128844
 -0.00865928
 -0.00435073
 7.50594e-05
 0.000149379
 0.000222244
 0.000292953
 0.000360826
 0.000425211
 0.000485487
 0.000541076
 0.000591444
 0.000636106
 0.000674632
 0.000706657
  0.00073187
 0.000750031
 0.000760967
 0.000764573
 0.000760816
 0.000749735
 0.000731437
 0.000706099
 0.000673966
  0.00063535
 0.000590625
 0.000540221
 0.000484624
  0.00042437
 0.000360042
 0.000292258
 0.000221673
 0.000148965
 7.48362e-05
 -0.00365365
 -0.00727188
    -0.01082
  -0.0142642
  -0.0175712
  -0.0207086
  -0.0236466
  -0.0263572
  -0.0288136
  -0.0309926
  -0.0328731
  -0.0344372
  -0.0356695
  -0.0365585
  -0.0370948
  -0.0372745
  -0.0370948
  -0.0365585
  -0.0356695
  -0.0344372
  -0.0328731
  -0.0309926
  -0.0288136
  -0.0263572
  -0.0236466
  -0.0207086
  -0.0175712
  -0.0142642
    -0.01082
 -0.00727188
 -0.00365365
 3.92515e-05
 7.81095e-05
   0.0001162
 0.000153158
 0.000188627
 0.000222266
 0.000253752
 0.000282784
 0.000309083
 0.000332395
   0.0003525
 0.000369203
 0.000382346
 0.000391803
 0.000397484
 0.000399337
 0.000397343
 0.000391526
  0.00038194
 0.000368681
 0.000351877
 0.000331691
 0.000308319
 0.000281986
 0.000252946
 0.000221482
 0.000187894
 0.000152509
 0.000115667
 7.77236e-05
 3.90437e-05
 -0.00299425
 -0.00595948
 -0.00886728
  -0.0116898
     -0.0144
  -0.0169712
  -0.0193789
  -0.0216003
  -0.0236134
  -0.0253992
  -0.0269403
  -0.0282221
   -0.029232
  -0.0299605
  -0.0304001
  -0.0305473
  -0.0304001
  -0.0299605
   -0.029232
  -0.0282221
  -0.0269403
  -0.0253992
  -0.0236134
  -0.0216003
  -0.0193789
  -0.0169712
     -0.0144
  -0.0116898
 -0.00886728
 -0.00595948
 -0.00299425
 7.19932e-06
  1.4315e-05
  2.1279e-05
 2.80248e-05
  3.4488e-05
  4.0607e-05
 4.63236e-05
 5.15839e-05
 5.63381e-05
 6.05415e-05
 6.41548e-05
 6.71444e-05
 6.94827e-05
 7.11485e-05
 7.21269e-05
 7.24099e-05
 7.19961e-05
 7.08907e-05
 6.91055e-05
 6.66588e-05
 6.35754e-05
  5.9886e-05
 5.56271e-05
 5.08407e-05
 4.55734e-05
 3.98769e-05
 3.38066e-05
 2.74213e-05
  2.0783e-05
  1.3956e-05
 7.00604e-06
 -0.00237253
 -0.00472206
  -0.0070261
  -0.0092626
    -0.01141
  -0.0134473
  -0.0153551
  -0.0171153
  -0.0187104
  -0.0201254
  -0.0213465
  -0.0223621
  -0.0231623
  -0.0237396
  -0.0240879
  -0.0242045
  -0.0240879
  -0.0237396
  -0.0231623
  -0.0223621
  -0.0213465
  -0.0201254
  -0.0187104
  -0.0171153
  -0.0153551
  -0.0134473
    -0.01141
  -0.0092626
  -0.0070261
 -0.00472206
 -0.00237253
-2.11013e-05
-4.20125e-05
-6.25319e-05
-8.24614e-05
-0.000101608
-0.000119788
-0.000136824
-0.000152553
 -0.00016682
-0.000179489
-0.000190436
-0.000199553
-0.000206755
-0.000211967
 -0.00021514
-0.000216242
-0.000215262
-0.000212206
-0.000207105
-0.000200005
-0.000190973
-0.000180097
 -0.00016748
-0.000153242
 -0.00013752
-0.000120465
 -0.00010224
-8.30209e-05
-6.29917e-05
-4.23453e-05
-2.12805e-05
 -0.00178849
 -0.00355965
  -0.0052965
 -0.00698245
 -0.00860125
   -0.010137
  -0.0115752
  -0.0129021
  -0.0141045
  -0.0151712
  -0.0160917
  -0.0168573
  -0.0174605
  -0.0178957
  -0.0181582
  -0.0182462
  -0.0181582
  -0.0178957
  -0.0174605
  -0.0168573
  -0.0160917
  -0.0151712
  -0.0141045
  -0.0129021
  -0.0115752
   -0.010137
 -0.00860125
 -0.00698245
  -0.0052965
 -0.00355965
 -0.00178849
-4.56549e-05
-9.08823e-05
-0.000135246
-0.000178319
-0.000219684
-0.000258945
-0.000295721
-0.000329659
-0.000360429
-0.000387735
-0.000411313
-0.000430935
-0.000446411
-0.000457591
-0.000464364
-0.000466667
-0.000464478
-0.000457811
-0.000446734
-0.000431351
-0.000411809
-0.000388296
-0.000361037
-0.000330294
-0.000296364
 -0.00025957
-0.000220267
-0.000178835
 -0.00013567
-9.11892e-05
-4.58202e-05
 -0.00124213
 -0.00247223
  -0.0036785
 -0.00484941
 -0.00597369
 -0.00704031
 -0.00803914
 -0.00896066
 -0.00979576
  -0.0105366
  -0.0111759
  -0.0117076
  -0.0121266
  -0.0124288
  -0.0126112
  -0.0126722
  -0.0126112
  -0.0124288
  -0.0121266
  -0.0117076
  -0.0111759
  -0.0105366
 -0.00979576
 -0.00896066
 -0.00803914
 -0.00704031
 -0.00597369
 -0.00484941
  -0.0036785
 -0.00247223
 -0.00124213
-6.64664e-05
-0.000132304
-0.000196878
-0.000259565
-0.000319763
-0.000376892
  -0.0004304
 -0.00047977
-0.000524527
-0.000564238
-0.000598521
-0.000627046
-0.000649535
-0.000665771
-0.000675596
-0.000678916
  -0.0006757
-0.000665972
-0.000649831
-0.000627426
-0.000598976
-0.000564752
-0.000525083
-0.000480352
-0.000430986
-0.000377465
-0.000320298
-0.000260039
-0.000197267
-0.000132585
 -6.6618e-05
-0.000733453
  -0.0014598
 -0.00217207
 -0.00286348
 -0.00352734
 -0.00415716
 -0.00474694
 -0.00529108
 -0.00578419
 -0.00622163
 -0.00659913
 -0.00691311
 -0.00716048
 -0.00733895
 -0.00744662
 -0.00748269
 -0.00744662
 -0.00733895
 -0.00716048
 -0.00691311
 -0.00659913
 -0.00622163
 -0.00578419
 -0.00529108
 -0.00474694
 -0.00415716
 -0.00352734
 -0.00286348
 -0.00217207
  -0.0014598
-0.000733453
-8.35412e-05
-0.000166288
-0.000247442
-0.000326223
-0.000401871
 -0.00047366
-0.000540892
-0.000602924
-0.000659154
-0.000709043
-0.000752109
-0.000787935
-0.000816177
-0.000836556
-0.000848882
-0.000853037
 -0.00084898
-0.000836744
-0.000816443
-0.000788279
 -0.00075252
-0.000709509
-0.000659662
-0.000603452
-0.000541426
-0.000474179
-0.000402358
-0.000326654
-0.000247796
-0.000166543
-8.36788e-05
-0.000262454
-0.000522365
-0.000777241
 -0.00102465
  -0.0012622
 -0.00148757
 -0.00169862
 -0.00189333
 -0.00206978
 -0.00222631
 -0.00236139
 -0.00247374
 -0.00256226
 -0.00262612
 -0.00266465
 -0.00267756
 -0.00266465
 -0.00262612
 -0.00256226
 -0.00247374
 -0.00236139
 -0.00222631
 -0.00206978
 -0.00189333
 -0.00169862
 -0.00148757
  -0.0012622
 -0.00102465
-0.000777241
-0.000522365
-0.000262454
-9.68849e-05
-0.000192846
-0.000286958
-0.000378316
-0.000466037
-0.000549279
-0.000627237
-0.000699163
 -0.00076436
-0.000822201
-0.000872125
 -0.00091366
-0.000946395
-0.000970015
-0.000984296
-0.000989101
-0.000984384
-0.000970186
-0.000946636
-0.000913969
-0.000872499
-0.000822617
-0.000764814
-0.000699637
-0.000627719
-0.000549746
-0.000466473
-0.000378702
-0.000287277
-0.000193076
 -9.7009e-05
 0.000170865
 0.000340074
 0.000506006
 0.000667074
 0.000821728
  0.00096845
  0.00110585
  0.00123261
  0.00134748
  0.00144939
  0.00153733
  0.00161047
   0.0016681
  0.00170968
  0.00173476
  0.00174316
  0.00173476
  0.00170968
   0.0016681
  0.00161047
  0.00153733
  0.00144939
  0.00134748
  0.00123261
  0.00110585
  0.00096845
 0.000821728
 0.000667074
 0.000506006
 0.000340074
 0.000170865
-0.000106505
-0.000211992
-0.000315444
-0.000415866
 -0.00051229
-0.000603788
-0.000689478
-0.000768533
 -0.00084019
-0.000903763
-0.000958634
 -0.00100428
 -0.00104025
 -0.00106621
 -0.00108189
 -0.00108717
 -0.00108197
 -0.00106636
 -0.00104047
 -0.00100455
-0.000958965
-0.000904135
-0.000840593
-0.000768957
-0.000689908
-0.000604207
 -0.00051268
-0.000416212
-0.000315728
-0.000212197
-0.000106615
 0.000566504
  0.00112752
  0.00167767
  0.00221169
  0.00272444
   0.0032109
  0.00366644
  0.00408672
  0.00446759
  0.00480546
  0.00509703
  0.00533954
  0.00553061
  0.00566845
  0.00575162
  0.00577947
  0.00575162
  0.00566845
  0.00553061
  0.00533954
  0.00509703
  0.00480546
  0.00446759
  0.00408672
  0.00366644
   0.0032109
  0.00272444
  0.00221169
  0.00167767
  0.00112752
 0.000566504
-0.000112406
-0.000223736
 -0.00033292
-0.000438903
-0.000540664
-0.000637225
-0.000727656
-0.000811084
-0.000886708
-0.000953791
  -0.0010117
 -0.00105986
 -0.00109782
  -0.0011252
 -0.00114175
 -0.00114731
 -0.00114182
 -0.00112534
 -0.00109801
 -0.00106011
 -0.00101199
-0.000954129
-0.000887067
-0.000811462
-0.000728042
  -0.0006376
-0.000541013
 -0.00043921
-0.000333173
 -0.00022392
-0.000112505
 0.000924463
  0.00183997
  0.00273774
   0.0036092
  0.00444595
  0.00523979
  0.00598317
  0.00666902
  0.00729055
   0.0078419
  0.00831772
  0.00871346
  0.00902526
   0.0092502
  0.00938592
  0.00943137
  0.00938592
   0.0092502
  0.00902526
  0.00871346
  0.00831772
   0.0078419
  0.00729055
  0.00666902
  0.00598317
  0.00523979
  0.00444595
   0.0036092
  0.00273774
  0.00183997
 0.000924463
-0.000114598
  -0.0002281
-0.000339411
-0.000447458
  -0.0005512
-0.000649642
-0.000741832
-0.000826883
-0.000903973
-0.000972363
 -0.00103139
 -0.00108049
 -0.00111918
 -0.00114709
 -0.00116396
 -0.00116962
 -0.00116402
 -0.00114721
 -0.00111935
 -0.00108071
 -0.00103165
-0.000972654
-0.000904294
-0.000827216
-0.000742171
-0.000649973
 -0.00055151
 -0.00044773
-0.000339633
-0.000228262
-0.000114686
  0.00124474
  0.00247742
  0.00368623
   0.0048596
  0.00598624
  0.00705511
  0.00805603
  0.00897949
  0.00981635
   0.0105587
   0.0111994
   0.0117322
   0.0121521
   0.0124549
   0.0126377
   0.0126989
   0.0126377
   0.0124549
   0.0121521
   0.0117322
   0.0111994
   0.0105587
  0.00981635
  0.00897949
  0.00805603
  0.00705511
  0.00598624
   0.0048596
  0.00368623
  0.00247742
  0.00124474
-0.000113092
  -0.0002251
-0.000334945
-0.000441569
-0.000543946
-0.000641089
-0.000732063
-0.000815991
-0.000892064
-0.000959551
  -0.0010178
 -0.00106624
 -0.00110442
 -0.00113196
 -0.00114861
 -0.00115419
 -0.00114866
 -0.00113206
 -0.00110456
 -0.00106643
 -0.00101802
  -0.0009598
-0.000892337
-0.000816282
-0.000732355
-0.000641373
-0.000544209
-0.000441802
-0.000335136
-0.000225238
-0.000113166
  0.00152734
  0.00303988
  0.00452313
   0.0059629
  0.00734533
  0.00865686
  0.00988503
   0.0110181
    0.012045
   0.0129559
    0.013742
   0.0143958
    0.014911
   0.0152826
   0.0155068
   0.0155819
   0.0155068
   0.0152826
    0.014911
   0.0143958
    0.013742
   0.0129559
    0.012045
   0.0110181
  0.00988503
  0.00865686
  0.00734533
   0.0059629
  0.00452313
  0.00303988
  0.00152734
-0.000107896
-0.000214758
-0.000319555
-0.000421279
-0.000518949
-0.000611625
-0.000698416
-0.000778487
-0.000851059
-0.000915438
-0.000971002
 -0.00101722
 -0.00105365
 -0.00107992
  -0.0010958
 -0.00110112
 -0.00109584
    -0.00108
 -0.00105376
 -0.00101738
-0.000971193
-0.000915654
-0.000851289
-0.000778727
-0.000698662
-0.000611865
 -0.00051917
-0.000421475
-0.000319716
-0.000214874
-0.000107959
  0.00177226
  0.00352735
  0.00524844
  0.00691909
   0.0085232
    0.010045
   0.0114702
    0.012785
   0.0139765
   0.0150335
   0.0159457
   0.0167043
   0.0173021
   0.0177333
   0.0179935
   0.0180806
   0.0179935
   0.0177333
   0.0173021
   0.0167043
   0.0159457
   0.0150335
   0.0139765
    0.012785
   0.0114702
    0.010045
   0.0085232
  0.00691909
  0.00524844
  0.00352735
  0.00177226
-9.90213e-05
-0.000197093
-0.000293271
-0.000386627
-0.000476264
-0.000561315
-0.000640965
-0.000714444
-0.000781045
-0.000840128
-0.000891124
-0.000933539
-0.000966963
-0.000991074
 -0.00100564
 -0.00101053
 -0.00100568
 -0.00099114
-0.000967059
-0.000933662
-0.000891274
-0.000840303
-0.000781239
-0.000714645
-0.000641168
-0.000561511
-0.000476447
 -0.00038679
-0.000293404
-0.000197191
-9.90743e-05
   0.0019795
  0.00393982
  0.00586217
  0.00772817
  0.00951986
   0.0112197
   0.0128114
     0.01428
   0.0156108
   0.0167914
   0.0178103
   0.0186576
   0.0193253
   0.0198069
   0.0200975
   0.0201949
   0.0200975
   0.0198069
   0.0193253
   0.0186576
   0.0178103
   0.0167914
   0.0156108
     0.01428
   0.0128114
   0.0112197
  0.00951986
  0.00772817
  0.00586217
  0.00393982
   0.0019795
-8.64833e-05
-0.000172137
-0.000256135
-0.000337668
-0.000415952
-0.000490234
-0.000559797
-0.000623968
-0.000682135
-0.000733731
-0.000778266
-0.000815307
-0.000844492
-0.000865543
-0.000878264
 -0.00088253
-0.000878298
-0.000865609
-0.000844582
-0.000815413
-0.000778391
-0.000733875
-0.000682286
-0.000624126
-0.000559956
-0.000490388
-0.000416098
-0.000337795
-0.000256239
-0.000172212
 -8.6524e-05
  0.00214906
  0.00427729
  0.00636431
  0.00839015
   0.0103353
   0.0121807
   0.0139088
   0.0155032
    0.016948
   0.0182297
   0.0193358
   0.0202558
   0.0209806
   0.0215035
    0.021819
   0.0219247
    0.021819
   0.0215035
   0.0209806
   0.0202558
   0.0193358
   0.0182297
    0.016948
   0.0155032
   0.0139088
   0.0121807
   0.0103353
  0.00839015
  0.00636431
  0.00427729
  0.00214906
-7.02941e-05
-0.000139913
-0.000208187
-0.000274457
-0.000338087
-0.000398463
-0.000455002
-0.000507159
-0.000554437
-0.000596375
-0.000632569
-0.000662673
-0.000686398
-0.000703512
-0.000713851
-0.000717315
-0.000713872
-0.000703553
-0.000686458
-0.000662752
-0.000632664
-0.000596478
-0.000554547
-0.000507276
 -0.00045512
-0.000398575
-0.000338192
-0.000274551
-0.000208264
-0.000139969
-7.03241e-05
  0.00228094
  0.00453977
  0.00675486
  0.00890502
   0.0109696
   0.0129282
   0.0147624
   0.0164546
   0.0179881
   0.0193484
   0.0205224
   0.0214988
   0.0222681
   0.0228231
    0.023158
   0.0232702
    0.023158
   0.0228231
   0.0222681
   0.0214988
   0.0205224
   0.0193484
   0.0179881
   0.0164546
   0.0147624
   0.0129282
   0.0109696
  0.00890502
  0.00675486
  0.00453977
  0.00228094
-5.04709e-05
-0.000100457
-0.000149477
-0.000197059
-0.000242745
-0.000286093
-0.000326688
-0.000364137
-0.000398081
-0.000428193
-0.000454181
-0.000475795
-0.000492827
-0.000505111
-0.000512533
-0.000515021
-0.000512551
-0.000505145
-0.000492869
-0.000475846
 -0.00045424
-0.000428259
-0.000398154
-0.000364214
-0.000326766
-0.000286169
-0.000242815
-0.000197121
-0.000149528
-0.000100494
-5.04909e-05
  0.00237514
  0.00472726
  0.00703383
  0.00927279
   0.0114226
   0.0134621
    0.015372
   0.0171341
   0.0187309
   0.0201475
     0.02137
   0.0223867
   0.0231878
   0.0237657
   0.0241144
   0.0242312
   0.0241144
   0.0237657
   0.0231878
   0.0223867
     0.02137
   0.0201475
   0.0187309
   0.0171341
    0.015372
   0.0134621
   0.0114226
  0.00927279
  0.00703383
  0.00472726
  0.00237514
-2.70326e-05
-5.38056e-05
-8.00611e-05
-0.000105546
-0.000130016
-0.000153233
-0.000174976
-0.000195034
-0.000213215
-0.000229342
-0.000243262
-0.000254838
 -0.00026396
 -0.00027054
-0.000274514
-0.000275847
-0.000274523
-0.000270556
 -0.00026398
-0.000254863
 -0.00024329
-0.000229375
-0.000213251
-0.000195072
-0.000175015
-0.000153271
-0.000130051
-0.000105577
-8.00866e-05
-5.38241e-05
-2.70427e-05
  0.00243166
  0.00483975
  0.00720121
  0.00949345
   0.0116944
   0.0137825
   0.0157378
   0.0175418
   0.0191767
   0.0206269
   0.0218785
   0.0229194
   0.0237396
   0.0243312
   0.0246882
   0.0248078
   0.0246882
   0.0243312
   0.0237396
   0.0229194
   0.0218785
   0.0206269
   0.0191767
   0.0175418
   0.0157378
   0.0137825
   0.0116944
  0.00949345
  0.00720121
  0.00483975
  0.00243166
           0
           0
           0
           0
           0
           0
           0
           0
           0
           0
           0
           0
           0
           0
           0
           0
           0
           0
           0
           0
           0
           0
           0
           0
           0
           0
           0
           0
           0
           0
           0
           0
           0
           0
           0
           0
           0
           0
           0
           0
           0
           0
           0
           0
           0
           0
           0
           0
           0
           0
           0
           0
           0
           0
           0
           0
           0
           0
           0
           0
           0
           0
