-7.8727800000000006
-7.65353
-7.43732
-7.2241800000000005
-7.0141
-6.807060000000001
-6.60305
-6.402080000000001
-6.20415
-6.00922
-5.81734
-5.6285
-5.44268
-5.25992
-5.08023
-4.90356
-4.72998
-4.5595
-4.39203
-4.22766
-4.0664
-3.9081599999999996
-3.75299
-3.6009
-3.45186
-3.30589
-3.16295
-3.0231
-2.8862799999999997
-2.75253
-2.62181
-2.4941299999999997
-2.36954
-2.24804
-2.12957
-2.0141400000000003
-1.90178
-1.7925
-1.6863099999999998
-1.58318
-1.48311
-1.38611
-1.29217
-1.20131
-1.11354
-1.02884
-0.947219
-0.8686959999999999
-0.793265
-0.72092
-0.651671
-0.5855060000000001
-0.5224340000000001
-0.46244300000000005
-0.405542
-0.351723
-0.300985
-0.253323
-0.208744
-0.16724
-0.12881099999999998
-0.0934529
-0.0611659
-0.0319469
-0.00579279
0.017299400000000003
0.0373334
0.0543133
0.068243
0.0791281
0.0869735
0.09178510000000001
0.0935699
0.09233530000000001
0.0880896
0.080842
0.07060239999999998
0.0573852
0.0412017
0.022067700000000003
-7.006489999999999e-44
