   0.771161
          1
          1
          1
          1
          1
          1
          1
          1
          1
          1
          1
          1
          1
          1
          1
          1
          1
          1
          1
          1
          1
          1
          1
          1
          1
          1
          1
          1
          1
   0.772048
   0.749694
          1
          1
          1
          1
          1
          1
          1
          1
          1
          1
          1
          1
          1
          1
          1
          1
          1
          1
          1
          1
          1
          1
          1
          1
          1
          1
          1
          1
          1
   0.750535
   0.728532
          1
          1
          1
          1
          1
          1
          1
          1
          1
          1
          1
          1
          1
          1
          1
          1
          1
          1
          1
          1
          1
          1
          1
          1
          1
          1
          1
          1
          1
   0.729322
   0.707669
          1
          1
          1
          1
          1
          1
          1
          1
          1
          1
          1
          1
          1
          1
          1
          1
          1
          1
          1
          1
          1
          1
          1
          1
          1
          1
          1
          1
          1
   0.708408
   0.687104
          1
          1
          1
          1
          1
          1
          1
          1
          1
          1
          1
          1
          1
          1
          1
          1
          1
          1
          1
          1
          1
          1
          1
          1
          1
          1
          1
          1
          1
   0.687793
   0.666838
          1
          1
          1
          1
          1
          1
          1
          1
          1
          1
          1
          1
          1
          1
          1
          1
          1
          1
          1
          1
          1
          1
          1
          1
          1
          1
          1
          1
          1
   0.667476
   0.646869
          1
          1
          1
          1
          1
          1
          1
          1
          1
          1
          1
          1
          1
          1
          1
          1
          1
          1
          1
          1
          1
          1
          1
          1
          1
          1
          1
          1
          1
   0.647458
   0.627196
          1
          1
          1
          1
          1
          1
          1
          1
          1
          1
          1
          1
          1
          1
          1
          1
          1
          1
          1
          1
          1
          1
          1
          1
          1
          1
          1
          1
          1
   0.627735
   0.607828
          1
          1
          1
          1
          1
          1
          1
          1
          1
          1
          1
          1
          1
          1
          1
          1
          1
          1
          1
          1
          1
          1
          1
          1
          1
          1
          1
          1
          1
   0.608316
   0.588751
          1
          1
          1
          1
          1
          1
          1
          1
          1
          1
          1
          1
          1
          1
          1
          1
          1
          1
          1
          1
          1
          1
          1
          1
          1
          1
          1
          1
          1
   0.589191
   0.569969
          1
          1
          1
          1
          1
          1
          1
          1
          1
          1
          1
          1
          1
          1
          1
          1
          1
          1
          1
          1
          1
          1
          1
          1
          1
          1
          1
          1
          1
   0.570365
   0.551485
          1
          1
          1
          1
          1
          1
          1
          1
          1
          1
          1
          1
          1
          1
          1
          1
          1
          1
          1
          1
          1
          1
          1
          1
          1
          1
          1
          1
          1
   0.551842
   0.533293
          1
          1
          1
          1
          1
          1
          1
          1
          1
          1
          1
          1
          1
          1
          1
          1
          1
          1
          1
          1
          1
          1
          1
          1
          1
          1
          1
          1
          1
   0.533613
   0.515395
          1
          1
          1
          1
          1
          1
          1
          1
          1
          1
          1
          1
          1
          1
          1
          1
          1
          1
          1
          1
          1
          1
          1
          1
          1
          1
          1
          1
          1
   0.515685
   0.497797
   0.990826
          1
          1
          1
          1
          1
          1
          1
          1
          1
          1
          1
          1
          1
          1
          1
          1
          1
          1
          1
          1
          1
          1
          1
          1
          1
          1
          1
   0.991313
   0.498061
     0.4805
   0.956396
          1
          1
          1
          1
          1
          1
          1
          1
          1
          1
          1
          1
          1
          1
          1
          1
          1
          1
          1
          1
          1
          1
          1
          1
          1
          1
          1
   0.956832
   0.480736
   0.463502
    0.92256
          1
          1
          1
          1
          1
          1
          1
          1
          1
          1
          1
          1
          1
          1
          1
          1
          1
          1
          1
          1
          1
          1
          1
          1
          1
          1
          1
   0.922947
   0.463711
   0.446801
   0.889316
          1
          1
          1
          1
          1
          1
          1
          1
          1
          1
          1
          1
          1
          1
          1
          1
          1
          1
          1
          1
          1
          1
          1
          1
          1
          1
          1
   0.889666
    0.44699
     0.4304
   0.856671
          1
          1
          1
          1
          1
          1
          1
          1
          1
          1
          1
          1
          1
          1
          1
          1
          1
          1
          1
          1
          1
          1
          1
          1
          1
          1
          1
   0.856981
   0.430567
   0.414299
   0.824621
          1
          1
          1
          1
          1
          1
          1
          1
          1
          1
          1
          1
          1
          1
          1
          1
          1
          1
          1
          1
          1
          1
          1
          1
          1
          1
          1
   0.824894
   0.414447
   0.398496
   0.793169
          1
          1
          1
          1
          1
          1
          1
          1
          1
          1
          1
          1
          1
          1
          1
          1
          1
          1
          1
          1
          1
          1
          1
          1
          1
          1
          1
   0.793413
   0.398628
   0.382998
   0.762321
          1
          1
          1
          1
          1
          1
          1
          1
          1
          1
          1
          1
          1
          1
          1
          1
          1
          1
          1
          1
          1
          1
          1
          1
          1
          1
          1
   0.762523
   0.383109
   0.367801
    0.73207
          1
          1
          1
          1
          1
          1
          1
          1
          1
          1
          1
          1
          1
          1
          1
          1
          1
          1
          1
          1
          1
          1
          1
          1
          1
          1
          1
   0.732235
   0.367891
   0.352903
   0.702419
          1
          1
          1
          1
          1
          1
          1
          1
          1
          1
          1
          1
          1
          1
          1
          1
          1
          1
          1
          1
          1
          1
          1
          1
          1
          1
          1
   0.702548
   0.352975
   0.338307
   0.673363
          1
          1
          1
          1
          1
          1
          1
          1
          1
          1
          1
          1
          1
          1
          1
          1
          1
          1
          1
          1
          1
          1
          1
          1
          1
          1
          1
   0.673452
   0.338356
    0.32401
   0.644907
   0.959596
          1
          1
          1
          1
          1
          1
          1
          1
          1
          1
          1
          1
          1
          1
          1
          1
          1
          1
          1
          1
          1
          1
          1
          1
          1
   0.959667
   0.644959
   0.324041
   0.310011
   0.617041
   0.918132
          1
          1
          1
          1
          1
          1
          1
          1
          1
          1
          1
          1
          1
          1
          1
          1
          1
          1
          1
          1
          1
          1
          1
          1
          1
   0.918166
   0.617067
   0.310026
   0.296311
   0.589771
    0.87755
          1
          1
          1
          1
          1
          1
          1
          1
          1
          1
          1
          1
          1
          1
          1
          1
          1
          1
          1
          1
          1
          1
          1
          1
          1
   0.877544
   0.589765
   0.296308
   0.282908
   0.563093
   0.837855
          1
          1
          1
          1
          1
          1
          1
          1
          1
          1
          1
          1
          1
          1
          1
          1
          1
          1
          1
          1
          1
          1
          1
          1
          1
   0.837812
    0.56306
   0.282891
   0.269808
   0.537018
   0.799053
          1
          1
          1
          1
          1
          1
          1
          1
          1
          1
          1
          1
          1
          1
          1
          1
          1
          1
          1
          1
          1
          1
          1
          1
          1
   0.798968
   0.536958
   0.269776
   0.257003
   0.511528
   0.761127
          1
          1
          1
          1
          1
          1
          1
          1
          1
          1
          1
          1
          1
          1
          1
          1
          1
          1
          1
          1
          1
          1
          1
          1
          1
    0.76101
   0.511445
   0.256957
   0.244498
   0.486638
   0.724087
   0.954561
          1
          1
          1
          1
          1
          1
          1
          1
          1
          1
          1
          1
          1
          1
          1
          1
          1
          1
          1
          1
          1
          1
          1
   0.954381
   0.723942
   0.486531
   0.244441
    0.23229
   0.462338
   0.687931
   0.906893
          1
          1
          1
          1
          1
          1
          1
          1
          1
          1
          1
          1
          1
          1
          1
          1
          1
          1
          1
          1
          1
          1
          1
   0.906693
   0.687764
   0.462218
   0.232225
   0.220382
   0.438637
   0.652662
   0.860397
          1
          1
          1
          1
          1
          1
          1
          1
          1
          1
          1
          1
          1
          1
          1
          1
          1
          1
          1
          1
          1
          1
          1
   0.860169
   0.652473
     0.4385
   0.220308
   0.208772
   0.415528
   0.618278
   0.815069
          1
          1
          1
          1
          1
          1
          1
          1
          1
          1
          1
          1
          1
          1
          1
          1
          1
          1
          1
          1
          1
          1
          1
    0.81482
   0.618074
   0.415381
   0.208693
    0.19746
   0.393013
   0.584776
   0.770903
   0.949601
          1
          1
          1
          1
          1
          1
          1
          1
          1
          1
          1
          1
          1
          1
          1
          1
          1
          1
          1
          1
          1
   0.949313
   0.770648
   0.584567
   0.392862
   0.197379
   0.186449
   0.371097
   0.552167
   0.727915
   0.896647
          1
          1
          1
          1
          1
          1
          1
          1
          1
          1
          1
          1
          1
          1
          1
          1
          1
          1
          1
          1
          1
   0.896351
   0.727653
   0.551953
   0.370944
   0.186367
   0.175738
   0.349779
   0.520447
   0.686098
   0.845137
   0.996032
          1
          1
          1
          1
          1
          1
          1
          1
          1
          1
          1
          1
          1
          1
          1
          1
          1
          1
          1
   0.995711
   0.844838
   0.685833
   0.520231
   0.349624
   0.175655
   0.165329
    0.32906
   0.489618
   0.645455
   0.795072
   0.937027
          1
          1
          1
          1
          1
          1
          1
          1
          1
          1
          1
          1
          1
          1
          1
          1
          1
          1
          1
   0.936705
   0.794771
    0.64519
   0.489401
   0.328904
   0.165245
   0.155219
   0.308939
   0.459678
   0.605985
   0.746453
   0.879727
          1
          1
          1
          1
          1
          1
          1
          1
          1
          1
          1
          1
          1
          1
          1
          1
          1
          1
          1
   0.879404
   0.746152
    0.60572
   0.459461
   0.308782
   0.155136
   0.145413
   0.289418
   0.430629
    0.56769
    0.69928
    0.82413
   0.941038
          1
          1
          1
          1
          1
          1
          1
          1
          1
          1
          1
          1
          1
          1
          1
          1
          1
   0.940705
   0.823808
    0.69898
   0.567426
   0.430414
    0.28926
   0.145327
   0.135906
   0.270496
   0.402474
    0.53057
   0.653554
    0.77024
   0.879503
    0.98029
          1
          1
          1
          1
          1
          1
          1
          1
          1
          1
          1
          1
          1
          1
          1
   0.979958
   0.879169
   0.769921
   0.653258
   0.530308
   0.402258
   0.270338
    0.13582
   0.126699
   0.252171
   0.375208
   0.494624
   0.609275
   0.718054
   0.819912
   0.913868
    0.99902
          1
          1
          1
          1
          1
          1
          1
          1
          1
          1
          1
          1
          1
   0.998709
   0.913544
   0.819585
   0.717738
   0.608983
   0.494365
   0.374994
   0.252015
   0.126615
   0.117793
   0.234444
   0.348831
   0.459852
   0.566442
   0.667572
   0.762267
   0.849616
    0.92878
   0.998997
          1
          1
          1
          1
          1
          1
          1
          1
          1
          1
          1
   0.998719
    0.92848
   0.849305
   0.761951
   0.667264
   0.566158
     0.4596
   0.348622
   0.234293
   0.117711
   0.109187
   0.217316
   0.323346
   0.426257
   0.525058
   0.618798
   0.706573
   0.787538
   0.860918
      0.926
   0.982166
          1
          1
          1
          1
          1
          1
          1
          1
          1
   0.981933
   0.925738
   0.860633
   0.787241
   0.706273
   0.618505
   0.524784
   0.426015
   0.323148
   0.217172
   0.109109
   0.100883
   0.200788
   0.298754
   0.393838
   0.485123
   0.571733
   0.652829
   0.727639
   0.795434
   0.855568
   0.907458
   0.950609
   0.984607
          1
          1
          1
          1
          1
    0.98446
   0.950427
   0.907241
   0.855323
   0.795169
   0.727362
    0.65255
   0.571461
   0.484868
   0.393612
   0.298569
   0.200653
    0.10081
  0.0928808
   0.184861
   0.275056
   0.362596
   0.446641
   0.526379
   0.601045
   0.669918
   0.732336
   0.787698
   0.835474
     0.8752
   0.906495
   0.929061
   0.942679
   0.947219
   0.942636
   0.928976
   0.906368
   0.875034
   0.835276
   0.787474
   0.732093
   0.669663
   0.600788
   0.526128
   0.446407
   0.362389
   0.274884
   0.184737
  0.0928134
  0.0851804
   0.169535
   0.252253
   0.332538
   0.409614
   0.482742
   0.551218
   0.614382
   0.671625
   0.722399
   0.766212
   0.802645
   0.831348
   0.852045
   0.864534
   0.868696
   0.864491
   0.851965
   0.831233
   0.802496
   0.766033
   0.722196
   0.671404
   0.614151
   0.550985
   0.482513
     0.4094
   0.332348
   0.252098
   0.169423
  0.0851195
   0.077784
   0.154814
   0.230348
   0.303659
   0.374043
   0.440821
   0.503352
    0.56103
   0.613304
   0.659667
   0.699677
   0.732948
   0.759159
   0.778058
   0.789464
   0.793265
   0.789427
   0.777985
   0.759051
   0.732812
   0.699516
   0.659482
   0.613104
   0.560821
    0.50314
   0.440616
   0.373852
    0.30349
   0.230207
   0.154711
  0.0777283
  0.0706896
   0.140694
    0.20934
   0.275967
   0.339932
    0.40062
   0.457446
   0.509865
    0.55737
   0.599508
   0.635869
   0.666104
   0.689924
   0.707099
   0.717465
    0.72092
   0.717433
   0.707037
   0.689832
   0.665982
   0.635722
   0.599342
    0.55719
   0.509675
   0.457255
   0.400432
   0.339756
   0.275811
   0.209213
   0.140602
  0.0706397
   0.063899
   0.127179
   0.189231
   0.249456
   0.307278
   0.362136
   0.413504
   0.460886
    0.50383
   0.541917
   0.574785
   0.602118
   0.623652
   0.639179
   0.648548
   0.651671
   0.648517
   0.639116
   0.623564
   0.602009
   0.574655
   0.541767
   0.503666
   0.460716
    0.41333
   0.361968
   0.307121
   0.249317
   0.189116
   0.127096
  0.0638542
  0.0574118
   0.114267
    0.17002
   0.224131
   0.276081
   0.325368
   0.371521
   0.414093
   0.452676
   0.486898
    0.51643
   0.540987
   0.560333
   0.574282
     0.5827
   0.585506
   0.582674
   0.574231
   0.560257
   0.540887
   0.516308
   0.486763
   0.452529
   0.413939
   0.371366
   0.325216
   0.275937
   0.224004
   0.169915
   0.114192
   0.057371
  0.0512271
   0.101958
   0.151703
   0.199985
   0.246339
   0.290318
   0.331498
   0.369485
   0.403911
   0.434447
   0.460797
   0.482709
   0.499973
    0.51242
   0.519931
   0.522434
   0.519905
   0.512368
   0.499899
   0.482618
   0.460688
   0.434325
   0.403779
   0.369347
   0.331359
   0.290182
   0.246211
   0.199872
    0.15161
    0.10189
  0.0511903
  0.0453452
  0.0902509
   0.134285
   0.177023
   0.218055
   0.256984
   0.293437
   0.327061
   0.357535
   0.384563
   0.407888
   0.427283
   0.442562
   0.453579
   0.460227
   0.462443
   0.460206
   0.453536
   0.442498
     0.4272
    0.40779
   0.384452
   0.357415
   0.326936
   0.293309
    0.25686
   0.217939
   0.176921
     0.1342
  0.0901897
   0.045312
  0.0397664
  0.0791473
   0.117764
   0.155244
   0.191226
   0.225365
   0.257332
   0.286821
   0.313544
   0.337247
   0.357701
   0.374709
   0.388108
   0.397769
   0.403599
   0.405542
   0.403578
   0.397728
    0.38805
   0.374634
    0.35761
   0.337145
   0.313434
   0.286705
   0.257217
   0.225252
    0.19112
   0.155148
   0.117685
  0.0790903
  0.0397355
  0.0344897
  0.0686448
   0.102137
   0.134644
   0.165851
    0.19546
   0.223186
    0.24876
   0.271938
   0.292494
   0.310233
   0.324985
   0.336605
   0.344983
   0.350039
   0.351723
    0.35002
   0.344946
    0.33655
   0.324913
   0.310149
   0.292399
   0.271833
   0.248651
   0.223076
   0.195354
   0.165752
   0.134556
   0.102065
  0.0685925
  0.0344614
  0.0295154
  0.0587446
  0.0874062
   0.115224
   0.141932
    0.16727
   0.190995
   0.212879
   0.232713
   0.250304
   0.265483
   0.278105
   0.288049
   0.295219
   0.299545
   0.300985
   0.299526
   0.295182
   0.287997
    0.27804
   0.265405
   0.250213
   0.232615
   0.212778
   0.190893
    0.16717
   0.141838
   0.115142
  0.0873386
  0.0586956
   0.029489
  0.0248432
  0.0494453
  0.0735696
  0.0969834
   0.119462
   0.140788
   0.160757
   0.179176
   0.195869
   0.210674
    0.22345
   0.234072
   0.242441
   0.248473
   0.252112
   0.253323
   0.252096
    0.24844
   0.242392
   0.234011
   0.223376
    0.21059
   0.195778
   0.179081
    0.16066
   0.140694
   0.119374
  0.0969063
  0.0735061
  0.0493994
  0.0248184
  0.0204728
  0.0407466
  0.0606262
  0.0799205
  0.0984435
   0.116017
   0.132473
    0.14765
   0.161405
   0.173604
   0.184131
   0.192884
   0.199778
   0.204748
   0.207747
   0.208744
   0.207731
   0.204718
   0.199733
   0.192826
   0.184062
   0.173526
    0.16132
   0.147561
   0.132383
    0.11593
  0.0983623
  0.0798485
  0.0605669
  0.0407036
  0.0204496
  0.0164038
  0.0326481
  0.0485764
  0.0640355
  0.0788762
  0.0929557
   0.106139
   0.118299
   0.129319
   0.139092
   0.147526
   0.154537
    0.16006
   0.164041
   0.166442
    0.16724
   0.166427
   0.164012
   0.160018
   0.154482
    0.14746
   0.139019
    0.12924
   0.118216
   0.106055
  0.0928742
  0.0787996
  0.0639676
  0.0485208
  0.0326078
  0.0163821
  0.0126364
  0.0251496
   0.037419
  0.0493266
  0.0607579
  0.0716028
  0.0817568
  0.0911225
  0.0996099
   0.107137
   0.113631
   0.119031
   0.123284
   0.126349
   0.128197
   0.128811
   0.128183
   0.126322
   0.123244
    0.11898
    0.11357
   0.107068
  0.0995352
  0.0910448
  0.0816782
  0.0715261
  0.0606864
  0.0492632
  0.0373667
  0.0251117
   0.012616
 0.00917007
  0.0182504
  0.0271535
  0.0357938
  0.0440882
  0.0519568
  0.0593241
  0.0661189
  0.0722762
  0.0777364
  0.0824471
  0.0863633
  0.0894474
  0.0916699
  0.0930093
  0.0934529
  0.0929965
  0.0916444
  0.0894104
  0.0863155
  0.0823899
  0.0776717
  0.0722058
  0.0660456
  0.0592501
  0.0518849
  0.0440213
  0.0357345
  0.0271047
   0.018215
 0.00915102
 0.00600475
  0.0119503
  0.0177795
  0.0234363
  0.0288661
  0.0340169
   0.038839
  0.0432861
  0.0473155
  0.0508884
  0.0539706
  0.0565325
  0.0585496
  0.0600025
  0.0608773
  0.0611659
  0.0608653
  0.0599788
   0.058515
  0.0564879
  0.0539173
   0.050828
    0.04725
  0.0432177
  0.0387699
  0.0339496
  0.0288033
  0.0233806
  0.0177338
  0.0119172
  0.0059869
 0.00314012
 0.00624876
 0.00929602
  0.0122526
  0.0150901
  0.0177813
  0.0203002
  0.0226227
  0.0247266
  0.0265916
     0.0282
  0.0295362
  0.0305876
  0.0313442
  0.0317987
  0.0319469
  0.0317874
  0.0313221
  0.0305552
  0.0294945
  0.0281502
  0.0265353
  0.0246655
  0.0225589
  0.0202357
  0.0177185
  0.0150315
  0.0122007
 0.00925336
 0.00621788
 0.00312349
0.000575945
  0.0011452
 0.00170232
 0.00224199
 0.00275904
 0.00324856
 0.00370589
 0.00412671
 0.00450705
 0.00484332
 0.00513238
 0.00537155
 0.00555861
 0.00569188
 0.00577015
 0.00579279
 0.00575969
 0.00567126
 0.00552844
  0.0053327
 0.00508603
 0.00479088
 0.00445017
 0.00406725
 0.00364587
 0.00319015
 0.00270453
  0.0021937
 0.00166264
 0.00111648
0.000560483
 -0.0016881
  -0.003361
-0.00500255
-0.00659691
-0.00812867
-0.00958305
  -0.010946
 -0.0122042
 -0.0133456
 -0.0143591
 -0.0152349
 -0.0159643
 -0.0165404
 -0.0169574
 -0.0172112
 -0.0172994
 -0.0172209
 -0.0169765
 -0.0165684
 -0.0160004
 -0.0152779
 -0.0144078
 -0.0133984
 -0.0122594
 -0.0110016
 -0.0096372
-0.00817921
-0.00664168
-0.00503934
-0.00338763
-0.00170244
-0.00365239
-0.00727058
 -0.0108197
 -0.0142655
 -0.0175747
 -0.0207156
 -0.0236577
 -0.0263727
 -0.0288343
 -0.0310188
  -0.032905
 -0.0344748
 -0.0357129
 -0.0366073
 -0.0371492
 -0.0373334
 -0.0371582
 -0.0366249
 -0.0357387
 -0.0345081
 -0.0329447
 -0.0310637
  -0.028883
 -0.0264236
 -0.0237091
 -0.0207656
 -0.0176214
 -0.0143068
 -0.0108536
-0.00729513
-0.00366561
-0.00531731
 -0.0105843
 -0.0157502
 -0.0207652
  -0.025581
 -0.0301513
  -0.034432
 -0.0383816
 -0.0419622
  -0.045139
 -0.0478817
 -0.0501637
 -0.0519628
 -0.0532617
 -0.0540476
 -0.0543133
  -0.054056
 -0.0532778
 -0.0519865
 -0.0501941
 -0.0479181
 -0.0451802
 -0.0420067
 -0.0384282
 -0.0344789
 -0.0301972
 -0.0256238
 -0.0208031
 -0.0157813
 -0.0106068
-0.00532944
 -0.0066833
  -0.013303
 -0.0197954
 -0.0260978
 -0.0321497
 -0.0378928
 -0.0432714
 -0.0482339
 -0.0527323
 -0.0567234
 -0.0601687
 -0.0630348
 -0.0652941
 -0.0669245
 -0.0679106
  -0.068243
 -0.0679184
 -0.0669395
 -0.0653154
 -0.0630623
 -0.0602016
 -0.0567608
  -0.052773
 -0.0482762
 -0.0433141
 -0.0379343
 -0.0321887
 -0.0261323
 -0.0198237
 -0.0133235
 -0.0066943
-0.00775079
 -0.0154277
 -0.0229566
 -0.0302653
 -0.0372829
 -0.0439423
 -0.0501789
  -0.055933
 -0.0611488
 -0.0657761
   -0.06977
 -0.0730928
 -0.0757116
 -0.0776012
 -0.0787437
 -0.0791281
 -0.0787507
 -0.0776149
 -0.0757309
 -0.0731175
 -0.0697999
 -0.0658094
 -0.0611851
  -0.055971
 -0.0502175
 -0.0439797
 -0.0373178
 -0.0302962
 -0.0229822
 -0.0154461
-0.00776072
-0.00852037
 -0.0169593
 -0.0252355
 -0.0332692
 -0.0409832
 -0.0483031
 -0.0551583
 -0.0614826
 -0.0672152
  -0.072301
 -0.0766907
 -0.0803424
 -0.0832202
 -0.0852964
 -0.0865516
 -0.0869735
 -0.0865579
 -0.0853088
 -0.0832375
 -0.0803643
 -0.0767172
 -0.0723308
 -0.0672475
 -0.0615165
 -0.0551927
 -0.0483365
 -0.0410144
  -0.033297
 -0.0252582
 -0.0169757
-0.00852922
-0.00899245
 -0.0178989
 -0.0266336
 -0.0351123
 -0.0432531
  -0.050978
 -0.0582125
 -0.0648867
 -0.0709366
 -0.0763033
 -0.0809359
  -0.084789
 -0.0878255
 -0.0900162
 -0.0913404
 -0.0917851
 -0.0913459
 -0.0900271
 -0.0878412
 -0.0848086
 -0.0809593
 -0.0763303
 -0.0709654
  -0.064917
 -0.0582434
  -0.051008
  -0.043281
 -0.0351368
 -0.0266538
 -0.0179136
-0.00900038
-0.00916788
  -0.018248
 -0.0271529
 -0.0357966
  -0.044096
 -0.0519714
 -0.0593466
 -0.0661507
 -0.0723178
 -0.0777891
 -0.0825114
  -0.086439
  -0.089534
 -0.0917673
 -0.0931169
 -0.0935699
 -0.0931217
 -0.0917767
 -0.0895479
 -0.0864564
 -0.0825318
 -0.0778123
 -0.0723435
 -0.0661773
 -0.0593737
 -0.0519979
 -0.0441208
 -0.0358184
 -0.0271707
 -0.0182609
-0.00917485
-0.00904735
  -0.018008
 -0.0267956
 -0.0353255
 -0.0435157
 -0.0512871
  -0.058565
 -0.0652793
 -0.0713652
 -0.0767641
 -0.0814237
  -0.085299
 -0.0883534
 -0.0905571
 -0.0918887
 -0.0923353
 -0.0918926
  -0.090565
 -0.0883651
 -0.0853144
 -0.0814415
  -0.076784
  -0.071387
 -0.0653026
 -0.0585884
 -0.0513098
 -0.0435368
 -0.0353441
 -0.0268109
  -0.018019
-0.00905331
-0.00863172
 -0.0171806
 -0.0255644
 -0.0337023
 -0.0415159
   -0.04893
 -0.0558733
 -0.0622789
 -0.0680847
  -0.073235
 -0.0776801
 -0.0813777
 -0.0842916
 -0.0863938
 -0.0876638
 -0.0880896
  -0.087667
 -0.0864001
  -0.084301
 -0.0813901
 -0.0776954
 -0.0732523
 -0.0681032
 -0.0622981
  -0.055893
 -0.0489492
 -0.0415336
  -0.033718
 -0.0255773
   -0.01719
-0.00863673
-0.00792171
 -0.0157674
 -0.0234617
 -0.0309301
 -0.0381011
 -0.0449052
 -0.0512772
 -0.0571555
 -0.0624836
 -0.0672102
 -0.0712899
 -0.0746831
  -0.077357
 -0.0792859
 -0.0804513
  -0.080842
  -0.080454
 -0.0792912
 -0.0773647
  -0.074693
 -0.0713019
 -0.0672242
 -0.0624991
 -0.0571716
 -0.0512934
 -0.0449209
 -0.0381158
 -0.0309432
 -0.0234724
 -0.0157753
-0.00792594
-0.00691867
 -0.0137709
 -0.0204908
 -0.0270135
 -0.0332762
 -0.0392188
 -0.0447838
 -0.0499175
 -0.0545708
 -0.0586985
 -0.0622613
 -0.0652245
 -0.0675593
 -0.0692434
 -0.0702612
 -0.0706024
 -0.0702639
 -0.0692487
 -0.0675665
 -0.0652331
 -0.0622713
   -0.05871
 -0.0545829
 -0.0499301
 -0.0447965
  -0.039231
 -0.0332878
 -0.0270236
 -0.0204991
  -0.013777
-0.00692192
-0.00562353
 -0.0111931
 -0.0166549
 -0.0219566
 -0.0270469
  -0.031877
 -0.0364002
 -0.0405727
 -0.0443549
   -0.04771
 -0.0506055
 -0.0530139
 -0.0549118
  -0.056281
 -0.0571081
 -0.0573852
 -0.0571097
 -0.0562842
 -0.0549166
 -0.0530202
 -0.0506131
 -0.0477182
 -0.0443638
 -0.0405821
 -0.0364096
  -0.031886
 -0.0270554
 -0.0219641
 -0.0166611
 -0.0111975
-0.00562593
-0.00403767
-0.00803656
 -0.0119582
 -0.0157647
 -0.0194196
 -0.0228875
 -0.0261351
  -0.029131
 -0.0318465
 -0.0342555
 -0.0363345
 -0.0380636
 -0.0394261
 -0.0404089
 -0.0410026
 -0.0412017
 -0.0410041
 -0.0404116
 -0.0394295
 -0.0380677
 -0.0363392
 -0.0342607
 -0.0318523
 -0.0291371
 -0.0261413
 -0.0228935
 -0.0194252
 -0.0157697
 -0.0119623
-0.00803952
-0.00403927
-0.00216261
-0.00430445
-0.00640489
 -0.0084437
 -0.0104013
 -0.0122587
 -0.0139981
 -0.0156027
 -0.0170572
 -0.0183474
 -0.0194609
 -0.0203871
 -0.0211168
 -0.0216432
 -0.0219612
 -0.0220677
 -0.0219619
 -0.0216444
 -0.0211184
  -0.020389
 -0.0194632
   -0.01835
   -0.01706
 -0.0156058
 -0.0140012
 -0.0122617
 -0.0104041
-0.00844617
-0.00640693
-0.00430593
-0.00216341
          0
          0
          0
          0
          0
          0
          0
          0
          0
          0
          0
          0
          0
          0
          0
          0
          0
          0
          0
          0
          0
          0
          0
          0
          0
          0
          0
          0
          0
          0
          0
