1.0
1.0
1.0
1.0
1.0
1.0
1.0
1.0
1.0
1.0
1.0
1.0
1.0
1.0
1.0
1.0
1.0
1.0
1.0
1.0
1.0
1.0
1.0
1.0
1.0
1.0
1.0
1.0
1.0
1.0
1.0
1.0
1.0
1.0
1.0
1.0
1.0
1.0
1.0
1.0
1.0
1.0
1.0
1.0
1.0
1.0
0.947219
0.8686959999999999
0.793265
0.72092
0.651671
0.5855060000000001
0.5224340000000001
0.46244300000000005
0.405542
0.351723
0.300985
0.253323
0.208744
0.16724
0.12881099999999998
0.0934529
0.0611659
0.0319469
0.00579279
-0.017299400000000003
-0.0373334
-0.0543133
-0.068243
-0.0791281
-0.0869735
-0.09178510000000001
-0.0935699
-0.09233530000000001
-0.0880896
-0.080842
-0.07060239999999998
-0.0573852
-0.0412017
-0.022067700000000003
0.0
