   0.0980202
     0.19509
    0.290281
    0.382681
    0.471401
    0.555568
    0.634388
    0.707108
    0.773008
    0.831468
    0.881918
    0.923878
    0.956938
    0.980788
    0.995178
    0.999998
    0.995178
    0.980788
    0.956938
    0.923878
    0.881918
    0.831468
    0.773008
    0.707108
    0.634388
    0.555568
    0.471399
    0.382679
    0.290281
     0.19509
   0.0980198
   -0.771161
    -1.53497
    -2.28407
    -3.01125
    -3.70949
    -4.37206
    -4.99258
    -5.56507
    -6.08402
    -6.54441
    -6.94181
    -7.27237
    -7.53292
    -7.72092
    -7.83457
    -7.87278
    -7.83516
    -7.72209
    -7.53461
    -7.27457
    -6.94443
    -6.54738
    -6.08725
    -5.56846
      -4.996
    -4.37539
     -3.7126
    -3.01401
    -2.28635
    -1.53662
   -0.772048
    0.095598
    0.190276
    0.283123
    0.373246
    0.459774
    0.541875
    0.618755
    0.689678
     0.75396
    0.810983
    0.860195
    0.901124
    0.933375
    0.956636
    0.970685
    0.975385
    0.970691
     0.95665
    0.933395
     0.90115
    0.860228
    0.811022
    0.754005
    0.689728
    0.618803
    0.541918
    0.459814
    0.373283
    0.283154
    0.190299
   0.0956102
   -0.749694
    -1.49224
     -2.2205
    -2.92742
    -3.60622
    -4.25034
    -4.85359
    -5.41013
    -5.91462
    -6.36219
    -6.74851
    -7.06987
    -7.32315
    -7.50591
    -7.61639
    -7.65353
    -7.61694
      -7.507
    -7.32475
    -7.07193
    -6.75099
      -6.365
    -5.91767
    -5.41333
    -4.85681
    -4.25348
    -3.60916
    -2.93002
    -2.22263
     -1.4938
   -0.750535
   0.0932058
    0.185516
    0.276041
     0.36391
    0.448276
    0.528327
    0.603289
    0.672441
    0.735121
    0.790723
     0.83871
     0.87862
    0.910069
    0.932753
    0.946454
     0.95104
    0.946467
    0.932778
    0.910107
    0.878671
    0.838773
    0.790798
    0.735205
    0.672528
    0.603374
    0.528408
    0.448355
     0.36398
    0.276099
    0.185558
   0.0932286
   -0.728532
    -1.45012
     -2.1578
    -2.84477
    -3.50439
    -4.13031
    -4.71651
    -5.25734
     -5.7476
    -6.18251
    -6.55793
    -6.87019
     -7.1163
    -7.29389
    -7.40124
    -7.43732
    -7.40178
    -7.29492
    -7.11782
    -6.87213
    -6.56025
    -6.18515
    -5.75047
    -5.26037
    -4.71957
    -4.13328
    -3.50716
    -2.84722
    -2.15982
    -1.45158
   -0.729322
   0.0908385
    0.180806
    0.269035
    0.354677
    0.436905
    0.514927
    0.587992
    0.655395
     0.71649
    0.770686
    0.817461
    0.856363
    0.887017
     0.90913
    0.922488
    0.926963
    0.922512
    0.909173
    0.887078
     0.85644
    0.817555
    0.770797
     0.71661
    0.655521
    0.588119
    0.515053
    0.437022
    0.354781
    0.269123
    0.180869
   0.0908731
   -0.707669
    -1.40859
      -2.096
    -2.76329
    -3.40401
      -4.012
    -4.58141
    -5.10675
    -5.58293
    -6.00539
    -6.37003
    -6.67334
    -6.91239
    -7.08489
    -7.18915
    -7.22418
    -7.18964
    -7.08586
    -6.91381
    -6.67517
    -6.37221
    -6.00786
    -5.58563
    -5.10956
    -4.58428
     -4.0148
    -3.40661
    -2.76558
    -2.09789
    -1.40996
   -0.708408
   0.0884996
    0.176151
    0.262111
    0.345548
    0.425662
    0.501678
    0.572868
     0.63854
    0.698068
    0.750874
    0.796449
    0.834354
    0.864225
    0.885773
    0.898792
    0.903156
    0.898823
    0.885834
    0.864311
    0.834462
    0.796578
    0.751022
    0.698228
    0.638709
    0.573039
    0.501845
    0.425818
    0.345686
    0.262223
    0.176234
   0.0885445
   -0.687104
    -1.36765
    -2.03508
    -2.68297
    -3.30507
     -3.8954
    -4.44823
    -4.95829
    -5.42064
     -5.8308
    -6.18483
    -6.47932
    -6.71142
    -6.87888
    -6.98011
     -7.0141
    -6.98055
    -6.87977
    -6.71272
      -6.481
    -6.18686
     -5.8331
    -5.42314
    -4.96092
    -4.45089
    -3.89798
    -3.30749
    -2.68512
    -2.03684
    -1.36893
   -0.687793
   0.0861874
     0.17155
    0.255265
    0.336525
    0.414549
    0.488585
    0.557919
    0.621881
     0.67986
    0.731292
    0.775682
    0.812604
    0.841701
    0.862692
    0.875376
    0.879629
    0.875412
    0.862765
    0.841808
    0.812739
    0.775844
    0.731476
    0.680059
    0.622094
    0.558131
    0.488793
    0.414744
    0.336698
    0.255407
    0.171654
   0.0862434
   -0.666838
    -1.32731
    -1.97505
    -2.60382
    -3.20756
    -3.78046
      -4.317
      -4.812
    -5.26069
    -5.65874
    -6.00232
     -6.2881
    -6.51333
    -6.67584
    -6.77407
    -6.80706
    -6.77449
    -6.67667
    -6.51455
    -6.28966
    -6.00419
    -5.66086
      -5.263
    -4.81442
    -4.31947
    -3.78287
    -3.20981
    -2.60581
    -1.97669
    -1.32849
   -0.667476
   0.0839021
    0.167003
      0.2485
    0.327609
     0.40357
    0.475647
    0.543148
    0.605421
    0.661868
    0.711943
    0.755163
    0.791114
    0.819446
    0.839887
     0.85224
    0.856384
    0.852282
    0.839972
    0.819573
    0.791276
    0.755359
    0.712164
    0.662108
    0.605673
    0.543401
    0.475896
    0.403803
    0.327818
    0.248671
    0.167127
   0.0839694
   -0.646869
    -1.28756
     -1.9159
    -2.52583
     -3.1115
    -3.66724
    -4.18769
    -4.66786
     -5.1031
    -5.48922
    -5.82248
    -6.09969
    -6.31816
    -6.47579
    -6.57106
    -6.60305
    -6.57145
    -6.47656
    -6.31927
    -6.10113
    -5.82419
    -5.49116
    -5.10521
    -4.67009
    -4.18993
    -3.66943
    -3.11356
    -2.52767
    -1.91741
    -1.28865
   -0.647458
    0.081645
    0.162511
    0.241817
    0.318801
     0.39272
    0.462864
    0.528556
     0.58916
    0.644096
    0.692829
    0.734895
    0.769885
    0.797461
    0.817358
    0.829384
    0.833424
    0.829435
    0.817458
    0.797609
    0.770075
    0.735124
    0.693089
    0.644377
    0.589456
    0.528856
    0.463157
    0.392996
    0.319044
    0.242018
    0.162655
   0.0817231
   -0.627196
     -1.2484
    -1.85764
    -2.44903
    -3.01687
     -3.5557
    -4.06032
    -4.52586
    -4.94786
    -5.32221
    -5.64533
    -5.91409
    -6.12591
    -6.27873
    -6.37108
    -6.40208
    -6.37142
    -6.27941
    -6.12691
    -5.91538
    -5.64689
    -5.32397
    -4.94978
    -4.52788
    -4.06236
     -3.5577
    -3.01874
    -2.45068
    -1.85901
     -1.2494
   -0.627735
   0.0794159
    0.158075
    0.235219
    0.310105
     0.38201
    0.450243
    0.514144
      0.5731
    0.626544
    0.673954
    0.714878
    0.748919
    0.775748
    0.795108
    0.806811
    0.810746
    0.806872
    0.795225
    0.775919
    0.749138
    0.715141
    0.674252
    0.626868
    0.573441
    0.514488
    0.450578
    0.382323
    0.310382
    0.235447
     0.15824
   0.0795054
   -0.607828
    -1.20985
    -1.80026
    -2.37337
    -2.92367
    -3.44584
    -3.93486
    -4.38601
    -4.79494
    -5.15772
    -5.47085
    -5.73129
    -5.93654
    -6.08462
    -6.17411
    -6.20415
    -6.17443
    -6.08524
    -5.93744
    -5.73246
    -5.47224
    -5.15932
    -4.79667
    -4.38783
    -3.93671
    -3.44764
    -2.92535
    -2.37487
     -1.8015
    -1.21075
   -0.608316
   0.0772154
    0.153696
    0.228705
    0.301518
    0.371435
    0.437782
    0.499918
    0.557245
    0.609214
    0.655318
    0.695115
    0.728219
    0.754312
    0.773142
    0.784527
    0.788356
    0.784594
    0.773274
    0.754505
    0.728468
    0.695411
    0.655654
     0.60958
    0.557631
    0.500305
    0.438159
    0.371787
     0.30183
    0.228961
    0.153882
   0.0773157
   -0.588751
    -1.17188
    -1.74375
    -2.29887
    -2.83189
    -3.33766
    -3.81131
    -4.24828
    -4.64437
    -4.99575
    -5.29901
    -5.55126
    -5.75006
    -5.89348
    -5.98015
    -6.00922
    -5.98044
    -5.89405
    -5.75088
    -5.55232
    -5.30029
    -4.99718
    -4.64594
    -4.24994
    -3.81298
    -3.33929
    -2.83341
    -2.30023
    -1.74487
    -1.17269
   -0.589191
    0.075043
    0.149373
    0.222273
    0.293042
    0.360996
    0.425482
    0.485876
    0.541596
    0.592108
    0.636923
    0.675607
    0.707788
    0.733155
    0.751461
    0.762531
    0.766258
    0.762605
    0.751608
    0.733368
    0.708065
    0.675938
    0.637297
    0.592516
    0.542024
    0.486306
      0.4259
    0.361388
    0.293389
    0.222559
    0.149579
   0.0751543
   -0.569969
    -1.13449
    -1.68812
    -2.22553
    -2.74153
    -3.23115
    -3.68968
     -4.1127
    -4.49613
    -4.83627
    -5.12986
    -5.37406
     -5.5665
    -5.70533
    -5.78921
    -5.81734
    -5.78945
    -5.70581
    -5.56722
      -5.375
    -5.13099
    -4.83757
    -4.49755
    -4.11418
    -3.69119
    -3.23262
    -2.74289
    -2.22674
    -1.68912
    -1.13522
   -0.570365
   0.0728991
    0.145107
    0.215927
    0.284677
    0.350695
    0.413343
    0.472018
    0.526154
    0.575229
    0.618772
    0.656357
    0.687626
    0.712275
    0.730065
    0.740825
    0.744451
    0.740906
    0.730226
     0.71251
    0.687931
    0.656721
    0.619183
    0.575677
    0.526622
    0.472492
    0.413804
    0.351125
    0.285058
    0.216241
    0.145334
   0.0730217
   -0.551485
    -1.09769
    -1.63336
    -2.15332
    -2.65258
    -3.12631
    -3.56996
    -3.97925
    -4.35023
    -4.67934
    -4.96338
    -5.19963
     -5.3858
    -5.52012
    -5.60128
     -5.6285
    -5.60152
    -5.52058
    -5.38646
    -5.20047
     -4.9644
    -4.68049
    -4.35149
    -3.98059
    -3.57131
    -3.12763
    -2.65382
    -2.15442
    -1.63426
    -1.09835
   -0.551842
   0.0707839
    0.140898
    0.209666
    0.276425
    0.340531
    0.401367
    0.458346
    0.510918
    0.558576
    0.600862
    0.637365
    0.667734
    0.691674
    0.708955
    0.719409
    0.722936
    0.719499
    0.709131
    0.691933
    0.668067
    0.637763
    0.601312
    0.559065
    0.511429
    0.458862
     0.40187
       0.341
     0.27684
    0.210008
    0.141146
   0.0709178
   -0.533293
    -1.06148
    -1.57947
    -2.08227
    -2.56505
    -3.02315
    -3.45216
    -3.84793
    -4.20666
    -4.52489
    -4.79956
    -5.02801
    -5.20804
    -5.33791
    -5.41638
    -5.44268
    -5.41657
     -5.3383
    -5.20863
    -5.02879
    -4.80048
    -4.52594
    -4.20781
    -3.84914
    -3.45338
    -3.02435
    -2.56617
    -2.08327
    -1.58029
    -1.06207
   -0.533613
   0.0686972
    0.136745
    0.203489
    0.268284
    0.330506
    0.389554
     0.44486
    0.495889
     0.54215
    0.583196
    0.618633
    0.648113
    0.671356
    0.688135
    0.698287
    0.701715
    0.698385
    0.688326
    0.671637
    0.648475
    0.619064
    0.583686
    0.542681
    0.496445
    0.445421
      0.3901
    0.331015
    0.268736
    0.203861
    0.137016
   0.0688429
   -0.515395
    -1.02585
    -1.52646
    -2.01238
    -2.47896
    -2.92168
    -3.33628
    -3.71877
    -4.06546
      -4.373
    -4.63842
    -4.85919
    -5.03316
    -5.15867
     -5.2345
    -5.25992
    -5.23469
    -5.15906
    -5.03371
    -4.85988
    -4.63925
    -4.37395
     -4.0665
    -3.71986
    -3.33738
    -2.92276
    -2.47997
    -2.01328
     -1.5272
    -1.02639
   -0.515685
   0.0666392
    0.132651
    0.197397
    0.260255
    0.320618
    0.377904
     0.43156
    0.481068
    0.525951
    0.565776
    0.600158
    0.628765
     0.65132
    0.667603
    0.677458
    0.680789
    0.677563
     0.66781
    0.651623
    0.629156
    0.600625
    0.566305
    0.526526
    0.481669
    0.432167
    0.378495
     0.32117
    0.260745
      0.1978
    0.132943
   0.0667969
   -0.497797
   -0.990826
    -1.47434
    -1.94367
    -2.39431
     -2.8219
    -3.22234
    -3.59176
     -3.9266
    -4.22362
    -4.47999
    -4.69322
    -4.86125
    -4.98246
    -5.05569
    -5.08023
    -5.05584
    -4.98276
     -4.8617
    -4.69382
    -4.48075
    -4.22449
    -3.92753
    -3.59274
    -3.22334
    -2.82287
    -2.39522
    -1.94448
      -1.475
   -0.991313
   -0.498061
   0.0646102
    0.128613
    0.191391
    0.252338
    0.310869
    0.366417
    0.418446
    0.466455
    0.509981
    0.548601
    0.581944
    0.609689
    0.631564
     0.64736
    0.656922
    0.660159
    0.657036
    0.647584
    0.631892
     0.61011
    0.582448
    0.549171
    0.510599
    0.467103
    0.419101
    0.367054
    0.311465
    0.252867
    0.191825
    0.128928
     0.06478
     -0.4805
   -0.956396
     -1.4231
    -1.87612
    -2.31109
    -2.72382
    -3.11033
     -3.4669
    -3.79009
    -4.07678
    -4.32422
    -4.53002
     -4.6922
    -4.80919
    -4.87987
    -4.90356
    -4.88002
    -4.80949
    -4.69265
    -4.53062
    -4.32492
    -4.07756
    -3.79094
    -3.46779
    -3.11123
     -2.7247
    -2.31191
    -1.87685
     -1.4237
   -0.956832
   -0.480736
   0.0626098
    0.124633
     0.18547
    0.244535
    0.301259
    0.355094
     0.40552
    0.452051
    0.494237
    0.531671
    0.563992
    0.590885
    0.612093
    0.627409
    0.636682
    0.639824
    0.636804
    0.627648
    0.612445
    0.591339
    0.564533
    0.532284
    0.494903
    0.452747
    0.406223
    0.355779
    0.301899
    0.245103
    0.185937
    0.124971
   0.0627924
   -0.463502
    -0.92256
    -1.37275
    -1.80974
    -2.22931
    -2.62743
    -3.00027
    -3.34421
    -3.65595
     -3.9325
    -4.17118
    -4.36968
    -4.52611
    -4.63896
    -4.70713
    -4.72998
    -4.70729
    -4.63926
    -4.52654
    -4.37021
    -4.17179
    -3.93321
    -3.65672
      -3.345
    -3.00107
    -2.62821
    -2.23004
    -1.81039
    -1.37328
   -0.922947
   -0.463711
   0.0606385
     0.12071
    0.179635
    0.236845
    0.291788
    0.343934
    0.392781
    0.437855
    0.478722
    0.514987
    0.546299
    0.572357
    0.592905
    0.607746
    0.616736
    0.619787
    0.616867
    0.608005
    0.593283
    0.572843
     0.54688
    0.515644
    0.479436
    0.438601
    0.393534
    0.344668
    0.292474
    0.237453
    0.180135
    0.121073
   0.0608342
   -0.446801
   -0.889316
    -1.32328
    -1.74452
    -2.14897
    -2.53275
    -2.89213
    -3.22368
    -3.52419
    -3.79077
    -4.02085
    -4.21221
      -4.363
    -4.47177
    -4.53749
     -4.5595
     -4.5376
    -4.47199
    -4.36333
    -4.21264
    -4.02138
     -3.7914
    -3.52487
    -3.22439
    -2.89285
    -2.53344
    -2.14963
     -1.7451
    -1.32376
   -0.889666
    -0.44699
   0.0586959
    0.116845
    0.173885
    0.229267
    0.282456
     0.33294
     0.38023
    0.423869
    0.463437
     0.49855
    0.528869
      0.5541
    0.574001
    0.588376
    0.597086
    0.600045
    0.597226
    0.588652
    0.574404
     0.55462
     0.52949
    0.499253
    0.464199
    0.424667
    0.381035
    0.333724
     0.28319
    0.229917
     0.17442
    0.117232
   0.0589051
     -0.4304
   -0.856671
    -1.27471
    -1.68048
    -2.07008
    -2.43976
    -2.78595
    -3.10532
     -3.3948
    -3.65158
     -3.8732
    -4.05751
    -4.20276
    -4.30754
    -4.37083
    -4.39203
    -4.37093
    -4.30775
    -4.20308
    -4.05793
    -3.87369
    -3.65213
     -3.3954
    -3.10596
    -2.78659
    -2.44038
    -2.07067
      -1.681
    -1.27513
   -0.856981
   -0.430567
   0.0567823
    0.113037
    0.168221
    0.221803
    0.273264
    0.322109
    0.367866
    0.410092
     0.44838
    0.482359
    0.511699
     0.53612
    0.555381
    0.569297
    0.577731
    0.580603
    0.577881
    0.569591
    0.555811
    0.536674
    0.512362
    0.483108
    0.449193
    0.410943
    0.368726
    0.322946
    0.274046
    0.222496
    0.168792
    0.113451
   0.0570053
   -0.414299
   -0.824621
    -1.22701
     -1.6176
    -1.99263
    -2.34848
    -2.68172
    -2.98914
    -3.26778
    -3.51495
    -3.72827
    -3.90568
    -4.04548
    -4.14633
    -4.20725
    -4.22766
    -4.20736
    -4.14654
     -4.0458
    -3.90605
     -3.7287
    -3.51544
     -3.2683
    -2.98968
    -2.68227
    -2.34903
    -1.99315
    -1.61806
    -1.22739
   -0.824894
   -0.414447
   0.0548976
    0.109287
    0.162643
    0.214451
    0.264212
    0.311443
    0.355691
    0.396525
    0.433553
    0.466415
    0.494793
    0.518413
    0.537047
     0.55051
    0.558674
    0.561457
    0.558833
    0.550823
    0.537504
    0.519004
    0.495498
    0.467212
    0.434418
    0.397431
    0.356605
    0.312334
    0.265044
    0.215189
     0.16325
    0.109727
    0.055135
   -0.398496
   -0.793169
    -1.18021
    -1.55591
    -1.91664
    -2.25891
    -2.57943
    -2.87512
    -3.14313
    -3.38087
    -3.58606
    -3.75671
    -3.89118
    -3.98817
    -4.04676
     -4.0664
    -4.04686
    -3.98834
    -3.89141
    -3.75701
    -3.58642
    -3.38128
    -3.14357
    -2.87559
    -2.57992
    -2.25938
    -1.91708
    -1.55631
    -1.18055
   -0.793413
   -0.398628
   0.0530419
    0.105594
    0.157151
    0.207213
    0.255298
    0.300942
    0.343703
    0.383168
    0.418955
    0.450718
    0.478148
    0.500981
    0.518995
    0.532015
    0.539912
     0.54261
    0.540081
    0.532347
    0.519482
    0.501608
    0.478897
    0.451565
    0.419874
    0.384129
    0.344674
    0.301888
    0.256183
    0.207997
    0.157796
    0.106062
    0.053294
   -0.382998
   -0.762321
    -1.13432
    -1.49539
    -1.84208
    -2.17103
    -2.47909
    -2.76328
    -3.02085
    -3.24934
    -3.44653
    -3.61054
    -3.73977
      -3.833
     -3.8893
    -3.90816
    -3.88938
    -3.83314
    -3.73998
    -3.61079
    -3.44683
    -3.24968
    -3.02123
    -2.76367
    -2.47949
    -2.17143
    -1.84246
    -1.49572
    -1.13459
   -0.762523
   -0.383109
   0.0512149
    0.101959
    0.151744
    0.200088
    0.246525
    0.290605
    0.331903
     0.37002
    0.404586
    0.435267
    0.461765
    0.483824
    0.501229
    0.513811
    0.521446
    0.524061
    0.521626
    0.514164
    0.501746
     0.48449
     0.46256
    0.436165
    0.405561
     0.37104
    0.332934
    0.291609
    0.247463
     0.20092
    0.152428
    0.102456
   0.0514824
   -0.367801
    -0.73207
     -1.0893
    -1.43605
    -1.76897
    -2.08486
    -2.38069
    -2.65359
    -2.90095
    -3.12036
    -3.30973
    -3.46722
    -3.59132
    -3.68084
     -3.7349
    -3.75299
    -3.73495
    -3.68093
    -3.59146
    -3.46741
    -3.30997
    -3.12063
    -2.90124
     -2.6539
    -2.38101
    -2.08519
    -1.76928
    -1.43632
    -1.08953
   -0.732235
   -0.367891
   0.0494165
   0.0983815
    0.146422
    0.193075
    0.237889
    0.280431
     0.32029
     0.35708
    0.390445
    0.420062
    0.445643
    0.466941
    0.483747
    0.495899
    0.503276
    0.505808
    0.503467
    0.496273
    0.484295
    0.467646
    0.446485
    0.421014
    0.391479
    0.358162
    0.321383
    0.281495
    0.238884
    0.193957
    0.147148
   0.0989077
   0.0497003
   -0.352903
   -0.702419
    -1.04517
    -1.37788
    -1.69731
    -2.00041
    -2.28424
    -2.54608
     -2.7834
    -2.99392
     -3.1756
    -3.32671
    -3.44578
    -3.53166
    -3.58353
     -3.6009
    -3.58358
    -3.53176
    -3.44591
    -3.32687
    -3.17579
    -2.99412
    -2.78363
    -2.54632
     -2.2845
    -2.00066
    -1.69755
    -1.37809
    -1.04535
   -0.702548
   -0.352975
   0.0476465
     0.09486
    0.141185
    0.186173
    0.229391
     0.27042
    0.308862
    0.344348
    0.376531
    0.405101
    0.429781
    0.450329
    0.466547
    0.478277
    0.485402
    0.487852
    0.485603
    0.478673
    0.467127
    0.451076
    0.430673
    0.406111
    0.377627
    0.345495
    0.310021
    0.271548
    0.230446
    0.187109
    0.141955
   0.0954181
   0.0479475
   -0.338307
   -0.673363
    -1.00194
    -1.32088
     -1.6271
    -1.91765
    -2.18974
    -2.44074
    -2.66824
    -2.87004
    -3.04421
    -3.18905
    -3.30319
    -3.38551
    -3.43522
    -3.45186
    -3.43525
    -3.38556
    -3.30326
    -3.18915
    -3.04433
    -2.87019
     -2.6684
    -2.44091
    -2.18991
    -1.91782
    -1.62726
    -1.32102
    -1.00206
   -0.673452
   -0.338356
   0.0459043
   0.0913941
     0.13603
    0.179381
    0.221028
    0.260568
    0.297618
     0.33182
    0.362841
    0.390382
    0.414175
    0.433987
    0.449627
    0.460941
    0.467818
     0.47019
    0.468031
    0.461361
    0.450242
     0.43478
    0.415121
    0.391454
    0.364005
    0.333037
    0.298848
    0.261766
    0.222148
    0.180374
    0.136848
   0.0919868
    0.046224
    -0.32401
   -0.644907
   -0.959596
    -1.26505
    -1.55832
    -1.83658
    -2.09716
    -2.33755
    -2.55542
    -2.74869
    -2.91548
     -3.0542
    -3.16351
    -3.24234
    -3.28996
    -3.30589
    -3.28998
    -3.24239
    -3.16356
    -3.05426
    -2.91555
    -2.74877
    -2.55551
    -2.33764
    -2.09726
    -1.83668
    -1.55841
    -1.26513
   -0.959667
   -0.644959
   -0.324041
   0.0441894
   0.0879827
    0.130957
    0.172697
    0.212798
    0.250873
    0.286554
    0.319493
    0.349372
    0.375901
    0.398822
    0.417911
    0.432982
    0.443889
    0.450522
    0.452817
    0.450749
    0.444336
    0.433637
    0.418754
    0.399828
    0.377041
     0.35061
    0.320788
    0.287862
    0.252148
     0.21399
    0.173754
    0.131827
   0.0886136
   0.0445296
   -0.310011
   -0.617041
   -0.918132
    -1.21038
    -1.49098
    -1.75722
    -2.00653
    -2.23653
    -2.44498
    -2.62989
    -2.78947
    -2.92218
    -3.02675
    -3.10218
    -3.14772
    -3.16295
    -3.14773
    -3.10218
    -3.02676
    -2.92219
    -2.78948
    -2.62991
    -2.44501
    -2.23656
    -2.00657
    -1.75726
    -1.49102
    -1.21042
   -0.918166
   -0.617067
   -0.310026
    0.042501
   0.0846243
    0.125963
    0.166117
    0.204698
    0.241332
    0.275665
    0.307363
    0.336119
    0.361653
    0.383717
    0.402096
    0.416609
    0.427116
    0.433511
    0.435731
    0.433753
    0.427593
    0.417308
    0.402996
    0.384792
     0.36287
     0.33744
    0.308746
    0.277062
    0.242693
     0.20597
    0.167245
    0.126892
   0.0852978
   0.0428643
   -0.296311
   -0.589771
    -0.87755
    -1.15688
    -1.42507
    -1.67953
    -1.91782
    -2.13764
    -2.33687
     -2.5136
    -2.66613
    -2.79298
    -2.89292
    -2.96501
    -3.00855
     -3.0231
    -3.00855
    -2.96502
    -2.89294
    -2.79299
    -2.66614
    -2.51361
    -2.33688
    -2.13764
    -1.91782
    -1.67953
    -1.42506
    -1.15687
   -0.877544
   -0.589765
   -0.296308
   0.0408382
   0.0813173
    0.121046
    0.159639
    0.196724
    0.231941
    0.264948
    0.295426
    0.323077
    0.347633
    0.368855
    0.386536
    0.400501
    0.410616
    0.416778
    0.418926
    0.417037
    0.411127
     0.40125
    0.387499
    0.370006
    0.348936
    0.324492
    0.296906
    0.266445
    0.233399
    0.198087
    0.160848
    0.122041
   0.0820389
   0.0412275
   -0.282908
   -0.563093
   -0.837855
    -1.10455
    -1.36061
    -1.60356
    -1.83107
    -2.04094
    -2.23117
    -2.39989
    -2.54551
     -2.6666
    -2.76202
    -2.83083
    -2.87239
    -2.88628
    -2.87237
    -2.83081
    -2.76198
    -2.66655
    -2.54544
    -2.39982
    -2.23109
    -2.04087
    -1.83101
     -1.6035
    -1.36054
    -1.10449
   -0.837812
    -0.56306
   -0.282891
   0.0392004
   0.0780602
    0.116203
    0.153261
    0.188873
    0.222695
    0.254398
    0.283675
     0.31024
    0.333836
     0.35423
    0.371225
    0.384653
    0.394382
    0.400316
    0.402394
    0.400595
    0.394931
    0.385457
    0.372261
    0.355467
    0.335236
    0.311761
    0.285267
    0.256007
    0.224262
    0.190338
     0.15456
    0.117273
   0.0788361
    0.039619
   -0.269808
   -0.537018
   -0.799053
    -1.05339
    -1.29758
    -1.52928
    -1.74624
    -1.94638
    -2.12777
    -2.28867
    -2.42754
    -2.54302
    -2.63402
    -2.69965
    -2.73928
    -2.75253
    -2.73926
    -2.69962
    -2.63398
    -2.54297
    -2.42747
    -2.28859
    -2.12767
    -1.94627
    -1.74612
    -1.52916
    -1.29747
    -1.05329
   -0.798968
   -0.536958
   -0.269776
   0.0375872
   0.0748521
    0.111434
    0.146979
    0.181142
    0.213591
    0.244012
    0.272107
    0.297604
    0.320254
    0.339836
    0.356157
    0.369057
    0.378409
     0.38412
    0.386131
     0.38442
    0.379002
    0.369924
    0.357274
    0.341169
    0.321764
    0.299243
    0.273823
    0.245745
     0.21528
    0.182721
     0.14838
    0.112587
   0.0756884
   0.0380383
   -0.257003
   -0.511528
   -0.761127
    -1.00339
    -1.23599
    -1.45668
    -1.66334
    -1.85397
    -2.02675
    -2.18002
     -2.3123
    -2.42231
    -2.50897
    -2.57147
    -2.60921
    -2.62181
    -2.60917
    -2.57141
    -2.50888
    -2.42219
    -2.31217
    -2.17989
    -2.02661
    -1.85382
    -1.66317
    -1.45651
    -1.23583
    -1.00325
    -0.76101
   -0.511445
   -0.256957
   0.0359984
    0.071693
    0.106738
    0.140794
     0.17353
    0.204628
    0.233786
     0.26072
    0.285167
    0.306887
     0.32567
    0.341329
    0.353711
    0.362693
    0.368185
    0.370131
    0.368509
    0.363332
    0.354646
    0.342534
    0.327108
    0.308516
    0.286935
    0.262571
    0.235657
    0.206451
    0.175233
    0.142305
    0.107982
   0.0725949
   0.0364849
   -0.244498
   -0.486638
   -0.724087
   -0.954561
    -1.17584
    -1.38578
    -1.58238
    -1.76375
    -1.92811
    -2.07391
    -2.19972
    -2.30435
    -2.38679
    -2.44624
    -2.48214
    -2.49413
    -2.48211
    -2.44618
    -2.38669
    -2.30422
    -2.19956
    -2.07372
     -1.9279
    -1.76353
    -1.58217
    -1.38557
    -1.17563
   -0.954381
   -0.723942
   -0.486531
   -0.244441
   0.0344348
    0.068584
    0.102116
    0.134707
    0.166039
    0.195808
    0.223724
    0.249515
    0.272928
    0.293735
    0.311731
     0.32674
    0.338613
    0.347231
    0.352509
    0.354392
    0.352859
     0.34792
    0.339621
    0.328038
    0.313281
     0.29549
    0.274833
    0.251508
    0.225738
    0.197771
    0.167873
    0.136334
    0.103455
   0.0695546
   0.0349583
    -0.23229
   -0.462338
   -0.687931
   -0.906893
    -1.11712
    -1.31658
    -1.50336
    -1.67565
    -1.83181
    -1.97031
    -2.08984
    -2.18924
    -2.26756
    -2.32404
    -2.35815
    -2.36954
    -2.35811
    -2.32397
    -2.26746
     -2.1891
    -2.08967
    -1.97012
    -1.83158
    -1.67541
    -1.50311
    -1.31634
    -1.11689
   -0.906693
   -0.687764
   -0.462218
   -0.232225
   0.0328979
   0.0655277
   0.0975731
    0.128723
    0.158675
    0.187136
    0.213831
    0.238497
    0.260894
    0.280803
    0.298026
    0.312395
    0.323768
    0.332029
    0.337097
    0.338918
    0.337472
    0.332768
    0.324849
    0.313788
    0.299689
    0.282685
    0.262937
    0.240635
     0.21599
     0.18924
     0.16064
    0.130466
   0.0990072
   0.0665672
   0.0334584
   -0.220382
   -0.438637
   -0.652662
   -0.860397
    -1.05984
    -1.24907
    -1.42627
    -1.58973
    -1.73788
    -1.86928
    -1.98267
    -2.07698
    -2.15128
    -2.20487
    -2.23723
    -2.24804
     -2.2372
     -2.2048
    -2.15117
    -2.07682
    -1.98248
    -1.86905
    -1.73762
    -1.58946
    -1.42599
    -1.24881
    -1.05959
   -0.860169
   -0.652473
     -0.4385
   -0.220308
   0.0313899
   0.0625284
   0.0931138
    0.122849
    0.151445
    0.178622
    0.204117
    0.227678
    0.249077
    0.268102
    0.284566
    0.298306
    0.309186
    0.317096
    0.321957
    0.323717
    0.322356
    0.317883
    0.310337
    0.299789
    0.286336
    0.270105
    0.251251
    0.229953
    0.206414
    0.180859
    0.153534
    0.124702
   0.0946379
   0.0636328
   0.0319851
   -0.208772
   -0.415528
   -0.618278
   -0.815069
      -1.004
    -1.18326
    -1.35112
    -1.50597
    -1.64631
    -1.77079
    -1.87821
    -1.96755
    -2.03795
    -2.08871
    -2.11934
    -2.12957
    -2.11929
     -2.0886
    -2.03779
    -1.96736
    -1.87798
    -1.77052
    -1.64602
    -1.50567
    -1.35082
    -1.18297
    -1.00373
    -0.81482
   -0.618074
   -0.415381
   -0.208693
   0.0299135
   0.0595916
   0.0887465
    0.117095
    0.144361
    0.170279
    0.194596
    0.217074
    0.237492
    0.255649
    0.271367
    0.284488
    0.294884
    0.302448
    0.307105
    0.308804
    0.307525
    0.303277
    0.296097
     0.28605
    0.273231
    0.257759
    0.239781
    0.219468
    0.197014
    0.172634
     0.14656
    0.119044
   0.0903491
   0.0607524
   0.0305389
    -0.19746
   -0.393013
   -0.584776
   -0.770903
   -0.949601
    -1.11915
    -1.27791
    -1.42437
     -1.5571
    -1.67483
    -1.77644
    -1.86092
    -1.92749
    -1.97549
    -2.00447
    -2.01414
    -2.00441
    -1.97538
    -1.92733
    -1.86072
    -1.77619
    -1.67455
     -1.5568
    -1.42405
     -1.2776
    -1.11884
   -0.949313
   -0.770648
   -0.584567
   -0.392862
   -0.197379
    0.028472
   0.0567235
   0.0844803
    0.111473
    0.137438
    0.162124
    0.185288
    0.206703
     0.22616
    0.243466
     0.25845
    0.270965
    0.280884
    0.288107
    0.292561
    0.294198
    0.292998
    0.288969
    0.282145
    0.272589
    0.260389
    0.245659
    0.228539
    0.209191
      0.1878
    0.164569
    0.139722
    0.113496
   0.0861437
    0.057928
   0.0291208
   -0.186449
   -0.371097
   -0.552167
   -0.727915
   -0.896647
    -1.05674
    -1.20665
    -1.34493
    -1.47026
    -1.58142
    -1.67735
    -1.75712
    -1.81997
    -1.86529
    -1.89265
    -1.90178
     -1.8926
    -1.86519
    -1.81982
    -1.75692
    -1.67711
    -1.58114
    -1.46995
    -1.34461
    -1.20632
    -1.05642
   -0.896351
   -0.727653
   -0.551953
   -0.370944
   -0.186367
   0.0270688
   0.0539305
   0.0803247
    0.105995
    0.130691
    0.154173
     0.17621
    0.196587
    0.215103
    0.231576
    0.245842
    0.257761
    0.267211
    0.274099
    0.278352
    0.279926
      0.2788
    0.274982
    0.268504
    0.259425
    0.247828
    0.233823
     0.21754
    0.199135
    0.178783
    0.156677
    0.133029
    0.108065
   0.0820263
   0.0551624
   0.0277321
   -0.175738
   -0.349779
   -0.520447
   -0.686098
   -0.845137
   -0.996032
    -1.13733
    -1.26766
    -1.38579
    -1.49057
    -1.58098
    -1.65616
     -1.7154
    -1.75811
     -1.7839
     -1.7925
    -1.78385
    -1.75801
    -1.71525
    -1.65597
    -1.58074
    -1.49028
    -1.38548
    -1.26734
      -1.137
   -0.995711
   -0.844838
   -0.685833
   -0.520231
   -0.349624
   -0.175655
   0.0257066
   0.0512184
   0.0762882
    0.100672
    0.124134
    0.146443
    0.167382
    0.186746
    0.204344
    0.220003
    0.233568
    0.244902
    0.253893
     0.26045
    0.264505
    0.266013
    0.264957
    0.261341
    0.255198
    0.246581
    0.235571
     0.22227
    0.206803
    0.189316
    0.169976
    0.148967
    0.126489
    0.102758
   0.0780025
   0.0524592
   0.0263745
   -0.165329
    -0.32906
   -0.489618
   -0.645455
   -0.795072
   -0.937027
    -1.06995
    -1.19256
    -1.30369
    -1.40226
    -1.48732
    -1.55805
    -1.61377
    -1.65396
    -1.67821
    -1.68631
    -1.67815
    -1.65385
    -1.61362
    -1.55784
    -1.48707
    -1.40197
    -1.30338
    -1.19224
    -1.06962
   -0.936705
   -0.794771
    -0.64519
   -0.489401
   -0.328904
   -0.165245
   0.0243878
   0.0485919
   0.0723779
   0.0955146
    0.117777
    0.138948
     0.15882
    0.177199
    0.193904
    0.208769
    0.221649
    0.232413
    0.240955
    0.247186
    0.251044
    0.252485
    0.251493
    0.248071
     0.24225
     0.23408
    0.223638
     0.21102
    0.196344
     0.17975
    0.161395
    0.141453
    0.120114
   0.0975844
   0.0740785
   0.0498225
   0.0250501
   -0.155219
   -0.308939
   -0.459678
   -0.605985
   -0.746453
   -0.879727
    -1.00452
    -1.11964
    -1.22396
    -1.31651
    -1.39636
    -1.46276
    -1.51508
    -1.55281
    -1.57558
    -1.58318
    -1.57552
    -1.55269
    -1.51492
    -1.46256
    -1.39611
    -1.31622
    -1.22365
    -1.11931
    -1.00419
   -0.879404
   -0.746152
    -0.60572
   -0.459461
   -0.308782
   -0.155136
   0.0231137
   0.0460538
   0.0685981
   0.0905278
     0.11163
    0.131697
    0.150535
    0.167958
    0.183796
    0.197891
    0.210103
    0.220312
    0.228415
    0.234328
    0.237991
    0.239364
     0.23843
    0.235194
    0.229681
    0.221943
    0.212049
    0.200091
    0.186182
    0.170453
    0.153053
    0.134146
    0.113915
   0.0925511
   0.0702604
   0.0472565
   0.0237609
   -0.145413
   -0.289418
   -0.430629
    -0.56769
    -0.69928
    -0.82413
   -0.941038
    -1.04888
    -1.14661
    -1.23331
    -1.30811
    -1.37032
    -1.41933
    -1.45467
      -1.476
    -1.48311
    -1.47593
    -1.45454
    -1.41916
     -1.3701
    -1.30786
    -1.23301
     -1.1463
    -1.04855
   -0.940705
   -0.823808
    -0.69898
   -0.567426
   -0.430414
    -0.28926
   -0.145327
   0.0218848
   0.0436051
   0.0649508
   0.0857147
    0.105695
    0.124696
    0.142534
    0.159032
    0.174029
    0.187377
    0.198943
    0.208612
    0.216286
    0.221889
    0.225361
    0.226666
    0.225785
    0.222724
    0.217508
    0.210184
    0.200819
    0.189499
    0.176331
    0.161438
    0.144962
    0.127058
    0.107899
   0.0876659
   0.0665538
   0.0447649
   0.0225088
   -0.135906
   -0.270496
   -0.402474
    -0.53057
   -0.653554
    -0.77024
   -0.879503
    -0.98029
    -1.07163
    -1.15265
    -1.22256
     -1.2807
     -1.3265
    -1.35953
    -1.37947
    -1.38611
     -1.3794
    -1.35941
    -1.32633
    -1.28049
    -1.22231
    -1.15236
    -1.07131
   -0.979958
   -0.879169
   -0.769921
   -0.653258
   -0.530308
   -0.402258
   -0.270338
    -0.13582
   0.0207004
   0.0412451
    0.061435
   0.0810745
   0.0999724
    0.117945
    0.134816
     0.15042
    0.164605
     0.17723
     0.18817
    0.197316
    0.204576
    0.209876
    0.213162
    0.214397
    0.213565
    0.210672
    0.205741
    0.198815
    0.189959
    0.179253
    0.166799
    0.152714
     0.13713
    0.120196
    0.102073
   0.0829344
   0.0629631
   0.0423506
   0.0212954
   -0.126699
   -0.252171
   -0.375208
   -0.494624
   -0.609275
   -0.718054
   -0.819912
   -0.913868
    -0.99902
    -1.07455
    -1.13972
    -1.19392
    -1.23661
     -1.2674
    -1.28598
    -1.29217
    -1.28592
    -1.26729
    -1.23645
    -1.19371
    -1.13947
    -1.07426
   -0.998709
   -0.913544
   -0.819585
   -0.717738
   -0.608983
   -0.494365
   -0.374994
   -0.252015
   -0.126615
   0.0195596
   0.0389715
   0.0580477
   0.0766034
   0.0944582
    0.111438
    0.127377
     0.14212
    0.155521
    0.167448
    0.177783
    0.186423
    0.193281
    0.198288
    0.201392
    0.202559
    0.201773
     0.19904
    0.194381
    0.187838
    0.179471
    0.169358
    0.157592
    0.144285
    0.129562
    0.113564
    0.096442
   0.0783598
   0.0594907
   0.0400156
   0.0201215
   -0.117793
   -0.234444
   -0.348831
   -0.459852
   -0.566442
   -0.667572
   -0.762267
   -0.849616
    -0.92878
   -0.998997
    -1.05959
    -1.10997
    -1.14966
    -1.17828
    -1.19555
    -1.20131
     -1.1955
    -1.17818
    -1.14951
    -1.10977
    -1.05934
   -0.998719
    -0.92848
   -0.849305
   -0.761951
   -0.667264
   -0.566158
     -0.4596
   -0.348622
   -0.234293
   -0.117711
   0.0184606
   0.0367812
   0.0547845
   0.0722961
   0.0891458
    0.105169
    0.120211
    0.134122
    0.146767
    0.158021
    0.167773
    0.175925
    0.182395
    0.187119
    0.190046
    0.191145
    0.190403
    0.187823
    0.183425
    0.177251
    0.169355
    0.159811
    0.148709
    0.136152
    0.122259
    0.107162
   0.0910058
   0.0739431
   0.0561378
   0.0377604
   0.0189876
   -0.109187
   -0.217316
   -0.323346
   -0.426257
   -0.525058
   -0.618798
   -0.706573
   -0.787538
   -0.860918
      -0.926
   -0.982166
    -1.02887
    -1.06567
    -1.09219
     -1.1082
    -1.11354
    -1.10815
    -1.09209
    -1.06551
    -1.02867
   -0.981933
   -0.925738
   -0.860633
   -0.787241
   -0.706273
   -0.618505
   -0.524784
   -0.426015
   -0.323148
   -0.217172
   -0.109109
   0.0174015
   0.0346707
   0.0516403
   0.0681458
   0.0840271
   0.0991293
    0.113305
    0.126416
    0.138332
    0.148938
    0.158127
    0.165808
    0.171905
    0.176355
    0.179112
    0.180146
    0.179445
    0.177012
    0.172866
    0.167046
    0.159603
    0.150608
    0.140144
     0.12831
    0.115217
    0.100989
    0.085763
   0.0696831
   0.0529035
   0.0355848
   0.0178936
   -0.100883
   -0.200788
   -0.298754
   -0.393838
   -0.485123
   -0.571733
   -0.652829
   -0.727639
   -0.795434
   -0.855568
   -0.907458
   -0.950609
   -0.984607
    -1.00912
    -1.02391
    -1.02884
    -1.02386
    -1.00902
    -0.98446
   -0.950427
   -0.907241
   -0.855323
   -0.795169
   -0.727362
    -0.65255
   -0.571461
   -0.484868
   -0.393612
   -0.298569
   -0.200653
    -0.10081
   0.0163807
   0.0326363
   0.0486097
   0.0641457
   0.0790937
   0.0933081
     0.10665
    0.118989
    0.130204
    0.140185
    0.148832
     0.15606
    0.161796
    0.165983
    0.168576
    0.169548
    0.168886
    0.166594
    0.162691
    0.157211
    0.150206
    0.141739
     0.13189
    0.120752
    0.108429
   0.0950393
   0.0807096
   0.0655768
   0.0497857
   0.0334875
   0.0168389
  -0.0928808
   -0.184861
   -0.275056
   -0.362596
   -0.446641
   -0.526379
   -0.601045
   -0.669918
   -0.732336
   -0.787698
   -0.835474
     -0.8752
   -0.906495
   -0.929061
   -0.942679
   -0.947219
   -0.942636
   -0.928976
   -0.906368
   -0.875034
   -0.835276
   -0.787474
   -0.732093
   -0.669663
   -0.600788
   -0.526128
   -0.446407
   -0.362389
   -0.274884
   -0.184737
  -0.0928134
   0.0153964
   0.0306749
   0.0456877
   0.0602893
   0.0743378
   0.0876965
    0.100235
    0.111831
     0.12237
    0.131748
    0.139874
    0.146665
    0.152055
    0.155988
    0.158423
    0.159335
    0.158711
    0.156556
    0.152886
    0.147736
    0.141151
    0.133193
    0.123937
     0.11347
    0.101889
   0.0893063
   0.0758404
   0.0616201
   0.0467814
   0.0314666
   0.0158226
  -0.0851804
   -0.169535
   -0.252253
   -0.332538
   -0.409614
   -0.482742
   -0.551218
   -0.614382
   -0.671625
   -0.722399
   -0.766212
   -0.802645
   -0.831348
   -0.852045
   -0.864534
   -0.868696
   -0.864491
   -0.851965
   -0.831233
   -0.802496
   -0.766033
   -0.722196
   -0.671404
   -0.614151
   -0.550985
   -0.482513
     -0.4094
   -0.332348
   -0.252098
   -0.169423
  -0.0851195
   0.0144471
   0.0287834
   0.0428701
   0.0565707
   0.0697522
   0.0822861
   0.0940504
     0.10493
    0.114817
    0.123616
    0.131239
     0.13761
    0.142666
    0.146354
    0.148638
    0.149492
    0.148906
    0.146883
    0.143439
    0.138605
    0.132427
     0.12496
    0.116275
    0.106454
   0.0955886
   0.0837831
   0.0711495
   0.0578084
   0.0438873
   0.0295197
   0.0148435
   -0.077784
   -0.154814
   -0.230348
   -0.303659
   -0.374043
   -0.440821
   -0.503352
    -0.56103
   -0.613304
   -0.659667
   -0.699677
   -0.732948
   -0.759159
   -0.778058
   -0.789464
   -0.793265
   -0.789427
   -0.777985
   -0.759051
   -0.732812
   -0.699516
   -0.659482
   -0.613104
   -0.560821
    -0.50314
   -0.440616
   -0.373852
    -0.30349
   -0.230207
   -0.154711
  -0.0777283
   0.0135316
   0.0269593
   0.0401531
   0.0529852
   0.0653308
   0.0770699
   0.0880878
    0.098277
    0.107537
    0.115777
    0.122916
    0.128882
    0.133616
     0.13707
    0.139208
    0.140007
    0.139458
    0.137562
    0.134336
    0.129808
    0.124021
    0.117028
    0.108893
   0.0996948
   0.0895191
   0.0784627
    0.066631
   0.0541368
   0.0410996
   0.0276445
   0.0139005
  -0.0706896
   -0.140694
    -0.20934
   -0.275967
   -0.339932
    -0.40062
   -0.457446
   -0.509865
    -0.55737
   -0.599508
   -0.635869
   -0.666104
   -0.689924
   -0.707099
   -0.717465
    -0.72092
   -0.717433
   -0.707037
   -0.689832
   -0.665982
   -0.635722
   -0.599342
    -0.55719
   -0.509675
   -0.457255
   -0.400432
   -0.339756
   -0.275811
   -0.209213
   -0.140602
  -0.0706397
    0.012649
   0.0252007
   0.0375338
   0.0495286
   0.0610687
   0.0720417
   0.0823406
   0.0918647
     0.10052
    0.108223
    0.114895
    0.120472
    0.124896
    0.128125
    0.130123
    0.130869
    0.130355
    0.128582
    0.125566
    0.121334
    0.115924
    0.109387
    0.101783
    0.093185
   0.0836734
   0.0733388
   0.0622795
    0.050601
   0.0384152
   0.0258388
   0.0129925
   -0.063899
   -0.127179
   -0.189231
   -0.249456
   -0.307278
   -0.362136
   -0.413504
   -0.460886
    -0.50383
   -0.541917
   -0.574785
   -0.602118
   -0.623652
   -0.639179
   -0.648548
   -0.651671
   -0.648517
   -0.639116
   -0.623564
   -0.602009
   -0.574655
   -0.541767
   -0.503666
   -0.460716
    -0.41333
   -0.361968
   -0.307121
   -0.249317
   -0.189116
   -0.127096
  -0.0638542
   0.0117984
    0.023506
   0.0350097
   0.0461978
   0.0569618
   0.0671969
   0.0768032
   0.0856867
   0.0937602
    0.100944
    0.107168
     0.11237
    0.116497
    0.119508
    0.121371
    0.122068
    0.121588
    0.119934
    0.117121
    0.113173
    0.108127
    0.102029
    0.094937
    0.086917
   0.0780451
   0.0684055
     0.05809
   0.0471971
    0.035831
   0.0241005
   0.0121185
  -0.0574118
   -0.114267
    -0.17002
   -0.224131
   -0.276081
   -0.325368
   -0.371521
   -0.414093
   -0.452676
   -0.486898
    -0.51643
   -0.540987
   -0.560333
   -0.574282
     -0.5827
   -0.585506
   -0.582674
   -0.574231
   -0.560257
   -0.540887
   -0.516308
   -0.486763
   -0.452529
   -0.413939
   -0.371366
   -0.325216
   -0.275937
   -0.224004
   -0.169915
   -0.114192
   -0.057371
   0.0109791
   0.0218738
   0.0325787
   0.0429901
   0.0530069
   0.0625314
   0.0714708
   0.0797377
    0.087251
   0.0939366
   0.0997285
    0.104569
     0.10841
    0.111212
    0.112946
    0.113595
    0.113148
     0.11161
    0.108992
    0.105318
    0.100623
   0.0949481
   0.0883482
   0.0808848
   0.0726287
   0.0636582
   0.0540587
   0.0439218
   0.0333444
    0.022428
   0.0112775
  -0.0512271
   -0.101958
   -0.151703
   -0.199985
   -0.246339
   -0.290318
   -0.331498
   -0.369485
   -0.403911
   -0.434447
   -0.460797
   -0.482709
   -0.499973
    -0.51242
   -0.519931
   -0.522434
   -0.519905
   -0.512368
   -0.499899
   -0.482618
   -0.460688
   -0.434325
   -0.403779
   -0.369347
   -0.331359
   -0.290182
   -0.246211
   -0.199872
    -0.15161
    -0.10189
  -0.0511903
   0.0101906
    0.020303
   0.0302393
   0.0399033
    0.049201
    0.058042
   0.0663399
   0.0740137
    0.080988
   0.0871942
   0.0925708
   0.0970644
     0.10063
    0.103231
    0.104842
    0.105444
     0.10503
    0.103602
    0.101173
   0.0977631
   0.0934045
   0.0881375
   0.0820113
   0.0750835
   0.0674199
   0.0590929
    0.050182
   0.0407722
   0.0309534
   0.0208199
   0.0104689
  -0.0453452
  -0.0902509
   -0.134285
   -0.177023
   -0.218055
   -0.256984
   -0.293437
   -0.327061
   -0.357535
   -0.384563
   -0.407888
   -0.427283
   -0.442562
   -0.453579
   -0.460227
   -0.462443
   -0.460206
   -0.453536
   -0.442498
     -0.4272
    -0.40779
   -0.384452
   -0.357415
   -0.326936
   -0.293309
    -0.25686
   -0.217939
   -0.176921
     -0.1342
  -0.0901897
   -0.045312
  0.00943247
   0.0187927
   0.0279901
   0.0369356
   0.0455422
   0.0537261
   0.0614075
   0.0685112
   0.0749675
   0.0807129
   0.0856905
   0.0898507
    0.093152
   0.0955608
   0.0970523
   0.0976103
   0.0972278
   0.0959068
   0.0936584
   0.0905025
   0.0864682
   0.0815929
   0.0759221
   0.0695092
   0.0624149
   0.0547064
   0.0464572
   0.0377461
   0.0286563
   0.0192749
  0.00969208
  -0.0397664
  -0.0791473
   -0.117764
   -0.155244
   -0.191226
   -0.225365
   -0.257332
   -0.286821
   -0.313544
   -0.337247
   -0.357701
   -0.374709
   -0.388108
   -0.397769
   -0.403599
   -0.405542
   -0.403578
   -0.397728
    -0.38805
   -0.374634
    -0.35761
   -0.337145
   -0.313434
   -0.286705
   -0.257217
   -0.225252
    -0.19112
   -0.155148
   -0.117685
  -0.0790903
  -0.0397355
   0.0087043
   0.0173421
   0.0258299
   0.0340854
   0.0420283
   0.0495813
   0.0566707
   0.0632271
   0.0691863
   0.0744894
    0.079084
   0.0829244
   0.0859721
   0.0881961
   0.0895735
   0.0900894
   0.0897372
   0.0885188
   0.0864444
   0.0835325
   0.0798097
   0.0753104
    0.070077
   0.0641584
   0.0576107
    0.050496
   0.0428821
   0.0348416
   0.0264515
   0.0177921
  0.00894653
  -0.0344897
  -0.0686448
   -0.102137
   -0.134644
   -0.165851
    -0.19546
   -0.223186
    -0.24876
   -0.271938
   -0.292494
   -0.310233
   -0.324985
   -0.336605
   -0.344983
   -0.350039
   -0.351723
    -0.35002
   -0.344946
    -0.33655
   -0.324913
   -0.310149
   -0.292399
   -0.271833
   -0.248651
   -0.223076
   -0.195354
   -0.165752
   -0.134556
   -0.102065
  -0.0685925
  -0.0344614
  0.00800569
   0.0159505
   0.0237576
   0.0313512
   0.0386576
   0.0456056
   0.0521274
    0.058159
   0.0636414
   0.0685205
    0.072748
   0.0762818
   0.0790865
   0.0811335
   0.0824017
   0.0828774
   0.0825545
   0.0814347
   0.0795274
   0.0768495
   0.0734254
    0.069287
   0.0644729
   0.0590283
   0.0530048
   0.0464595
   0.0394547
   0.0320573
   0.0243379
   0.0163706
  0.00823187
  -0.0295154
  -0.0587446
  -0.0874062
   -0.115224
   -0.141932
    -0.16727
   -0.190995
   -0.212879
   -0.232713
   -0.250304
   -0.265483
   -0.278105
   -0.288049
   -0.295219
   -0.299545
   -0.300985
   -0.299526
   -0.295182
   -0.287997
    -0.27804
   -0.265405
   -0.250213
   -0.232615
   -0.212778
   -0.190893
    -0.16717
   -0.141838
   -0.115142
  -0.0873386
  -0.0586956
   -0.029489
  0.00733622
    0.014617
   0.0217719
   0.0287316
   0.0354282
   0.0417967
   0.0477749
    0.053304
     0.05833
   0.0628031
   0.0666792
   0.0699195
   0.0724917
   0.0743694
   0.0755334
   0.0759708
   0.0756762
    0.074651
   0.0729039
   0.0704502
   0.0673124
   0.0635196
   0.0591072
   0.0541167
   0.0485952
   0.0425951
   0.0361735
   0.0293917
   0.0223146
   0.0150098
  0.00754774
  -0.0248432
  -0.0494453
  -0.0735696
  -0.0969834
   -0.119462
   -0.140788
   -0.160757
   -0.179176
   -0.195869
   -0.210674
    -0.22345
   -0.234072
   -0.242441
   -0.248473
   -0.252112
   -0.253323
   -0.252096
    -0.24844
   -0.242392
   -0.234011
   -0.223376
    -0.21059
   -0.195778
   -0.179081
    -0.16066
   -0.140694
   -0.119374
  -0.0969063
  -0.0735061
  -0.0493994
  -0.0248184
  0.00669542
   0.0133408
   0.0198716
   0.0262247
   0.0323381
   0.0381524
   0.0436106
   0.0486594
   0.0532489
   0.0573341
   0.0608743
   0.0638343
   0.0661843
   0.0679005
    0.068965
   0.0693662
   0.0690989
   0.0681645
   0.0665707
   0.0643317
   0.0614678
   0.0580056
   0.0539774
   0.0494211
   0.0443796
   0.0389009
   0.0330369
   0.0268437
   0.0203805
   0.0137092
  0.00689383
  -0.0204728
  -0.0407466
  -0.0606262
  -0.0799205
  -0.0984435
   -0.116017
   -0.132473
    -0.14765
   -0.161405
   -0.173604
   -0.184131
   -0.192884
   -0.199778
   -0.204748
   -0.207747
   -0.208744
   -0.207731
   -0.204718
   -0.199733
   -0.192826
   -0.184062
   -0.173526
    -0.16132
   -0.147561
   -0.132383
    -0.11593
  -0.0983623
  -0.0798485
  -0.0605669
  -0.0407036
  -0.0204496
  0.00608283
   0.0121208
   0.0180553
   0.0238289
   0.0293852
   0.0346701
   0.0396319
    0.044222
    0.048395
   0.0521099
   0.0553298
   0.0580225
   0.0601608
    0.061723
   0.0626928
   0.0630597
   0.0628189
   0.0619715
   0.0605245
   0.0584907
   0.0558886
   0.0527423
    0.049081
   0.0449393
   0.0403562
   0.0353751
   0.0300435
   0.0244121
   0.0185348
    0.012468
  0.00626984
  -0.0164038
  -0.0326481
  -0.0485764
  -0.0640355
  -0.0788762
  -0.0929557
   -0.106139
   -0.118299
   -0.129319
   -0.139092
   -0.147526
   -0.154537
    -0.16006
   -0.164041
   -0.166442
    -0.16724
   -0.166427
   -0.164012
   -0.160018
   -0.154482
    -0.14746
   -0.139019
    -0.12924
   -0.118216
   -0.106055
  -0.0928742
  -0.0787996
  -0.0639676
  -0.0485208
  -0.0326078
  -0.0163821
  0.00549798
   0.0109562
   0.0163217
   0.0215423
   0.0265672
   0.0313473
   0.0358359
   0.0399887
   0.0437648
    0.047127
   0.0500418
     0.05248
   0.0544169
   0.0558328
    0.056713
   0.0570476
   0.0568325
   0.0560684
   0.0547617
   0.0529238
   0.0505716
   0.0477265
   0.0444153
   0.0406689
   0.0365227
    0.032016
   0.0271917
   0.0220957
   0.0167767
   0.0112857
   0.0056755
  -0.0126364
  -0.0251496
   -0.037419
  -0.0493266
  -0.0607579
  -0.0716028
  -0.0817568
  -0.0911225
  -0.0996099
   -0.107137
   -0.113631
   -0.119031
   -0.123284
   -0.126349
   -0.128197
   -0.128811
   -0.128183
   -0.126322
   -0.123244
    -0.11898
    -0.11357
   -0.107068
  -0.0995352
  -0.0910448
  -0.0816782
  -0.0715261
  -0.0606864
  -0.0492632
  -0.0373667
  -0.0251117
   -0.012616
  0.00494047
  0.00984617
   0.0146695
   0.0193634
   0.0238823
   0.0281818
   0.0322198
   0.0359566
   0.0393552
    0.042382
   0.0450067
   0.0472031
   0.0489488
   0.0502261
   0.0510213
   0.0513259
   0.0511356
   0.0504513
   0.0492786
   0.0476277
   0.0455135
   0.0429555
   0.0399775
   0.0366074
   0.0328771
   0.0288217
   0.0244799
   0.0198931
   0.0151051
   0.0101617
  0.00511048
 -0.00917007
  -0.0182504
  -0.0271535
  -0.0357938
  -0.0440882
  -0.0519568
  -0.0593241
  -0.0661189
  -0.0722762
  -0.0777364
  -0.0824471
  -0.0863633
  -0.0894474
  -0.0916699
  -0.0930093
  -0.0934529
  -0.0929965
  -0.0916444
  -0.0894104
  -0.0863155
  -0.0823899
  -0.0776717
  -0.0722058
  -0.0660456
  -0.0592501
  -0.0518849
  -0.0440213
  -0.0357345
  -0.0271047
   -0.018215
 -0.00915102
  0.00441008
  0.00879026
   0.0130979
   0.0172912
    0.021329
   0.0251718
   0.0287818
   0.0321234
   0.0351635
   0.0378719
   0.0402215
   0.0421887
   0.0437533
   0.0448993
   0.0456145
   0.0458909
   0.0457249
   0.0451169
   0.0440719
   0.0425989
   0.0407112
   0.0384261
   0.0357649
   0.0327524
    0.029417
   0.0257903
   0.0219067
   0.0178032
   0.0135191
  0.00909533
  0.00457447
 -0.00600475
  -0.0119503
  -0.0177795
  -0.0234363
  -0.0288661
  -0.0340169
   -0.038839
  -0.0432861
  -0.0473155
  -0.0508884
  -0.0539706
  -0.0565325
  -0.0585496
  -0.0600025
  -0.0608773
  -0.0611659
  -0.0608653
  -0.0599788
   -0.058515
  -0.0564879
  -0.0539173
   -0.050828
    -0.04725
  -0.0432177
  -0.0387699
  -0.0339496
  -0.0288033
  -0.0233806
  -0.0177338
  -0.0119172
  -0.0059869
  0.00390678
  0.00778834
   0.0116069
   0.0153252
   0.0189068
   0.0223166
   0.0255208
    0.028488
   0.0311885
   0.0335954
   0.0356845
   0.0374347
    0.038828
     0.03985
   0.0404898
   0.0407401
   0.0405975
   0.0400624
   0.0391388
   0.0378349
   0.0361622
    0.034136
   0.0317752
   0.0291016
   0.0261406
     0.02292
   0.0194704
   0.0158247
   0.0120178
  0.00808599
  0.00406717
 -0.00314012
 -0.00624876
 -0.00929602
  -0.0122526
  -0.0150901
  -0.0177813
  -0.0203002
  -0.0226227
  -0.0247266
  -0.0265916
     -0.0282
  -0.0295362
  -0.0305876
  -0.0313442
  -0.0317987
  -0.0319469
  -0.0317874
  -0.0313221
  -0.0305552
  -0.0294945
  -0.0281502
  -0.0265353
  -0.0246655
  -0.0225589
  -0.0202357
  -0.0177185
  -0.0150315
  -0.0122007
 -0.00925336
 -0.00621788
 -0.00312349
  0.00343078
  0.00684078
   0.0101968
    0.013466
   0.0166162
   0.0196166
   0.0224374
   0.0250506
   0.0274301
   0.0295522
   0.0313953
   0.0329406
   0.0341724
   0.0350775
   0.0356464
   0.0358724
   0.0357523
   0.0352863
   0.0344779
    0.033334
   0.0318648
   0.0300836
   0.0280068
   0.0256537
   0.0230464
   0.0202096
   0.0171701
   0.0139568
   0.0106005
   0.0071332
  0.00358833
-0.000575945
  -0.0011452
 -0.00170232
 -0.00224199
 -0.00275904
 -0.00324856
 -0.00370589
 -0.00412671
 -0.00450705
 -0.00484332
 -0.00513238
 -0.00537155
 -0.00555861
 -0.00569188
 -0.00577015
 -0.00579279
 -0.00575969
 -0.00567126
 -0.00552844
  -0.0053327
 -0.00508603
 -0.00479088
 -0.00445017
 -0.00406725
 -0.00364587
 -0.00319015
 -0.00270453
  -0.0021937
 -0.00166264
 -0.00111648
-0.000560483
  0.00298249
  0.00594836
  0.00886866
   0.0117148
   0.0144588
   0.0170735
    0.019533
   0.0218128
   0.0238901
   0.0257439
   0.0273553
   0.0287079
   0.0297875
   0.0305828
   0.0310849
   0.0312882
   0.0311895
   0.0307888
   0.0300891
   0.0290962
   0.0278187
   0.0262683
   0.0244591
    0.022408
   0.0201339
   0.0176585
   0.0150051
   0.0121989
  0.00926672
  0.00623665
  0.00313779
   0.0016881
    0.003361
  0.00500255
  0.00659691
  0.00812867
  0.00958305
    0.010946
   0.0122042
   0.0133456
   0.0143591
   0.0152349
   0.0159643
   0.0165404
   0.0169574
   0.0172112
   0.0172994
   0.0172209
   0.0169765
   0.0165684
   0.0160004
   0.0152779
   0.0144078
   0.0133984
   0.0122594
   0.0110016
   0.0096372
  0.00817921
  0.00664168
  0.00503934
  0.00338763
  0.00170244
  0.00256247
  0.00511214
   0.0076241
   0.0100737
   0.0124367
   0.0146899
   0.0168106
   0.0187778
   0.0205715
   0.0221736
   0.0235677
   0.0247393
   0.0256763
   0.0263684
    0.026808
   0.0269898
   0.0269112
   0.0265718
    0.025974
   0.0251226
   0.0240251
   0.0226912
    0.021133
   0.0193649
   0.0174034
   0.0152669
   0.0129755
    0.010551
  0.00801653
   0.0053963
  0.00271551
  0.00365239
  0.00727058
   0.0108197
   0.0142655
   0.0175747
   0.0207156
   0.0236577
   0.0263727
   0.0288343
   0.0310188
    0.032905
   0.0344748
   0.0357129
   0.0366073
   0.0371492
   0.0373334
   0.0371582
   0.0366249
   0.0357387
   0.0345081
   0.0329447
   0.0310637
    0.028883
   0.0264236
   0.0237091
   0.0207656
   0.0176214
   0.0143068
   0.0108536
  0.00729513
  0.00366561
  0.00217136
  0.00433337
  0.00646485
  0.00854486
   0.0105528
   0.0124688
   0.0142736
    0.015949
   0.0174782
   0.0188454
   0.0200366
   0.0210393
   0.0218429
   0.0224385
   0.0228195
   0.0229812
    0.022921
   0.0226386
   0.0221356
   0.0214162
   0.0204864
   0.0193543
   0.0180302
   0.0165262
   0.0148562
   0.0130358
   0.0110822
  0.00901375
  0.00685025
  0.00461237
  0.00232159
  0.00531731
   0.0105843
   0.0157502
   0.0207652
    0.025581
   0.0301513
    0.034432
   0.0383816
   0.0419622
    0.045139
   0.0478817
   0.0501637
   0.0519628
   0.0532617
   0.0540476
   0.0543133
    0.054056
   0.0532778
   0.0519865
   0.0501941
   0.0479181
   0.0451802
   0.0420067
   0.0384282
   0.0344789
   0.0301972
   0.0256238
   0.0208031
   0.0157813
   0.0106068
  0.00532944
  0.00180974
  0.00361318
  0.00539265
   0.0071306
  0.00880979
   0.0104135
   0.0119255
   0.0133307
   0.0146145
   0.0157639
   0.0167667
   0.0176126
   0.0182922
    0.018798
   0.0191243
   0.0192669
   0.0192235
   0.0189934
   0.0185781
   0.0179807
    0.017206
   0.0162609
   0.0151536
   0.0138942
   0.0124944
    0.010967
  0.00932642
  0.00758814
  0.00576865
  0.00388533
  0.00195625
   0.0066833
    0.013303
   0.0197954
   0.0260978
   0.0321497
   0.0378928
   0.0432714
   0.0482339
   0.0527323
   0.0567234
   0.0601687
   0.0630348
   0.0652941
   0.0669245
   0.0679106
    0.068243
   0.0679184
   0.0669395
   0.0653154
   0.0630623
   0.0602016
   0.0567608
    0.052773
   0.0482762
   0.0433141
   0.0379343
   0.0321887
   0.0261323
   0.0198237
   0.0133235
   0.0066943
  0.00147808
  0.00295254
  0.00440891
  0.00583279
  0.00721002
  0.00852676
  0.00976973
   0.0109262
   0.0119844
   0.0129332
   0.0137626
   0.0144637
   0.0150289
   0.0154518
   0.0157273
   0.0158519
   0.0158233
    0.015641
   0.0153059
   0.0148202
   0.0141879
   0.0134144
   0.0125063
   0.0114718
   0.0103204
  0.00906253
  0.00771003
  0.00627557
  0.00477273
  0.00321583
   0.0016198
  0.00775079
   0.0154277
   0.0229566
   0.0302653
   0.0372829
   0.0439423
   0.0501789
    0.055933
   0.0611488
   0.0657761
     0.06977
   0.0730928
   0.0757116
   0.0776012
   0.0787437
   0.0791281
   0.0787507
   0.0776149
   0.0757309
   0.0731175
   0.0697999
   0.0658094
   0.0611851
    0.055971
   0.0502175
   0.0439797
   0.0373178
   0.0302962
   0.0229822
   0.0154461
  0.00776072
  0.00117669
  0.00235209
  0.00351464
  0.00465281
  0.00575522
  0.00681072
  0.00780858
  0.00873853
  0.00959089
   0.0103567
   0.0110277
   0.0115967
   0.0120572
    0.012404
   0.0126327
   0.0127403
   0.0127249
   0.0125856
    0.012323
   0.0119388
   0.0114359
   0.0108184
   0.0100917
  0.00926202
  0.00833688
  0.00732472
  0.00623489
  0.00507755
  0.00386362
  0.00260462
   0.0013126
  0.00852037
   0.0169593
   0.0252355
   0.0332692
   0.0409832
   0.0483031
   0.0551583
   0.0614826
   0.0672152
    0.072301
   0.0766907
   0.0803424
   0.0832202
   0.0852964
   0.0865516
   0.0869735
   0.0865579
   0.0853088
   0.0832375
   0.0803643
   0.0767172
   0.0723308
   0.0672475
   0.0615165
   0.0551927
   0.0483365
   0.0410144
    0.033297
   0.0252582
   0.0169757
  0.00852922
 0.000905716
  0.00181216
  0.00271037
   0.0035914
  0.00444638
  0.00526658
  0.00604359
  0.00676929
  0.00743604
  0.00803668
  0.00856468
  0.00901414
   0.0093799
   0.0096576
  0.00984369
  0.00993551
  0.00993134
  0.00983037
  0.00963275
  0.00933961
  0.00895301
  0.00847598
  0.00791247
  0.00726731
  0.00654618
  0.00575557
  0.00490269
  0.00399545
  0.00304235
  0.00205238
    0.001035
  0.00899245
   0.0178989
   0.0266336
   0.0351123
   0.0432531
    0.050978
   0.0582125
   0.0648867
   0.0709366
   0.0763033
   0.0809359
    0.084789
   0.0878255
   0.0900162
   0.0913404
   0.0917851
   0.0913459
   0.0900271
   0.0878412
   0.0848086
   0.0809593
   0.0763303
   0.0709654
    0.064917
   0.0582434
    0.051008
    0.043281
   0.0351368
   0.0266538
   0.0179136
  0.00900038
 0.000665185
   0.0013328
  0.00199622
  0.00264878
  0.00328382
   0.0038948
  0.00447534
  0.00501927
  0.00552073
  0.00597424
  0.00637469
  0.00671749
  0.00699856
  0.00721439
   0.0073621
  0.00743944
  0.00744487
  0.00737755
  0.00723734
  0.00702485
  0.00674142
   0.0063891
  0.00597068
   0.0054896
     0.00495
  0.00435662
  0.00371479
  0.00303039
  0.00230977
   0.0015597
 0.000787302
  0.00916788
    0.018248
   0.0271529
   0.0357966
    0.044096
   0.0519714
   0.0593466
   0.0661507
   0.0723178
   0.0777891
   0.0825114
    0.086439
    0.089534
   0.0917673
   0.0931169
   0.0935699
   0.0931217
   0.0917767
   0.0895479
   0.0864564
   0.0825318
   0.0778123
   0.0723435
   0.0661773
   0.0593737
   0.0519979
   0.0441208
   0.0358184
   0.0271707
   0.0182609
  0.00917485
 0.000455025
 0.000913907
  0.00137204
  0.00182476
  0.00226738
  0.00269523
  0.00310373
  0.00348842
  0.00384501
  0.00416946
  0.00445797
  0.00470707
  0.00491362
   0.0050749
   0.0051886
  0.00525286
  0.00526631
  0.00522807
  0.00513778
   0.0049956
  0.00480225
  0.00455894
  0.00426743
  0.00392999
  0.00354938
  0.00312883
  0.00267204
  0.00218309
  0.00166647
  0.00112697
 0.000569704
  0.00904735
    0.018008
   0.0267956
   0.0353255
   0.0435157
   0.0512871
    0.058565
   0.0652793
   0.0713652
   0.0767641
   0.0814237
    0.085299
   0.0883534
   0.0905571
   0.0918887
   0.0923353
   0.0918926
    0.090565
   0.0883651
   0.0853144
   0.0814415
    0.076784
    0.071387
   0.0653026
   0.0585884
   0.0513098
   0.0435368
   0.0353441
   0.0268109
    0.018019
  0.00905331
 0.000275135
 0.000555271
 0.000837545
    0.001119
  0.00139664
   0.0016674
  0.00192825
  0.00217621
  0.00240834
  0.00262184
  0.00281403
  0.00298241
  0.00312469
  0.00323881
  0.00332295
   0.0033756
  0.00339556
  0.00338192
  0.00333415
  0.00325203
  0.00313573
  0.00298578
  0.00280307
  0.00258884
   0.0023447
   0.0020726
  0.00177479
  0.00145387
   0.0011127
 0.000754399
 0.000382315
  0.00863172
   0.0171806
   0.0255644
   0.0337023
   0.0415159
     0.04893
   0.0558733
   0.0622789
   0.0680847
    0.073235
   0.0776801
   0.0813777
   0.0842916
   0.0863938
   0.0876638
   0.0880896
    0.087667
   0.0864001
    0.084301
   0.0813901
   0.0776954
   0.0732523
   0.0681032
   0.0622981
    0.055893
   0.0489492
   0.0415336
    0.033718
   0.0255773
     0.01719
  0.00863673
 0.000125411
 0.000256689
 0.000392422
 0.000531092
 0.000671086
 0.000810721
 0.000948259
  0.00108193
  0.00120996
  0.00133057
  0.00144205
   0.0015427
  0.00163095
  0.00170529
  0.00176437
  0.00180694
  0.00183194
  0.00183849
  0.00182589
  0.00179363
  0.00174145
  0.00166929
  0.00157733
  0.00146596
  0.00133584
  0.00118783
  0.00102303
 0.000842748
 0.000648504
  0.00044201
 0.000225159
  0.00792171
   0.0157674
   0.0234617
   0.0309301
   0.0381011
   0.0449052
   0.0512772
   0.0571555
   0.0624836
   0.0672102
   0.0712899
   0.0746831
    0.077357
   0.0792859
   0.0804513
    0.080842
    0.080454
   0.0792912
   0.0773647
    0.074693
   0.0713019
   0.0672242
   0.0624991
   0.0571716
   0.0512934
   0.0449209
   0.0381158
   0.0309432
   0.0234724
   0.0157753
  0.00792594
 5.76195e-06
 1.79761e-05
 3.63961e-05
 6.06547e-05
 9.02692e-05
  0.00012465
 0.000163107
 0.000204866
 0.000249072
 0.000294811
 0.000341118
 0.000386995
 0.000431422
  0.00047338
 0.000511859
 0.000545878
 0.000574501
  0.00059685
  0.00061212
 0.000619594
  0.00061865
 0.000608779
 0.000589591
 0.000560822
 0.000522346
 0.000474172
 0.000416454
 0.000349489
 0.000273716
 0.000189713
 9.81933e-05
  0.00691867
   0.0137709
   0.0204908
   0.0270135
   0.0332762
   0.0392188
   0.0447838
   0.0499175
   0.0545708
   0.0586985
   0.0622613
   0.0652245
   0.0675593
   0.0692434
   0.0702612
   0.0706024
   0.0702639
   0.0692487
   0.0675665
   0.0652331
   0.0622713
     0.05871
   0.0545829
   0.0499301
   0.0447965
    0.039231
   0.0332878
   0.0270236
   0.0204991
    0.013777
  0.00692192
-8.38962e-05
-0.000161036
-0.000230787
-0.000292646
-0.000346239
-0.000391324
-0.000427789
 -0.00045565
-0.000475051
-0.000486249
-0.000489616
-0.000485627
-0.000474847
-0.000457925
-0.000435582
-0.000408594
-0.000377783
-0.000344003
-0.000308124
-0.000271022
-0.000233562
-0.000196587
-0.000160904
-0.000127275
-9.64004e-05
-6.89145e-05
-4.53733e-05
-2.62475e-05
-1.19159e-05
-2.66035e-06
 1.33777e-06
  0.00562353
   0.0111931
   0.0166549
   0.0219566
   0.0270469
    0.031877
   0.0364002
   0.0405727
   0.0443549
     0.04771
   0.0506055
   0.0530139
   0.0549118
    0.056281
   0.0571081
   0.0573852
   0.0571097
   0.0562842
   0.0549166
   0.0530202
   0.0506131
   0.0477182
   0.0443638
   0.0405821
   0.0364096
    0.031886
   0.0270554
   0.0219641
   0.0166611
   0.0111975
  0.00562593
 -0.00014366
-0.000280536
-0.000409407
-0.000529176
-0.000638885
-0.000737723
-0.000825025
-0.000900282
-0.000963139
 -0.00101339
 -0.00105099
 -0.00107604
 -0.00108877
 -0.00108957
 -0.00107892
 -0.00105746
 -0.00102589
-0.000985045
-0.000935811
-0.000879151
-0.000816082
-0.000747656
-0.000674951
-0.000599054
-0.000521048
-0.000441998
-0.000362937
-0.000284855
-0.000208688
-0.000135307
-6.55064e-05
  0.00403767
  0.00803656
   0.0119582
   0.0157647
   0.0194196
   0.0228875
   0.0261351
    0.029131
   0.0318465
   0.0342555
   0.0363345
   0.0380636
   0.0394261
   0.0404089
   0.0410026
   0.0412017
   0.0410041
   0.0404116
   0.0394295
   0.0380677
   0.0363392
   0.0342607
   0.0318523
   0.0291371
   0.0261413
   0.0228935
   0.0194252
   0.0157697
   0.0119623
  0.00803952
  0.00403927
 -0.00017366
-0.000340779
 -0.00049983
-0.000649405
-0.000788236
-0.000915201
 -0.00102933
 -0.00112983
 -0.00121605
 -0.00128753
 -0.00134397
 -0.00138524
 -0.00141137
 -0.00142258
 -0.00141921
 -0.00140175
 -0.00137086
  -0.0013273
 -0.00127193
 -0.00120576
 -0.00112983
  -0.0010453
-0.000953361
-0.000855261
-0.000752269
-0.000645667
-0.000536737
-0.000426741
-0.000316911
-0.000208435
-0.000102444
  0.00216261
  0.00430445
  0.00640489
   0.0084437
   0.0104013
   0.0122587
   0.0139981
   0.0156027
   0.0170572
   0.0183474
   0.0194609
   0.0203871
   0.0211168
   0.0216432
   0.0219612
   0.0220677
   0.0219619
   0.0216444
   0.0211184
    0.020389
   0.0194632
     0.01835
     0.01706
   0.0156058
   0.0140012
   0.0122617
   0.0104041
  0.00844617
  0.00640693
  0.00430593
  0.00216341
  1.4013e-44
 2.52234e-44
 3.36312e-44
 3.92364e-44
 4.34403e-44
 4.76441e-44
 5.04467e-44
  5.1848e-44
  5.1848e-44
  5.1848e-44
  5.1848e-44
  5.1848e-44
  5.1848e-44
  5.1848e-44
  5.1848e-44
  5.1848e-44
  5.1848e-44
  5.1848e-44
  5.1848e-44
  5.1848e-44
  5.1848e-44
  5.1848e-44
  5.1848e-44
  5.1848e-44
 5.04467e-44
 4.76441e-44
 4.34403e-44
 3.92364e-44
 3.36312e-44
 2.52234e-44
  1.4013e-44
-7.00649e-44
-7.00649e-44
-7.00649e-44
 7.00649e-44
 7.00649e-44
 7.00649e-44
-7.00649e-44
-7.00649e-44
-7.00649e-44
-7.00649e-44
-7.00649e-44
-7.00649e-44
-7.00649e-44
 7.00649e-44
-7.00649e-44
-7.00649e-44
 7.00649e-44
 7.00649e-44
 7.00649e-44
 7.00649e-44
-7.00649e-44
-7.00649e-44
-7.00649e-44
 7.00649e-44
-7.00649e-44
-7.00649e-44
 7.00649e-44
 7.00649e-44
 7.00649e-44
 7.00649e-44
-7.00649e-44
