0.9999979999999999
0.9753850000000001
0.95104
0.9269629999999999
0.903156
0.8796290000000001
0.856384
0.8334239999999999
0.810746
0.7883560000000001
0.766258
0.744451
0.7229359999999999
0.701715
0.680789
0.660159
0.639824
0.619787
0.6000449999999999
0.580603
0.561457
0.54261
0.524061
0.505808
0.48785200000000006
0.47018999999999994
0.452817
0.43573100000000003
0.418926
0.40239400000000003
0.386131
0.370131
0.354392
0.338918
0.32371700000000003
0.308804
0.294198
0.279926
0.266013
0.252485
0.239364
0.22666599999999998
0.21439699999999998
0.202559
0.191145
0.180146
0.169548
0.159335
0.149492
0.140007
0.130869
0.12206800000000001
0.113595
0.10544400000000001
0.09761030000000001
0.09008939999999999
0.08287739999999999
0.0759708
0.06936619999999999
0.0630597
0.0570476
0.0513259
0.0458909
0.0407401
0.0358724
0.0312882
0.026989799999999998
0.0229812
0.0192669
0.015851900000000002
0.0127403
0.00993551
0.00743944
0.00525286
0.0033756
0.00180694
0.0005458780000000001
-0.000408594
-0.00105746
-0.00140175
5.1848e-44
