   0.771919
     1.5364
    2.28609
    3.01376
    3.71241
    4.37531
    4.99607
    5.56872
    6.08774
    6.54813
    6.94545
    7.27589
    7.53626
    7.72405
    7.83745
    7.87537
    7.83745
    7.72405
    7.53626
    7.27589
    6.94545
    6.54813
    6.08774
    5.56872
    4.99607
    4.37531
    3.71241
    3.01376
    2.28609
     1.5364
   0.771919
    0.75833
    1.50936
    2.24585
    2.96071
    3.64706
    4.29829
    4.90813
     5.4707
    5.98058
    6.43286
     6.8232
    7.14782
    7.40361
    7.58809
    7.69949
    7.73675
    7.69949
    7.58809
    7.40361
    7.14782
     6.8232
    6.43286
    5.98058
    5.47069
    4.90813
    4.29829
    3.64706
    2.96071
    2.24585
    1.50936
    0.75833
   0.744865
    1.48256
    2.20597
    2.90814
    3.58231
    4.22197
    4.82098
    5.37356
    5.87439
    6.31865
    6.70205
    7.02091
    7.27215
    7.45336
    7.56279
    7.59938
    7.56279
    7.45336
    7.27215
    7.02091
    6.70205
    6.31865
    5.87439
    5.37356
    4.82098
    4.22197
    3.58231
    2.90814
    2.20597
    1.48256
   0.744865
   0.731524
      1.456
    2.16646
    2.85605
    3.51814
    4.14635
    4.73463
    5.27731
    5.76917
    6.20547
    6.58201
    6.89516
     7.1419
    7.31987
    7.42733
    7.46327
    7.42733
    7.31987
     7.1419
    6.89516
    6.58201
    6.20547
    5.76917
    5.27731
    4.73463
    4.14635
    3.51814
    2.85605
    2.16646
      1.456
   0.731523
   0.718305
    1.42969
    2.12731
    2.80444
    3.45457
    4.07143
    4.64908
    5.18195
    5.66492
    6.09334
    6.46307
    6.77056
    7.01285
    7.18759
    7.29312
    7.32841
    7.29312
    7.18759
    7.01285
    6.77056
    6.46307
    6.09334
    5.66492
    5.18195
    4.64907
    4.07143
    3.45457
    2.80444
    2.12731
    1.42969
   0.718304
   0.705208
    1.40362
    2.08852
    2.75331
    3.39158
    3.99719
    4.56431
    5.08747
    5.56164
    5.98224
    6.34523
    6.64711
    6.88498
    7.05654
    7.16014
    7.19479
    7.16014
    7.05654
    6.88498
    6.64711
    6.34523
    5.98224
    5.56163
    5.08747
    4.56431
    3.99719
    3.39158
    2.75331
    2.08852
    1.40362
   0.705208
   0.692233
     1.3778
     2.0501
    2.70265
    3.32918
    3.92365
    4.48033
    4.99387
    5.45931
    5.87217
    6.22849
    6.52481
    6.75831
    6.92671
     7.0284
    7.06241
     7.0284
    6.92671
     6.7583
    6.52481
    6.22848
    5.87217
    5.45931
    4.99387
    4.48033
    3.92365
    3.32918
    2.70265
     2.0501
     1.3778
   0.692233
    0.67938
    1.35222
    2.01203
    2.65247
    3.26737
     3.8508
    4.39714
    4.90114
    5.35794
    5.76314
    6.11283
    6.40366
    6.63282
    6.79809
     6.8979
    6.93128
     6.8979
    6.79809
    6.63282
    6.40366
    6.11283
    5.76314
    5.35794
    4.90114
    4.39714
     3.8508
    3.26737
    2.65247
    2.01203
    1.35222
    0.67938
   0.666649
    1.32688
    1.97433
    2.60276
    3.20614
    3.77863
    4.31474
    4.80929
    5.25753
    5.65513
    5.99828
    6.28365
    6.50851
    6.67069
    6.76863
    6.80138
    6.76863
    6.67069
    6.50851
    6.28365
    5.99828
    5.65513
    5.25753
    4.80929
    4.31474
    3.77863
    3.20614
    2.60276
    1.97433
    1.32688
   0.666649
   0.654038
    1.30178
    1.93698
    2.55353
    3.14549
    3.70715
    4.23312
    4.71832
    5.15807
    5.54816
    5.88481
    6.16479
    6.38539
     6.5445
    6.64059
    6.67272
    6.64059
    6.54451
    6.38539
    6.16479
    5.88481
    5.54816
    5.15808
    4.71832
    4.23312
    3.70715
    3.14549
    2.55353
    1.93698
    1.30178
   0.654038
   0.641548
    1.27692
    1.89999
    2.50477
    3.08542
    3.63636
    4.15228
    4.62821
    5.05957
     5.4422
    5.77243
    6.04706
    6.26345
    6.41953
    6.51377
    6.54529
    6.51377
    6.41953
    6.26345
    6.04706
    5.77243
    5.44221
    5.05957
    4.62821
    4.15228
    3.63636
    3.08542
    2.50477
    1.89999
    1.27692
   0.641549
   0.629179
     1.2523
    1.86336
    2.45647
    3.02593
    3.56625
    4.07222
    4.53898
    4.96202
    5.33728
    5.66113
    5.93047
    6.14269
    6.29575
    6.38819
     6.4191
    6.38819
    6.29575
    6.14269
    5.93047
    5.66113
    5.33728
    4.96202
    4.53898
    4.07222
    3.56625
    3.02593
    2.45647
    1.86336
     1.2523
   0.629179
    0.61693
    1.22792
    1.82708
    2.40865
    2.96702
    3.49682
    3.99294
    4.45061
    4.86542
    5.23337
    5.55092
    5.81501
     6.0231
    6.17319
    6.26382
    6.29413
    6.26382
    6.17319
    6.02311
    5.81502
    5.55092
    5.23337
    4.86542
    4.45062
    3.99295
    3.49682
    2.96703
    2.40865
    1.82708
    1.22792
   0.616931
   0.604802
    1.20378
    1.79116
     2.3613
    2.90869
    3.42808
    3.91445
    4.36312
    4.76977
    5.13049
    5.44179
    5.70069
    5.90469
    6.05183
    6.14068
    6.17039
    6.14068
    6.05183
    5.90469
    5.70069
    5.44179
    5.13049
    4.76977
    4.36312
    3.91445
    3.42808
     2.9087
     2.3613
    1.79117
    1.20378
   0.604803
   0.592794
    1.17988
     1.7556
    2.31442
    2.85094
    3.36001
    3.83673
    4.27649
    4.67507
    5.02862
    5.33375
    5.58751
    5.78745
    5.93167
    6.01875
    6.04787
    6.01875
    5.93167
    5.78745
    5.58751
    5.33375
    5.02862
    4.67507
    4.27649
    3.83673
    3.36002
    2.85095
    2.31442
     1.7556
    1.17988
   0.592795
   0.580906
    1.15622
    1.72039
      2.268
    2.79377
    3.29263
    3.75978
    4.19072
    4.58131
    4.92777
    5.22678
    5.47545
    5.67139
    5.81271
    5.89804
    5.92658
    5.89805
    5.81271
    5.67139
    5.47545
    5.22678
    4.92777
    4.58131
    4.19073
    3.75978
    3.29263
    2.79377
      2.268
    1.72039
    1.15622
   0.580906
   0.569137
    1.13279
    1.68554
    2.22205
    2.73717
    3.22592
    3.68361
    4.10582
    4.48849
    4.82794
    5.12089
    5.36452
    5.55649
    5.69494
    5.77855
    5.80651
    5.77855
    5.69495
    5.55649
    5.36452
    5.12089
    4.82794
     4.4885
    4.10583
    3.68361
    3.22593
    2.73717
    2.22206
    1.68554
    1.13279
   0.569138
   0.557488
    1.10961
    1.65104
    2.17657
    2.68115
     3.1599
    3.60822
    4.02179
    4.39663
    4.72912
    5.01607
    5.25472
    5.44276
    5.57838
    5.66028
    5.68767
    5.66028
    5.57838
    5.44276
    5.25472
    5.01608
    4.72912
    4.39663
    4.02179
    3.60822
     3.1599
    2.68115
    2.17658
    1.65104
    1.10961
   0.557489
   0.545959
    1.08666
     1.6169
    2.13156
     2.6257
    3.09455
    3.53359
    3.93861
     4.3057
    4.63132
    4.91234
    5.14605
     5.3302
    5.46301
    5.54322
    5.57004
    5.54322
    5.46301
     5.3302
    5.14605
    4.91234
    4.63132
     4.3057
    3.93861
     3.5336
    3.09455
     2.6257
    2.13156
     1.6169
    1.08666
   0.545959
   0.534549
    1.06395
     1.5831
    2.08701
    2.57082
    3.02987
    3.45975
     3.8563
    4.21571
    4.53453
    4.80967
     5.0385
     5.2188
    5.34884
    5.42737
    5.45363
    5.42737
    5.34884
     5.2188
     5.0385
    4.80967
    4.53453
    4.21571
     3.8563
    3.45975
    3.02987
    2.57082
    2.08701
     1.5831
    1.06395
   0.534549
   0.523258
    1.04148
    1.54967
    2.04293
    2.51652
    2.96588
    3.38667
    3.77485
    4.12667
    4.43875
    4.70808
    4.93207
    5.10857
    5.23586
    5.31273
    5.33844
    5.31273
    5.23586
    5.10857
    4.93207
    4.70808
    4.43875
    4.12667
    3.77484
    3.38667
    2.96588
    2.51652
    2.04293
    1.54967
    1.04148
   0.523258
   0.512087
    1.01924
    1.51658
    1.99931
    2.46279
    2.90256
    3.31436
    3.69425
    4.03856
    4.34398
    4.60756
    4.82677
     4.9995
    5.12407
     5.1993
    5.22446
     5.1993
    5.12407
     4.9995
    4.82677
    4.60756
    4.34398
    4.03856
    3.69425
    3.31436
    2.90255
    2.46279
    1.99931
    1.51658
    1.01924
   0.512086
   0.501034
   0.997243
    1.48385
    1.95616
    2.40964
    2.83991
    3.24283
    3.61452
     3.9514
    4.25022
    4.50812
     4.7226
    4.89159
    5.01348
    5.08708
     5.1117
    5.08708
    5.01348
    4.89159
    4.72259
    4.50811
    4.25022
     3.9514
    3.61451
    3.24283
    2.83991
    2.40964
    1.95616
    1.48385
   0.997241
   0.501034
   0.490101
   0.975481
    1.45147
    1.91348
    2.35706
    2.77794
    3.17206
    3.53564
    3.86517
    4.15748
    4.40974
    4.61954
    4.78485
    4.90407
    4.97607
    5.00015
    4.97607
    4.90407
    4.78484
    4.61953
    4.40974
    4.15747
    3.86517
    3.53564
    3.17206
    2.77793
    2.35705
    1.91347
    1.45146
   0.975479
     0.4901
   0.479286
   0.953956
    1.41944
    1.87125
    2.30504
    2.71664
    3.10207
    3.45762
    3.77988
    4.06573
    4.31243
     4.5176
    4.67926
    4.79586
    4.86627
    4.88981
    4.86627
    4.79586
    4.67926
     4.5176
    4.31243
    4.06573
    3.77987
    3.45762
    3.10206
    2.71663
    2.30504
    1.87125
    1.41943
   0.953953
   0.479284
    0.46859
   0.932666
    1.38776
    1.82949
     2.2536
    2.65601
    3.03284
    3.38046
    3.69553
      3.975
    4.21619
    4.41678
    4.57484
    4.68883
    4.75767
    4.78069
    4.75767
    4.68883
    4.57483
    4.41678
    4.21619
      3.975
    3.69552
    3.38045
    3.03283
      2.656
     2.2536
    1.82949
    1.38776
   0.932663
   0.468588
   0.458012
   0.911613
    1.35643
    1.78819
    2.20273
    2.59606
    2.96438
    3.30415
    3.61211
    3.88527
    4.12102
    4.31708
    4.47157
    4.58299
    4.65028
    4.67278
    4.65028
    4.58299
    4.47157
    4.31708
    4.12102
    3.88527
     3.6121
    3.30415
    2.96437
    2.59605
    2.20273
    1.78819
    1.35643
    0.91161
   0.458011
   0.447553
   0.890796
    1.32546
    1.74736
    2.15243
    2.53677
    2.89669
     3.2287
    3.52962
    3.79655
    4.02692
     4.2185
    4.36946
    4.47834
    4.54409
    4.56607
    4.54409
    4.47834
    4.36946
     4.2185
    4.02691
    3.79655
    3.52962
     3.2287
    2.89668
    2.53677
    2.15243
    1.74736
    1.32546
   0.890794
   0.447552
   0.437213
   0.870215
    1.29484
    1.70699
     2.1027
    2.47816
    2.82976
    3.15411
    3.44807
    3.70884
    3.93388
    4.12104
    4.26851
    4.37487
     4.4391
    4.46058
     4.4391
    4.37487
    4.26851
    4.12104
    3.93388
    3.70883
    3.44807
     3.1541
    2.82976
    2.47816
     2.1027
    1.70699
    1.29484
   0.870214
   0.437213
   0.426991
    0.84987
    1.26456
    1.66708
    2.05354
    2.42023
     2.7636
    3.08036
    3.36746
    3.62213
    3.84191
    4.02469
    4.16871
    4.27259
    4.33532
    4.35629
    4.33532
    4.27259
    4.16871
    4.02469
    3.84191
    3.62213
    3.36746
    3.08036
     2.7636
    2.42023
    2.05354
    1.66708
    1.26456
    0.84987
   0.426991
   0.416888
    0.82976
    1.23464
    1.62763
    2.00495
    2.36296
    2.69821
    3.00748
    3.28778
    3.53642
      3.751
    3.92946
    4.07008
    4.17149
    4.23274
    4.25322
    4.23274
    4.17149
    4.07008
    3.92946
      3.751
    3.53642
    3.28778
    3.00748
    2.69821
    2.36296
    2.00495
    1.62764
    1.23464
   0.829761
   0.416888
   0.406903
   0.809887
    1.20507
    1.58865
    1.95693
    2.30636
    2.63359
    2.93545
    3.20903
    3.45172
    3.66116
    3.83535
    3.97259
    4.07158
    4.13136
    4.15135
    4.13136
    4.07159
     3.9726
    3.83535
    3.66117
    3.45172
    3.20904
    2.93545
    2.63359
    2.30637
    1.95693
    1.58865
    1.20507
   0.809887
   0.406903
   0.397036
   0.790248
    1.17585
    1.55013
    1.90948
    2.25044
    2.56973
    2.86427
    3.13122
    3.36802
    3.57239
    3.74235
    3.87627
    3.97286
    4.03119
    4.05069
    4.03119
    3.97286
    3.87627
    3.74235
    3.57239
    3.36803
    3.13123
    2.86427
    2.56973
    2.25044
    1.90948
    1.55013
    1.17585
    0.79025
   0.397037
   0.387288
   0.770845
    1.14698
    1.51207
     1.8626
    2.19519
    2.50663
    2.79394
    3.05434
    3.28533
    3.48468
    3.65047
     3.7811
    3.87532
    3.93221
    3.95124
    3.93221
    3.87532
     3.7811
    3.65047
    3.48468
    3.28534
    3.05435
    2.79395
    2.50664
    2.19519
     1.8626
    1.51207
    1.14698
   0.770849
   0.387289
   0.377658
   0.751678
    1.11846
    1.47447
    1.81628
     2.1406
    2.44431
    2.72447
     2.9784
    3.20364
    3.39803
     3.5597
    3.68708
    3.77896
    3.83444
    3.85299
    3.83444
    3.77896
    3.68709
     3.5597
    3.39804
    3.20365
    2.97841
    2.72448
    2.44432
    2.14061
    1.81629
    1.47448
    1.11847
   0.751682
    0.37766
   0.368146
   0.732747
    1.09029
    1.43734
    1.77054
    2.08669
    2.38275
    2.65586
    2.90339
    3.12296
    3.31245
    3.47005
    3.59422
    3.68378
    3.73787
    3.75595
    3.73787
    3.68379
    3.59423
    3.47005
    3.31246
    3.12296
    2.90339
    2.65586
    2.38275
     2.0867
    1.77055
    1.43734
     1.0903
   0.732751
   0.368148
   0.358753
   0.714051
    1.06247
    1.40066
    1.72536
    2.03345
    2.32195
    2.58809
    2.82931
    3.04328
    3.22794
    3.38151
    3.50252
    3.58979
     3.6425
    3.66012
     3.6425
     3.5898
    3.50252
    3.38151
    3.22794
    3.04328
    2.82931
     2.5881
    2.32196
    2.03346
    1.72537
    1.40067
    1.06248
   0.714054
   0.358755
   0.349478
   0.695591
      1.035
    1.36445
    1.68076
    1.98088
    2.26192
    2.52118
    2.75616
     2.9646
    3.14448
    3.29409
    3.41197
    3.49699
    3.54833
     3.5655
    3.54833
    3.49699
    3.41197
    3.29409
    3.14449
     2.9646
    2.75617
    2.52119
    2.26193
    1.98088
    1.68076
    1.36446
    1.03501
   0.695593
   0.349479
   0.340322
   0.677366
    1.00789
     1.3287
    1.63672
    1.92898
    2.20266
    2.45513
    2.68395
    2.88692
     3.0621
    3.20778
    3.32257
    3.40536
    3.45536
    3.47208
    3.45536
    3.40536
    3.32257
    3.20778
     3.0621
    2.88692
    2.68395
    2.45513
    2.20266
    1.92898
    1.63672
     1.3287
    1.00789
   0.677367
   0.340322
   0.331283
   0.659376
   0.981119
    1.29341
    1.59325
    1.87775
    2.14416
    2.38992
    2.61267
    2.81025
    2.98077
    3.12258
    3.23433
    3.31492
    3.36358
    3.37986
    3.36358
    3.31492
    3.23432
    3.12258
    2.98077
    2.81025
    2.61266
    2.38992
    2.14416
    1.87775
    1.59325
    1.29341
   0.981119
   0.659376
   0.331283
   0.322363
   0.641622
   0.954702
    1.25859
    1.55035
    1.82719
    2.08643
    2.32557
    2.54232
    2.73458
    2.90051
     3.0385
    3.14724
    3.22566
    3.27301
    3.28885
    3.27301
    3.22566
    3.14723
     3.0385
     2.9005
    2.73458
    2.54231
    2.32556
    2.08642
    1.82718
    1.55035
    1.25859
     0.9547
   0.641621
   0.322363
   0.313561
   0.624103
   0.928634
    1.22422
    1.50802
     1.7773
    2.02946
    2.26207
     2.4729
    2.65991
    2.82131
    2.95554
     3.0613
    3.13758
    3.18364
    3.19905
    3.18364
    3.13758
     3.0613
    2.95553
     2.8213
    2.65991
    2.47289
    2.26206
    2.02945
    1.77729
    1.50802
    1.22422
   0.928631
   0.624101
    0.31356
   0.304878
   0.606819
   0.902917
    1.19032
    1.46626
    1.72808
    1.97325
    2.19942
    2.40441
    2.58625
    2.74318
    2.87368
    2.97652
    3.05069
    3.09547
    3.11045
    3.09547
    3.05068
    2.97651
    2.87368
    2.74317
    2.58624
    2.40441
    2.19942
    1.97324
    1.72807
    1.46625
    1.19031
   0.902912
   0.606816
   0.304876
   0.296312
    0.58977
   0.877549
    1.15688
    1.42506
    1.67952
    1.91781
    2.13763
    2.33686
    2.51359
     2.6661
    2.79295
    2.89289
    2.96497
     3.0085
    3.02306
     3.0085
    2.96497
    2.89289
    2.79294
     2.6661
    2.51358
    2.33685
    2.13762
     1.9178
    1.67952
    1.42505
    1.15687
   0.877543
   0.589766
    0.29631
   0.287865
   0.572957
   0.852531
    1.12389
    1.38444
    1.63164
    1.86314
    2.07669
    2.27024
    2.44193
     2.5901
    2.71332
    2.81042
    2.88045
    2.92273
    2.93688
    2.92273
    2.88044
    2.81041
    2.71332
    2.59009
    2.44192
    2.27023
    2.07668
    1.86313
    1.63163
    1.38443
    1.12389
   0.852525
   0.572952
   0.287862
   0.279535
   0.556378
   0.827863
    1.09137
    1.34438
    1.58443
    1.80923
     2.0166
    2.20455
    2.37127
    2.51515
    2.63481
     2.7291
     2.7971
    2.83817
     2.8519
    2.83816
     2.7971
    2.72909
    2.63481
    2.51514
    2.37126
    2.20454
    2.01659
    1.80922
    1.58442
    1.34437
    1.09137
   0.827856
   0.556373
   0.279533
   0.271324
   0.540035
   0.803545
    1.05932
    1.30489
    1.53789
    1.75608
    1.95736
    2.13979
    2.30162
    2.44127
    2.55742
    2.64893
    2.71494
     2.7548
    2.76813
     2.7548
    2.71494
    2.64893
    2.55741
    2.44126
    2.30161
    2.13978
    1.95735
    1.75607
    1.53788
    1.30488
    1.05931
   0.803538
    0.54003
   0.271321
   0.263231
   0.523927
   0.779577
    1.02772
    1.26597
    1.49202
     1.7037
    1.89898
    2.07597
    2.23296
    2.36846
    2.48114
    2.56992
    2.63396
    2.67263
    2.68556
    2.67263
    2.63396
    2.56992
    2.48113
    2.36845
    2.23296
    2.07596
    1.89897
    1.70369
    1.49201
    1.26596
    1.02771
   0.779571
   0.523922
   0.263229
   0.255256
   0.508054
   0.755959
   0.996584
    1.22761
    1.44682
    1.65209
    1.84145
    2.01308
    2.16532
     2.2967
    2.40597
    2.49207
    2.55416
    2.59166
     2.6042
    2.59166
    2.55416
    2.49206
    2.40597
     2.2967
    2.16531
    2.01307
    1.84144
    1.65208
    1.44681
     1.2276
   0.996578
   0.755954
    0.50805
   0.255254
     0.2474
   0.492417
   0.732692
    0.96591
    1.18983
    1.40229
    1.60124
    1.78477
    1.95112
    2.09867
    2.22601
    2.33192
    2.41536
    2.47555
     2.5119
    2.52405
    2.51189
    2.47555
    2.41536
    2.33192
    2.22601
    2.09867
    1.95111
    1.78477
    1.60124
    1.40228
    1.18982
   0.965907
   0.732688
   0.492414
   0.247398
   0.239661
   0.477014
   0.709774
   0.935698
    1.15261
    1.35842
    1.55115
    1.72895
    1.89009
    2.03303
    2.15639
    2.25898
    2.33982
    2.39812
    2.43333
     2.4451
    2.43333
    2.39812
    2.33982
    2.25898
    2.15639
    2.03303
    1.89009
    1.72895
    1.55115
    1.35842
    1.15261
   0.935697
   0.709773
   0.477014
   0.239661
   0.232041
   0.461847
   0.687206
   0.905947
    1.11596
    1.31523
    1.50183
    1.67397
    1.82999
    1.96839
    2.08782
    2.18715
    2.26542
    2.32187
    2.35596
    2.36736
    2.35596
    2.32187
    2.26543
    2.18716
    2.08783
    1.96839
       1.83
    1.67398
    1.50184
    1.31524
    1.11597
   0.905949
   0.687208
   0.461849
   0.232042
   0.224539
   0.446915
   0.664988
   0.876657
    1.07988
    1.27271
    1.45328
    1.61985
    1.77083
    1.90475
    2.02032
    2.11644
    2.19218
    2.24681
    2.27979
    2.29083
     2.2798
    2.24681
    2.19219
    2.11645
    2.02033
    1.90476
    1.77084
    1.61986
    1.45329
    1.27272
    1.07989
   0.876663
   0.664993
   0.446918
   0.224541
   0.217155
   0.432218
    0.64312
   0.847828
    1.04437
    1.23086
    1.40549
    1.56659
     1.7126
    1.84211
    1.95389
    2.04685
     2.1201
    2.17293
    2.20483
     2.2155
    2.20483
    2.17293
     2.1201
    2.04686
     1.9539
    1.84212
    1.71261
     1.5666
     1.4055
    1.23087
    1.04438
   0.847837
   0.643127
   0.432223
   0.217157
   0.209889
   0.417757
   0.621602
   0.819461
    1.00943
    1.18967
    1.35846
    1.51417
     1.6553
    1.78048
    1.88852
    1.97837
    2.04916
    2.10023
    2.13106
    2.14137
    2.13106
    2.10023
    2.04917
    1.97838
    1.88853
    1.78049
    1.65531
    1.51419
    1.35848
    1.18969
    1.00944
   0.819471
    0.62161
   0.417763
   0.209892
   0.202742
   0.403531
   0.600434
   0.791556
   0.975055
    1.14916
    1.31221
    1.46261
    1.59893
    1.71985
    1.82421
      1.911
    1.97938
    2.02871
    2.05849
    2.06845
     2.0585
    2.02871
    1.97939
    1.91101
    1.82422
    1.71986
    1.59894
    1.46262
    1.31222
    1.14918
   0.975066
   0.791566
   0.600443
   0.403537
   0.202745
   0.195712
    0.38954
   0.579617
   0.764112
   0.941249
    1.10932
    1.26671
     1.4119
    1.54349
    1.66022
    1.76096
    1.84474
    1.91076
    1.95837
    1.98713
    1.99674
    1.98713
    1.95838
    1.91076
    1.84475
    1.76097
    1.66023
    1.54351
    1.41191
    1.26672
    1.10933
    0.94126
   0.764121
   0.579624
   0.389546
   0.195715
   0.188802
   0.375785
    0.55915
    0.73713
   0.908013
    1.07015
    1.22198
    1.36205
    1.48899
     1.6016
    1.69878
     1.7796
    1.84329
    1.88922
    1.91696
    1.92623
    1.91696
    1.88922
    1.84329
    1.77961
    1.69879
     1.6016
      1.489
    1.36205
    1.22199
    1.07016
   0.908019
   0.737137
   0.559155
   0.375789
   0.188804
   0.182009
   0.362265
   0.539033
    0.71061
   0.875344
    1.03165
    1.17802
    1.31304
    1.43542
    1.54397
    1.63766
    1.71557
    1.77697
    1.82125
    1.84798
    1.85693
    1.84798
    1.82125
    1.77697
    1.71558
    1.63766
    1.54398
    1.43542
    1.31304
    1.17802
    1.03165
   0.875347
   0.710613
   0.539036
   0.362267
    0.18201
   0.175334
    0.34898
   0.519266
   0.684551
   0.843244
   0.993816
    1.13482
    1.26489
    1.38278
    1.48735
     1.5776
    1.65266
     1.7118
    1.75445
    1.78021
    1.78883
    1.78021
    1.75445
     1.7118
    1.65266
     1.5776
    1.48735
    1.38278
    1.26489
    1.13482
   0.993815
   0.843244
   0.684551
   0.519266
   0.348981
   0.175335
   0.168778
    0.33593
   0.499848
   0.658953
   0.811711
   0.956653
    1.09238
    1.21759
    1.33107
    1.43173
    1.51861
    1.59086
    1.64779
    1.68885
    1.71364
    1.72193
    1.71364
    1.68884
    1.64778
    1.59085
     1.5186
    1.43173
    1.33107
    1.21758
    1.09238
   0.956649
   0.811709
   0.658951
   0.499847
    0.33593
   0.168778
    0.16234
   0.323116
   0.480781
   0.633816
   0.780747
   0.920159
    1.05071
    1.17114
    1.28029
    1.37712
    1.46068
    1.53017
    1.58493
    1.62442
    1.64827
    1.65624
    1.64826
    1.62442
    1.58492
    1.53016
    1.46067
    1.37711
    1.28029
    1.17113
     1.0507
   0.920154
   0.780743
   0.633812
   0.480778
   0.323114
   0.162339
    0.15602
   0.310537
   0.462064
   0.609141
   0.750351
   0.884336
     1.0098
    1.12555
    1.23045
     1.3235
    1.40381
    1.47059
    1.52322
    1.56117
    1.58409
    1.59176
    1.58409
    1.56117
    1.52321
    1.47059
     1.4038
    1.32349
    1.23044
    1.12554
     1.0098
   0.884328
   0.750345
   0.609135
    0.46206
   0.310534
   0.156018
   0.149818
   0.298193
   0.443696
   0.584926
   0.720523
   0.849181
   0.969661
     1.0808
    1.18153
    1.27089
      1.348
    1.41213
    1.46267
    1.49911
    1.52112
    1.52848
    1.52112
    1.49911
    1.46266
    1.41213
      1.348
    1.27088
    1.18153
    1.08079
   0.969653
   0.849173
   0.720516
    0.58492
   0.443691
   0.298189
   0.149816
   0.143734
   0.286083
   0.425677
   0.561172
   0.691263
   0.814696
   0.930283
    1.03691
    1.13355
    1.21928
    1.29326
    1.35479
    1.40327
    1.43823
    1.45935
    1.46641
    1.45935
    1.43823
    1.40326
    1.35478
    1.29325
    1.21927
    1.13355
     1.0369
   0.930275
   0.814689
   0.691256
   0.561167
   0.425673
    0.28608
   0.143732
   0.137768
   0.274209
   0.408009
    0.53788
   0.662571
   0.780881
    0.89167
   0.993872
     1.0865
    1.16867
    1.23958
    1.29855
    1.34502
    1.37854
    1.39877
    1.40554
    1.39877
    1.37853
    1.34502
    1.29855
    1.23957
    1.16866
     1.0865
   0.993865
   0.891663
   0.780874
   0.662564
   0.537874
   0.408004
   0.274206
   0.137766
    0.13192
    0.26257
   0.390691
   0.515049
   0.634447
   0.747735
   0.853822
   0.951686
    1.04038
    1.11906
    1.18696
    1.24343
    1.28793
    1.32002
     1.3394
    1.34588
     1.3394
    1.32002
    1.28793
    1.24343
    1.18696
    1.11906
    1.04038
   0.951679
   0.853815
   0.747729
   0.634441
   0.515044
   0.390686
   0.262567
   0.131919
   0.126191
   0.251166
   0.373722
   0.492679
   0.606891
   0.715259
   0.816737
   0.910351
   0.995197
    1.07046
    1.13541
    1.18943
    1.23199
    1.26269
    1.28123
    1.28743
    1.28123
    1.26269
    1.23199
    1.18943
    1.13541
    1.07045
   0.995193
   0.910347
   0.816733
   0.715254
   0.606887
   0.492675
   0.373719
   0.251163
   0.126189
   0.120579
   0.239997
   0.357103
    0.47077
   0.579903
   0.683451
   0.780417
   0.869868
   0.950941
    1.02286
    1.08492
    1.13654
    1.17721
    1.20654
    1.22425
    1.23018
    1.22425
    1.20654
    1.17721
    1.13654
    1.08492
    1.02285
   0.950939
   0.869866
   0.780416
   0.683449
   0.579901
   0.470768
   0.357101
   0.239995
   0.120578
   0.115085
   0.229062
   0.340833
   0.449321
   0.553482
   0.652313
   0.744861
   0.830237
   0.907616
   0.976255
    1.03549
    1.08476
    1.12357
    1.15157
    1.16848
    1.17413
    1.16848
    1.15157
    1.12358
    1.08476
    1.03549
   0.976257
   0.907618
   0.830239
   0.744863
   0.652315
   0.553484
   0.449323
   0.340834
   0.229063
   0.115086
    0.10971
   0.218363
   0.324913
   0.428334
    0.52763
   0.621844
   0.710069
   0.791457
   0.865222
   0.930654
   0.987124
    1.03409
    1.07109
    1.09778
     1.1139
    1.11929
     1.1139
    1.09779
     1.0711
    1.03409
    0.98713
    0.93066
   0.865228
   0.791463
   0.710075
   0.621849
   0.527634
   0.428338
   0.324916
   0.218365
   0.109711
   0.104452
   0.207899
   0.309342
   0.407807
   0.502345
   0.592044
   0.676042
   0.753529
   0.823759
   0.886056
    0.93982
   0.984533
    1.01977
    1.04518
    1.06052
    1.06565
    1.06052
    1.04518
    1.01977
   0.984539
   0.939827
   0.886064
   0.823767
   0.753537
   0.676049
   0.592051
   0.502351
   0.407813
   0.309347
   0.207902
   0.104454
  0.0993128
   0.197669
   0.294121
   0.387741
   0.477627
   0.562913
   0.642777
   0.716452
   0.783226
   0.842458
   0.893577
    0.93609
   0.969589
   0.993749
    1.00834
    1.01322
    1.00834
   0.993753
   0.969593
   0.936096
   0.893584
   0.842467
   0.783236
   0.716461
   0.642787
   0.562922
   0.477635
   0.387748
   0.294127
   0.197673
  0.0993149
  0.0942915
   0.187675
    0.27925
   0.368136
   0.453477
    0.53445
   0.610276
   0.680225
   0.743623
    0.79986
   0.848394
   0.888758
   0.920562
   0.943501
   0.957354
   0.961986
   0.957355
   0.943504
   0.920566
   0.888763
   0.848401
   0.799868
   0.743632
   0.680235
   0.610286
    0.53446
   0.453486
   0.368144
   0.279257
   0.187679
  0.0942939
  0.0893881
   0.177915
   0.264728
   0.348992
   0.429894
   0.506656
   0.578539
    0.64485
    0.70495
   0.758262
   0.804272
   0.842537
   0.872687
   0.894433
   0.907564
   0.911956
   0.907566
   0.894435
    0.87269
   0.842541
   0.804278
    0.75827
   0.704959
   0.644859
   0.578548
   0.506666
   0.429903
      0.349
   0.264735
    0.17792
  0.0893905
  0.0846025
    0.16839
   0.250555
   0.330307
   0.406877
   0.479529
   0.547563
   0.610324
   0.667206
   0.717664
   0.761209
   0.797425
    0.82596
   0.846542
    0.85897
   0.863127
   0.858971
   0.846544
   0.825964
   0.797429
   0.761216
   0.717671
   0.667215
   0.610333
   0.547573
   0.479539
   0.406886
   0.330315
   0.250561
   0.168394
  0.0846046
  0.0799347
   0.159099
   0.236731
   0.312082
   0.384428
   0.453071
   0.517351
   0.576648
   0.630392
   0.678066
   0.719208
   0.753425
   0.780385
   0.799831
   0.811574
   0.815501
   0.811575
   0.799833
   0.780389
   0.753429
   0.719214
   0.678072
     0.6304
   0.576658
    0.51736
    0.45308
   0.384436
   0.312089
   0.236736
   0.159103
  0.0799364
  0.0753843
   0.150043
   0.223255
   0.294317
   0.362544
    0.42728
   0.487901
   0.543823
   0.594507
   0.639467
   0.678267
   0.710536
   0.735962
   0.754301
   0.765375
   0.769079
   0.765376
   0.754303
   0.735966
   0.710541
   0.678273
   0.639474
   0.594515
   0.543831
   0.487909
   0.427288
   0.362551
   0.294323
   0.223259
   0.150045
  0.0753855
   0.070952
   0.141221
   0.210128
   0.277012
   0.341228
   0.402158
   0.459214
   0.511848
   0.559553
   0.601868
   0.638388
   0.668759
    0.69269
    0.70995
   0.720374
    0.72386
   0.720375
   0.709953
   0.692694
   0.668765
   0.638394
   0.601876
    0.55956
   0.511856
   0.459222
   0.402164
   0.341234
   0.277016
   0.210131
   0.141222
  0.0709527
  0.0666378
   0.132634
   0.197352
   0.260169
    0.32048
   0.377705
   0.431292
   0.480726
   0.525529
   0.565272
    0.59957
   0.628095
   0.650571
   0.666782
   0.676571
   0.679845
   0.676573
   0.666785
   0.650575
   0.628101
   0.599577
   0.565279
   0.525536
   0.480732
   0.431298
    0.37771
   0.320485
   0.260172
   0.197354
   0.132635
  0.0666383
  0.0624416
   0.124282
   0.184924
   0.243786
   0.300299
   0.353921
   0.404133
   0.450454
   0.492436
   0.529675
   0.561814
   0.588542
   0.609603
   0.624793
   0.633966
   0.637034
   0.633968
   0.624797
   0.609608
   0.588549
   0.561821
   0.529683
   0.492443
    0.45046
   0.404139
   0.353926
   0.300303
   0.243789
   0.184926
   0.124283
  0.0624421
  0.0583636
   0.116165
   0.172847
   0.227864
   0.280686
   0.330805
   0.377738
   0.421033
   0.460272
    0.49508
   0.525119
   0.550102
   0.569786
   0.583984
   0.592559
   0.595427
   0.592561
   0.583989
   0.569793
    0.55011
   0.525129
    0.49509
   0.460282
   0.421042
   0.377746
   0.330813
   0.280692
   0.227869
    0.17285
   0.116167
  0.0583647
  0.0544034
   0.108283
   0.161118
   0.212403
    0.26164
   0.308358
   0.352106
   0.392463
   0.429039
   0.461484
   0.489485
   0.512773
   0.531122
   0.544356
   0.552349
   0.555023
   0.552353
   0.544363
   0.531131
   0.512784
   0.489498
   0.461498
   0.429052
   0.392475
   0.352117
   0.308368
   0.261649
   0.212409
   0.161124
   0.108287
  0.0544053
  0.0505611
   0.100635
   0.149739
     0.1974
    0.24316
   0.286577
   0.327235
   0.364741
   0.398734
   0.428888
   0.454911
   0.476554
   0.493608
   0.505909
   0.513339
   0.515825
   0.513344
   0.505919
   0.493622
   0.476571
    0.45493
   0.428908
   0.398754
    0.36476
   0.327252
   0.286593
   0.243173
   0.197411
   0.149747
   0.100641
  0.0505642
  0.0468366
  0.0932222
   0.138708
   0.182859
   0.225247
   0.265466
   0.303128
   0.337871
    0.36936
   0.397293
     0.4214
   0.441449
   0.457248
   0.468644
   0.475527
   0.477831
   0.475533
   0.468656
   0.457265
   0.441471
   0.421424
   0.397319
   0.369386
   0.337896
   0.303151
   0.265487
   0.225265
   0.182874
    0.13872
  0.0932306
  0.0468409
  0.0432295
  0.0860427
   0.128026
   0.168776
     0.2079
   0.245022
   0.279785
   0.311853
   0.340918
     0.3667
   0.388952
   0.407458
   0.422042
   0.432561
   0.438915
   0.441042
   0.438921
   0.432574
   0.422061
   0.407483
   0.388979
    0.36673
   0.340948
   0.311882
   0.279813
   0.245048
   0.207923
   0.168796
   0.128041
  0.0860538
  0.0432351
  0.0397408
  0.0790989
   0.117694
   0.155156
   0.191123
   0.225249
   0.257207
   0.286688
   0.313408
   0.337111
   0.357568
   0.374582
   0.387989
    0.39766
   0.403501
   0.405457
   0.403508
   0.397674
   0.388009
   0.374607
   0.357597
   0.337143
   0.313441
   0.286721
   0.257239
    0.22528
    0.19115
    0.15518
   0.117713
  0.0791124
  0.0397476
  0.0363705
  0.0723908
   0.107713
   0.141998
   0.174915
   0.206148
   0.235396
   0.262377
   0.286832
   0.308525
   0.327248
   0.342819
   0.355089
    0.36394
   0.369286
   0.371076
   0.369292
   0.363952
   0.355107
   0.342842
   0.327275
   0.308556
   0.286865
   0.262412
   0.235431
   0.206182
   0.174947
   0.142026
   0.107735
   0.072407
  0.0363788
  0.0331186
  0.0659183
  0.0980824
   0.129302
   0.159276
   0.187717
    0.21435
   0.238919
   0.261188
   0.280942
   0.297991
    0.31217
   0.323343
   0.331403
   0.336271
   0.337901
   0.336276
   0.331414
    0.32336
   0.312192
   0.298017
   0.280973
   0.261222
   0.238956
   0.214388
   0.187755
   0.159311
   0.129334
  0.0981078
  0.0659369
   0.033128
  0.0299854
  0.0596819
   0.088803
   0.117069
   0.144207
   0.169957
    0.19407
   0.216315
   0.236476
   0.254361
   0.269796
   0.282634
    0.29275
   0.300047
   0.304454
    0.30593
    0.30446
   0.300059
   0.292767
   0.282657
   0.269825
   0.254394
   0.236512
   0.216354
    0.19411
   0.169996
   0.144244
   0.117102
  0.0888297
  0.0597016
  0.0299953
  0.0269704
   0.053681
  0.0798739
   0.105298
   0.129707
   0.152867
   0.174556
   0.194563
   0.212698
   0.228784
   0.242667
   0.254213
   0.263312
   0.269875
   0.273839
   0.275167
   0.273845
   0.269887
    0.26333
   0.254237
   0.242695
   0.228817
   0.212734
   0.194602
   0.174595
   0.152907
   0.129744
   0.105331
  0.0799006
  0.0537009
  0.0269804
  0.0240738
  0.0479156
   0.071295
  0.0939879
   0.115775
   0.136448
   0.155807
   0.173665
   0.189852
    0.20421
   0.216602
   0.226909
    0.23503
   0.240889
   0.244427
   0.245613
   0.244433
     0.2409
   0.235046
    0.22693
   0.216628
    0.20424
   0.189884
   0.173701
   0.155842
   0.136483
   0.115808
  0.0940171
  0.0713183
  0.0479327
  0.0240824
  0.0212954
  0.0423857
  0.0630666
  0.0831402
   0.102413
   0.120699
   0.137824
   0.153621
   0.167939
   0.180641
   0.191603
    0.20072
   0.207904
   0.213086
   0.216216
   0.217265
   0.216221
   0.213095
   0.207917
   0.200737
   0.191624
   0.180665
   0.167966
    0.15365
   0.137853
   0.120728
   0.102439
  0.0831637
  0.0630851
  0.0423991
  0.0213021
  0.0186351
  0.0370907
  0.0551882
  0.0727544
  0.0896199
   0.105622
   0.120608
   0.134432
   0.146961
   0.158076
   0.167668
   0.175645
   0.181931
   0.186466
   0.189204
    0.19012
   0.189206
    0.18647
   0.181938
   0.175654
   0.167678
   0.158088
   0.146974
   0.134446
   0.120622
   0.105636
  0.0896324
  0.0727657
   0.055197
   0.037097
  0.0186382
  0.0160932
  0.0320313
  0.0476606
   0.062831
  0.0773963
  0.0912163
   0.104158
   0.116096
   0.126917
   0.136515
   0.144798
   0.151687
   0.157115
    0.16103
   0.163394
   0.164184
   0.163394
    0.16103
   0.157115
   0.151688
   0.144799
   0.136516
   0.126917
   0.116097
   0.104158
  0.0912166
  0.0773963
   0.062831
  0.0476604
  0.0320312
  0.0160931
  0.0136701
  0.0272085
  0.0404843
  0.0533702
  0.0657419
  0.0774804
  0.0884724
  0.0986126
   0.107803
   0.115955
    0.12299
   0.128841
    0.13345
   0.136775
   0.138782
   0.139453
    0.13878
   0.136772
   0.133445
   0.128834
   0.122981
   0.115945
   0.107791
  0.0986002
  0.0884593
  0.0774671
  0.0657291
  0.0533584
  0.0404745
  0.0272011
  0.0136663
  0.0113654
  0.0226214
  0.0336585
  0.0443716
  0.0546568
  0.0644156
  0.0735537
  0.0819835
  0.0896235
  0.0964004
   0.102249
   0.107112
   0.110944
   0.113708
   0.115376
   0.115932
   0.115372
   0.113701
   0.110935
     0.1071
   0.102233
  0.0963821
   0.089603
  0.0819612
  0.0735305
   0.064392
  0.0546343
  0.0443507
  0.0336412
  0.0226081
  0.0113587
 0.00917854
  0.0182687
  0.0271818
  0.0358332
   0.044139
  0.0520197
  0.0593991
  0.0662066
  0.0723763
   0.077849
  0.0825718
  0.0864994
  0.0895935
  0.0918248
  0.0931711
  0.0936201
  0.0931669
  0.0918164
  0.0895813
  0.0864834
  0.0825526
  0.0778268
  0.0723519
  0.0661804
  0.0593722
  0.0519925
  0.0441131
  0.0358092
  0.0271618
  0.0182532
  0.0091707
 0.00711014
  0.0141518
   0.021056
  0.0277576
  0.0341913
  0.0402958
  0.0460121
  0.0512854
  0.0560647
  0.0603042
  0.0639627
  0.0670051
  0.0694018
  0.0711299
  0.0721722
  0.0725192
  0.0721673
  0.0711202
   0.069388
  0.0669873
  0.0639417
  0.0602801
  0.0560387
  0.0512576
  0.0459838
  0.0402672
  0.0341641
   0.027732
  0.0210347
   0.014135
 0.00710165
  0.0051599
  0.0102701
  0.0152804
  0.0201437
  0.0248128
   0.029243
  0.0333915
  0.0372187
  0.0406875
  0.0437645
  0.0464198
   0.048628
  0.0503673
  0.0516213
  0.0523775
  0.0526291
  0.0523736
  0.0516134
  0.0503562
  0.0486135
   0.046403
  0.0437453
  0.0406669
  0.0371965
  0.0333687
  0.0292194
  0.0247898
  0.0201215
  0.0152615
  0.0102548
 0.00515215
 0.00332814
  0.0066243
 0.00985579
  0.0129926
  0.0160043
   0.018862
  0.0215383
  0.0240073
  0.0262453
  0.0282306
  0.0299438
  0.0313685
  0.0324905
  0.0332993
  0.0337872
  0.0339492
  0.0337845
  0.0332939
   0.032483
  0.0313585
  0.0299324
  0.0282174
  0.0262312
  0.0239919
  0.0215219
  0.0188444
  0.0159863
  0.0129744
 0.00983986
 0.00661082
 0.00332136
 0.00161398
 0.00321252
 0.00477999
 0.00630174
 0.00776342
  0.0091506
  0.0104502
  0.0116494
  0.0127366
  0.0137011
  0.0145335
  0.0152257
  0.0157714
  0.0161648
  0.0164028
  0.0164823
  0.0164034
  0.0161658
  0.0157726
  0.0152268
  0.0145343
   0.013701
  0.0127357
  0.0116471
  0.0104461
 0.00914424
 0.00775548
 0.00629198
 0.00477069
 0.00320366
 0.00160953
1.82673e-05
3.65019e-05
5.50182e-05
7.33843e-05
9.23337e-05
 0.00011069
0.000128965
0.000146164
0.000162079
0.000176399
0.000188957
0.000199494
 0.00020881
0.000215721
0.000221213
0.000223991
0.000224956
0.000222959
0.000218814
0.000211594
0.000202003
0.000189498
0.000174431
0.000156902
0.000137098
0.000115556
9.43634e-05
7.21655e-05
5.24149e-05
3.23341e-05
1.62016e-05
-0.00145922
-0.00290423
-0.00431902
-0.00569181
-0.00700746
 -0.0082553
 -0.0094225
 -0.0104988
 -0.0114739
 -0.0123386
 -0.0130839
 -0.0137034
   -0.01419
 -0.0145403
 -0.0147497
 -0.0148176
 -0.0147426
 -0.0145263
 -0.0141707
 -0.0136796
  -0.013058
 -0.0123116
 -0.0114483
 -0.0104756
-0.00940259
-0.00823946
-0.00699523
 -0.0056838
-0.00431403
-0.00290259
-0.00145835
-0.00281832
-0.00560934
-0.00834257
 -0.0109951
 -0.0135384
 -0.0159511
 -0.0182089
 -0.0202912
 -0.0221781
 -0.0238514
  -0.025294
 -0.0264931
 -0.0274358
 -0.0281147
 -0.0285218
 -0.0286548
 -0.0285116
 -0.0280947
 -0.0274081
 -0.0264585
 -0.0252562
 -0.0238116
 -0.0221402
 -0.0202565
 -0.0181779
 -0.0159248
 -0.0135164
 -0.0109781
-0.00833013
-0.00560198
-0.00281454
-0.00405723
-0.00807522
 -0.0120106
   -0.01583
 -0.0194939
 -0.0229697
 -0.0262234
 -0.0292244
 -0.0319433
 -0.0343543
 -0.0364332
 -0.0381612
 -0.0395205
 -0.0404993
 -0.0410875
 -0.0412804
 -0.0410761
 -0.0404768
 -0.0394891
 -0.0381219
 -0.0363901
 -0.0343086
 -0.0318989
 -0.0291827
 -0.0261853
 -0.0229364
 -0.0194647
  -0.015806
 -0.0119918
-0.00806227
 -0.0040506
-0.00517817
 -0.0103064
 -0.0153296
 -0.0202048
 -0.0248827
 -0.0293206
 -0.0334758
 -0.0373082
 -0.0407801
 -0.0438589
 -0.0465138
 -0.0487205
 -0.0504569
 -0.0517073
 -0.0524595
 -0.0527066
 -0.0524469
 -0.0516825
 -0.0504223
  -0.048677
 -0.0464657
 -0.0438075
 -0.0407293
 -0.0372594
 -0.0334302
 -0.0292797
 -0.0248457
 -0.0201731
 -0.0153037
 -0.0102874
-0.00516846
 -0.0061791
 -0.0122986
 -0.0182953
 -0.0241156
 -0.0297018
 -0.0350017
 -0.0399637
 -0.0445405
 -0.0486868
 -0.0523639
 -0.0555351
  -0.058171
 -0.0602455
 -0.0617397
 -0.0626387
 -0.0629345
  -0.062625
 -0.0617125
 -0.0602077
 -0.0581235
 -0.0554811
  -0.052305
 -0.0486256
 -0.0444786
 -0.0399029
 -0.0349435
 -0.0296478
 -0.0240673
 -0.0182555
 -0.0122684
-0.00616375
 -0.0070625
 -0.0140569
 -0.0209129
 -0.0275673
 -0.0339554
 -0.0400161
 -0.0456904
 -0.0509241
 -0.0556659
  -0.059871
  -0.063498
 -0.0665129
  -0.068886
 -0.0705954
 -0.0716242
 -0.0719631
 -0.0716098
 -0.0705668
 -0.0688463
  -0.066463
 -0.0634403
  -0.059807
 -0.0555971
 -0.0508522
 -0.0456177
 -0.0399442
 -0.0338878
 -0.0275056
 -0.0208618
 -0.0140174
-0.00704253
-0.00782939
 -0.0155833
 -0.0231854
  -0.030564
 -0.0376473
 -0.0443677
 -0.0506595
  -0.056463
  -0.061721
 -0.0663842
 -0.0704061
 -0.0737496
  -0.076381
 -0.0782766
 -0.0794174
 -0.0797932
 -0.0794011
 -0.0782443
 -0.0763352
 -0.0736909
 -0.0703376
 -0.0663068
  -0.061638
 -0.0563755
 -0.0505719
 -0.0442813
 -0.0375673
 -0.0304917
 -0.0231267
 -0.0155391
-0.00780711
-0.00847847
 -0.0168752
 -0.0251088
 -0.0331004
 -0.0407722
 -0.0480509
 -0.0548654
 -0.0611511
 -0.0668461
  -0.071897
 -0.0762534
 -0.0798752
 -0.0827257
 -0.0847793
 -0.0860154
 -0.0864231
  -0.085999
 -0.0847466
 -0.0826787
 -0.0798142
 -0.0761815
 -0.0718148
 -0.0667578
 -0.0610573
 -0.0547719
 -0.0479586
 -0.0406875
 -0.0330242
 -0.0250478
 -0.0168299
-0.00845572
-0.00901153
 -0.0179362
 -0.0266871
 -0.0351807
 -0.0433338
 -0.0510692
 -0.0583106
 -0.0649903
 -0.0710417
 -0.0764088
 -0.0810376
 -0.0848861
 -0.0879154
 -0.0900982
 -0.0914136
 -0.0918487
 -0.0914014
 -0.0900735
 -0.0878796
 -0.0848388
  -0.080982
 -0.0763445
 -0.0709727
 -0.0649165
 -0.0582371
 -0.0509961
 -0.0432669
 -0.0351204
 -0.0266393
 -0.0179011
-0.00899394
-0.00942624
 -0.0187616
 -0.0279147
 -0.0367988
  -0.045326
 -0.0534166
 -0.0609899
  -0.067976
 -0.0743047
 -0.0799181
 -0.0847595
  -0.088785
 -0.0919544
 -0.0942385
  -0.095617
 -0.0960745
 -0.0956102
 -0.0942245
 -0.0919336
 -0.0887562
 -0.0847254
 -0.0798774
 -0.0742608
 -0.0679277
 -0.0609414
  -0.053367
 -0.0452807
 -0.0367574
 -0.0278824
 -0.0187381
-0.00941452
 -0.0097222
 -0.0193507
 -0.0287887
 -0.0379493
 -0.0467405
 -0.0550816
 -0.0628896
 -0.0700922
 -0.0766192
 -0.0824089
  -0.087406
 -0.0915619
 -0.0948382
 -0.0972013
 -0.0986313
 -0.0991112
 -0.0986391
 -0.0972163
  -0.094858
 -0.0915851
 -0.0874298
 -0.0824311
 -0.0766379
 -0.0701053
 -0.0628976
 -0.0550831
 -0.0467395
 -0.0379449
 -0.0287849
 -0.0193469
-0.00972038
-0.00989973
 -0.0197042
 -0.0293124
 -0.0386385
 -0.0475875
 -0.0560786
 -0.0640272
 -0.0713597
 -0.0780064
 -0.0839024
 -0.0889948
 -0.0932305
 -0.0965734
 -0.0989863
   -0.10045
  -0.100945
   -0.10047
 -0.0990264
 -0.0966287
 -0.0932991
  -0.089069
 -0.0839797
 -0.0780798
 -0.0714266
 -0.0640849
 -0.0561251
 -0.0476258
 -0.0386672
 -0.0293341
  -0.019718
-0.00990678
-0.00995262
 -0.0198095
 -0.0294718
 -0.0388507
 -0.0478538
 -0.0563965
 -0.0643969
 -0.0717776
 -0.0784702
 -0.0844075
 -0.0895367
 -0.0938038
 -0.0971722
 -0.0996047
  -0.101081
  -0.101584
  -0.101109
 -0.0996593
  -0.097248
  -0.093899
 -0.0896422
 -0.0845208
 -0.0785817
 -0.0718847
 -0.0644945
 -0.0564824
 -0.0479273
 -0.0389101
  -0.029517
 -0.0198393
-0.00996773
-0.00988861
 -0.0196821
 -0.0292849
 -0.0386061
 -0.0475571
 -0.0560505
 -0.0640079
  -0.071349
 -0.0780077
 -0.0839152
 -0.0890195
 -0.0932664
 -0.0966195
 -0.0990417
  -0.100513
  -0.101016
  -0.100546
 -0.0991068
 -0.0967102
 -0.0933814
 -0.0891484
  -0.084056
 -0.0781488
 -0.0714881
 -0.0641378
  -0.056169
 -0.0476602
 -0.0386916
 -0.0293502
 -0.0197257
-0.00991069
-0.00971034
 -0.0193274
 -0.0287605
  -0.037917
 -0.0467119
 -0.0550573
 -0.0628766
 -0.0700905
 -0.0766336
 -0.0824386
 -0.0874535
  -0.091626
 -0.0949191
 -0.0972978
 -0.0987414
 -0.0992335
 -0.0987701
 -0.0973548
 -0.0950002
 -0.0917299
 -0.0875732
 -0.0825723
 -0.0767725
 -0.0702324
 -0.0630138
 -0.0551875
 -0.0468284
 -0.0380176
 -0.0288392
 -0.0193826
 -0.0097383
-0.00941456
 -0.0187386
 -0.0278877
 -0.0367685
 -0.0453004
 -0.0533962
 -0.0609823
 -0.0679812
  -0.074329
 -0.0799608
 -0.0848253
 -0.0888726
 -0.0920659
 -0.0943722
 -0.0957706
 -0.0962463
 -0.0957953
 -0.0944212
 -0.0921372
 -0.0889652
  -0.084935
 -0.0800862
 -0.0744638
 -0.0681235
 -0.0611239
  -0.053535
 -0.0454271
 -0.0368811
 -0.0279773
 -0.0188037
-0.00944742
-0.00900523
 -0.0179239
 -0.0266761
 -0.0351716
 -0.0433338
 -0.0510789
 -0.0583363
 -0.0650319
 -0.0711045
 -0.0764921
 -0.0811455
 -0.0850172
 -0.0880715
 -0.0902775
 -0.0916148
 -0.0920696
 -0.0916378
 -0.0903232
 -0.0881381
 -0.0851038
 -0.0812485
 -0.0766104
 -0.0712322
 -0.0651676
 -0.0584722
 -0.0512132
 -0.0434575
 -0.0352827
 -0.0267651
 -0.0179892
-0.00903823
-0.00847765
 -0.0168738
 -0.0251142
 -0.0331129
 -0.0407981
 -0.0480905
 -0.0549237
 -0.0612279
 -0.0669453
 -0.0720178
 -0.0763987
 -0.0800436
 -0.0829187
  -0.084995
 -0.0862534
 -0.0866811
  -0.086274
 -0.0850361
 -0.0829786
  -0.080122
 -0.0764925
 -0.0721262
 -0.0670633
 -0.0613544
 -0.0550515
  -0.048218
 -0.0409165
 -0.0332205
 -0.0252011
 -0.0169385
-0.00851032
-0.00783333
 -0.0155913
 -0.0232053
  -0.030596
 -0.0376966
 -0.0444342
 -0.0507471
 -0.0565711
 -0.0618523
 -0.0665377
 -0.0705834
 -0.0739492
 -0.0766032
 -0.0785195
 -0.0796797
 -0.0800727
  -0.079695
   -0.07855
 -0.0766494
  -0.074011
   -0.07066
 -0.0666287
 -0.0619545
 -0.0566838
 -0.0508632
 -0.0445528
 -0.0378083
 -0.0306995
 -0.0232898
 -0.0156555
-0.00786569
-0.00707058
 -0.0140731
 -0.0209457
 -0.0276165
 -0.0340253
 -0.0401063
 -0.0458034
 -0.0510593
 -0.0558246
 -0.0600522
 -0.0637019
  -0.066738
 -0.0691311
 -0.0708585
 -0.0719033
 -0.0722558
 -0.0719134
 -0.0708786
 -0.0691634
 -0.0667824
   -0.06376
 -0.0601239
 -0.0559082
 -0.0511546
 -0.0459038
 -0.0402113
 -0.0341256
 -0.0277115
 -0.0210239
 -0.0141339
-0.00710113
-0.00619028
 -0.0123209
 -0.0183361
 -0.0241747
 -0.0297832
 -0.0351048
 -0.0400896
 -0.0446881
 -0.0488567
 -0.0525546
 -0.0557464
 -0.0584013
 -0.0604935
 -0.0620031
 -0.0629154
 -0.0632219
 -0.0629199
  -0.062012
  -0.060508
 -0.0584213
 -0.0557729
 -0.0525876
 -0.0488955
 -0.0447328
 -0.0401372
 -0.0351554
  -0.029832
 -0.0242217
 -0.0183749
 -0.0123513
-0.00620551
-0.00519128
 -0.0103326
 -0.0153752
 -0.0202699
  -0.024971
 -0.0294316
 -0.0336091
 -0.0374628
 -0.0409553
 -0.0440534
  -0.046727
 -0.0489505
 -0.0507024
 -0.0519661
 -0.0527291
 -0.0529844
 -0.0527293
 -0.0519665
 -0.0507031
 -0.0489514
 -0.0467283
 -0.0440552
 -0.0409578
 -0.0374659
 -0.0336133
 -0.0294369
  -0.024977
 -0.0202766
 -0.0153808
  -0.010337
-0.00519349
-0.00407124
-0.00810325
 -0.0120577
 -0.0158959
  -0.019582
 -0.0230794
 -0.0263546
  -0.029376
 -0.0321143
 -0.0345433
 -0.0366395
 -0.0383828
 -0.0397564
 -0.0407471
 -0.0413453
 -0.0415454
 -0.0413453
 -0.0407471
 -0.0397565
 -0.0383829
 -0.0366397
 -0.0345437
  -0.032115
  -0.029377
 -0.0263561
 -0.0230814
 -0.0195844
 -0.0158987
   -0.01206
-0.00810513
-0.00407217
-0.00283295
-0.00563861
-0.00838994
 -0.0110605
 -0.0136245
 -0.0160573
 -0.0183354
  -0.020437
 -0.0223417
 -0.0240312
 -0.0254893
 -0.0267019
 -0.0276574
 -0.0283465
 -0.0287626
 -0.0289017
 -0.0287625
 -0.0283462
  -0.027657
 -0.0267015
 -0.0254888
 -0.0240306
  -0.022341
 -0.0204363
 -0.0183347
 -0.0160566
 -0.0136239
 -0.0110599
 -0.0083895
-0.00563828
-0.00283278
-0.00147551
 -0.0029368
 -0.0043698
-0.00576072
-0.00709616
-0.00836325
-0.00954979
 -0.0106444
 -0.0116364
 -0.0125164
 -0.0132758
 -0.0139074
 -0.0144051
  -0.014764
 -0.0149807
 -0.0150531
 -0.0149806
 -0.0147639
 -0.0144049
 -0.0139072
 -0.0132756
 -0.0125161
 -0.0116361
 -0.0106441
-0.00954948
-0.00836295
-0.00709588
-0.00576048
 -0.0043696
-0.00293666
-0.00147543
          0
          0
          0
          0
          0
          0
          0
          0
          0
          0
          0
          0
          0
          0
          0
          0
          0
          0
          0
          0
          0
          0
          0
          0
          0
          0
          0
          0
          0
          0
          0
