-0.0077137862339477885
-0.01535281122608523
-0.022843887655482186
-0.030115402122088755
-0.037097315146735234
-0.04372116117113215
-0.04992398336007078
-0.05564675968054296
-0.06083282898086084
-0.0654333997137377
-0.06940361513408727
-0.07270570114078435
-0.07530739235578451
-0.07718429300544433
-0.07831672907876107
-0.07869604401089358
-0.07831672907876107
-0.07718429300544433
-0.07530739235578451
-0.07270570114078435
-0.06940361513408727
-0.0654333997137377
-0.06083282898086084
-0.05564675968054296
-0.04992398336007078
-0.04372116117113215
-0.037097315146735234
-0.030115402122088755
-0.022843887655482186
-0.01535281122608523
-0.0077137862339477885
-0.007578533164510736
-0.015083615946382365
-0.022443344286820818
-0.02958736045087705
-0.03644685302744706
-0.04295455692927188
-0.04904861920255016
-0.05467105270309311
-0.05976618977247954
-0.06428609437151338
-0.06818669627061119
-0.07143088369749213
-0.07398695701333302
-0.07583094819853585
-0.07694352820503769
-0.07731619225169084
-0.07694352820503769
-0.07583094819853585
-0.07398695701333302
-0.07143088369749213
-0.06818669627061119
-0.06428609437151338
-0.05976618977247954
-0.05467105270309311
-0.04904861920255016
-0.04295455692927188
-0.03644685302744706
-0.02958736045087705
-0.022443344286820818
-0.015083615946382365
-0.007578533164510736
-0.007444461026010443
-0.014816771083088933
-0.022046298170070505
-0.029063929253557195
-0.035802070267918
-0.04219464611528894
-0.04818089808499046
-0.0537038648857605
-0.058708863677987465
-0.06314880646089474
-0.06698040265312315
-0.07016719702826492
-0.07267805074709685
-0.07448941980923059
-0.07558231711757878
-0.075948388349423
-0.07558231711757878
-0.07448941980923059
-0.07267805074709685
-0.07016719702826492
-0.06698040265312315
-0.06314880646089474
-0.058708863677987465
-0.0537038648857605
-0.04818089808499046
-0.04219464611528894
-0.035802070267918
-0.029063929253557195
-0.022046298170070505
-0.014816771083088933
-0.007444461026010443
-0.0073115698184469105
-0.014552276636204937
-0.021652749305231273
-0.028545108530129197
-0.035162966868148064
-0.04144142872918333
-0.04732082000739172
-0.05274519622854514
-0.05766085069738468
-0.062021535981881794
-0.06578473428162314
-0.06891464113310276
-0.07138067355707597
-0.07315970783752854
-0.07423309581638438
-0.07459263230409009
-0.07423309581638438
-0.07315970783752854
-0.07138067355707597
-0.06891464113310276
-0.06578473428162314
-0.062021535981881794
-0.05766085069738468
-0.05274519622854514
-0.04732082000739172
-0.04144142872918333
-0.035162966868148064
-0.028545108530129197
-0.021652749305231273
-0.014552276636204937
-0.0073115698184469105
-0.007179859541820142
-0.01429013260573038
-0.021262697692303108
-0.028030898280593065
-0.03452954282813727
-0.04069490477095508
-0.04646838496975393
-0.05179504673144706
-0.056622150830671174
-0.060904282934474537
-0.06459969115611122
-0.06767321601200565
-0.07009482544327042
-0.07184181228342969
-0.07289586430145449
-0.07324892411569213
-0.07289586430145449
-0.07184181228342969
-0.07009482544327042
-0.06767321601200565
-0.06459969115611122
-0.060904282934474537
-0.056622150830671174
-0.05179504673144706
-0.04646838496975393
-0.04069490477095508
-0.03452954282813727
-0.028030898280593065
-0.021262697692303108
-0.01429013260573038
-0.007179859541820142
-0.0070493301961301325
-0.01403033899166525
-0.02087614333128601
-0.02752129850494878
-0.033901798147885576
-0.03995507424060414
-0.04562359297207708
-0.050853416394466215
-0.055592764077846905
-0.05979704731867294
-0.0634252732765873
-0.06644292166497355
-0.06882050640568016
-0.07053573314693404
-0.07157062257278908
-0.07191726378422907
-0.07157062257278908
-0.07053573314693404
-0.06882050640568016
-0.06644292166497355
-0.0634252732765873
-0.05979704731867294
-0.055592764077846905
-0.050853416394466215
-0.04562359297207708
-0.03995507424060414
-0.033901798147885576
-0.02752129850494878
-0.02087614333128601
-0.01403033899166525
-0.0070493301961301325
-0.0069199817813768855
-0.013772895794009555
-0.02049308622217998
-0.02701630920319635
-0.03327973282739302
-0.03922193713813054
-0.044786444014361174
-0.049920305217602615
-0.054572690438911914
-0.05869982913447703
-0.06226148064305144
-0.06522375809200649
-0.06755771644430521
-0.06924147042804156
-0.07025737063038816
-0.07059765130970093
-0.07025737063038816
-0.06924147042804156
-0.06755771644430521
-0.06522375809200649
-0.06226148064305144
-0.05869982913447703
-0.054572690438911914
-0.049920305217602615
-0.044786444014361174
-0.03922193713813054
-0.03327973282739302
-0.02701630920319635
-0.02049308622217998
-0.013772895794009555
-0.0069199817813768855
-0.006791814297560399
-0.013517803012763297
-0.020113526364985024
-0.026515930375335783
-0.03266334686665957
-0.038495493463534286
-0.04395693809660622
-0.04899571320085629
-0.05356192991386619
-0.057612628381886806
-0.06110831325550365
-0.06401572529310448
-0.06630645555914556
-0.06795902412675234
-0.06895610847425175
-0.06929008669210772
-0.06895610847425175
-0.06795902412675234
-0.06630645555914556
-0.06401572529310448
-0.06110831325550365
-0.057612628381886806
-0.05356192991386619
-0.04899571320085629
-0.04395693809660622
-0.038495493463534286
-0.03266334686665957
-0.026515930375335783
-0.020113526364985024
-0.013517803012763297
-0.006791814297560399
-0.006664827744680674
-0.01326506064792647
-0.019737463759701143
-0.026020162021367067
-0.032052640265685266
-0.037775743216815365
-0.043135075218812206
-0.04807964034422721
-0.05256048250270972
-0.05653544506090226
-0.05996577111394389
-0.06281882326826752
-0.06506672375020121
-0.06668839424306629
-0.06766683610437983
-0.06799456993144944
-0.06766683610437983
-0.06668839424306629
-0.06506672375020121
-0.06281882326826752
-0.05996577111394389
-0.05653544506090226
-0.05256048250270972
-0.04807964034422721
-0.043135075218812206
-0.037775743216815365
-0.032052640265685266
-0.026020162021367067
-0.019737463759701143
-0.01326506064792647
-0.006664827744680674
-0.006539022122737709
-0.013014668699499079
-0.01936489840632832
-0.02552900414129021
-0.031447613024470064
-0.03706268639797377
-0.04232085538097914
-0.047172086647715376
-0.05156834820544253
-0.0554682791715234
-0.05883385421837217
-0.06163305201749557
-0.0638385210174722
-0.06542958077698346
-0.06638955352077243
-0.06671110102772607
-0.06638955352077243
-0.06542958077698346
-0.0638385210174722
-0.06163305201749557
-0.05883385421837217
-0.0554682791715234
-0.05156834820544253
-0.047172086647715376
-0.04232085538097914
-0.03706268639797377
-0.031447613024470064
-0.02552900414129021
-0.01936489840632832
-0.013014668699499079
-0.006539022122737709
-0.006414397431731507
-0.012766627167481124
-0.018995830304866575
-0.025042456735105214
-0.030848265143013993
-0.03635632300700952
-0.041514278583107016
-0.04627305211132081
-0.05058552702206459
-0.054411130713750214
-0.05771256256878852
-0.06045841154078867
-0.06262184736095844
-0.06418258372850383
-0.06512426072342951
-0.06543967998093762
-0.06512426072342951
-0.06418258372850383
-0.06262184736095844
-0.06045841154078867
-0.05771256256878852
-0.054411130713750214
-0.05058552702206459
-0.04627305211132081
-0.041514278583107016
-0.03635632300700952
-0.030848265143013993
-0.025042456735105214
-0.018995830304866575
-0.012766627167481124
-0.006414397431731507
-0.0062909536716620655
-0.012520936051872602
-0.0186302594553159
-0.024560519802812073
-0.030254596621317055
-0.03565665304392261
-0.04071534482519586
-0.04538253673504349
-0.049612018952575936
-0.05336399968758272
-0.05660189616519291
-0.059294901838146806
-0.06141670278066005
-0.06294740309762739
-0.0638709577123511
-0.06418030679108412
-0.0638709577123511
-0.06294740309762739
-0.06141670278066005
-0.059294901838146806
-0.05660189616519291
-0.05336399968758272
-0.049612018952575936
-0.04538253673504349
-0.04071534482519586
-0.03565665304392261
-0.030254596621317055
-0.024560519802812073
-0.0186302594553159
-0.012520936051872602
-0.0062909536716620655
-0.006168690842529385
-0.012277595352673516
-0.01826818585767629
-0.02408319334441079
-0.02966660745937923
-0.03496367650871303
-0.039924054107245636
-0.044500540518883434
-0.04864782399697654
-0.05232688609302089
-0.05550185500758535
-0.05814252290956998
-0.06022308727657693
-0.06172403888435418
-0.06262964448753718
-0.06293298145816553
-0.06262964448753718
-0.06172403888435418
-0.06022308727657693
-0.05814252290956998
-0.05550185500758535
-0.05232688609302089
-0.04864782399697654
-0.044500540518883434
-0.039924054107245636
-0.03496367650871303
-0.02966660745937923
-0.02408319334441079
-0.01826818585767629
-0.012277595352673516
-0.006168690842529385
-0.006047608944333466
-0.012036605069883861
-0.017909609511947748
-0.023610477359901356
-0.029084297657200525
-0.03427739340138078
-0.03914040642925635
-0.043627063462840614
-0.047692942155266406
-0.05129978993006476
-0.05441243909596583
-0.05700127475505818
-0.05904100084870912
-0.06051249108868415
-0.061400321048987745
-0.06169770398218186
-0.061400321048987745
-0.06051249108868415
-0.05904100084870912
-0.05700127475505818
-0.05441243909596583
-0.05129978993006476
-0.047692942155266406
-0.043627063462840614
-0.03914040642925635
-0.03427739340138078
-0.029084297657200525
-0.023610477359901356
-0.017909609511947748
-0.012036605069883861
-0.006047608944333466
-0.005927707977074308
-0.01179796520350364
-0.017554530418130283
-0.023142371849283784
-0.028507667214780954
-0.03359780372192586
-0.03836440179122802
-0.04276210556691506
-0.04674737342744553
-0.050282711198714296
-0.05333364843033436
-0.05587115737461143
-0.05787044349705661
-0.05931275971061733
-0.06018298739670281
-0.06047447436313312
-0.06018298739670281
-0.05931275971061733
-0.05787044349705661
-0.05587115737461143
-0.05333364843033436
-0.050282711198714296
-0.04674737342744553
-0.04276210556691506
-0.03836440179122802
-0.03359780372192586
-0.028507667214780954
-0.023142371849283784
-0.017554530418130283
-0.01179796520350364
-0.005927707977074308
-0.005808987940751911
-0.011561675753532855
-0.017202948576223884
-0.022678876812558063
-0.027936716132120495
-0.0329249074703483
-0.03759604019316064
-0.041905666831106754
-0.04581111781351393
-0.049275649898969515
-0.05226548301069094
-0.05475217076822971
-0.05671141522161941
-0.05812484475015372
-0.05897764353068238
-0.05926329260101929
-0.05897764353068238
-0.05812484475015372
-0.05671141522161941
-0.05475217076822971
-0.05226548301069094
-0.049275649898969515
-0.04581111781351393
-0.041905666831106754
-0.03759604019316064
-0.0329249074703483
-0.027936716132120495
-0.022678876812558063
-0.017202948576223884
-0.011561675753532855
-0.005808987940751911
-0.005691448835366275
-0.011327736719971504
-0.01685486398622855
-0.022219992249724204
-0.027371444409219167
-0.03225870464664805
-0.036835321635054194
-0.0410577472554157
-0.04488417531347159
-0.048278606030830416
-0.051207942837035565
-0.053644314935913026
-0.05556391602239751
-0.05694874620729331
-0.057784289450926445
-0.0580641586958404
-0.057784289450926445
-0.05694874620729331
-0.05556391602239751
-0.053644314935913026
-0.051207942837035565
-0.048278606030830416
-0.04488417531347159
-0.0410577472554157
-0.036835321635054194
-0.03225870464664805
-0.027371444409219167
-0.022219992249724204
-0.01685486398622855
-0.011327736719971504
-0.005691448835366275
-0.005575090660917401
-0.011096148102819588
-0.01651027664814429
-0.021765718160782203
-0.026811852046076955
-0.03159919525082515
-0.0360822461169087
-0.040218346839841906
-0.04396654592731851
-0.04729157959429701
-0.05016102790936824
-0.052547589877661394
-0.054427945899390914
-0.05578446408203609
-0.056602925157435015
-0.05687707264759642
-0.056602925157435015
-0.05578446408203609
-0.054427945899390914
-0.052547589877661394
-0.05016102790936824
-0.04729157959429701
-0.04396654592731851
-0.040218346839841906
-0.0360822461169087
-0.03159919525082515
-0.026811852046076955
-0.021765718160782203
-0.01651027664814429
-0.011096148102819588
-0.005575090660917401
-0.0054599134174052886
-0.010866909902077105
-0.016169186561971097
-0.021316054545732058
-0.026257939042693874
-0.030946379282879573
-0.03533681363872415
-0.03938746558438536
-0.0430582296550547
-0.04631457058936927
-0.04912473822768897
-0.05146199559347479
-0.05330350485259965
-0.054631998374382096
-0.055433550650208066
-0.05570203445628738
-0.055433550650208066
-0.054631998374382096
-0.05330350485259965
-0.05146199559347479
-0.04912473822768897
-0.04631457058936927
-0.0430582296550547
-0.03938746558438536
-0.03533681363872415
-0.030946379282879573
-0.026257939042693874
-0.021316054545732058
-0.016169186561971097
-0.010866909902077105
-0.0054599134174052886
-0.005345917104829936
-0.010640022117744057
-0.015831593727708978
-0.020871001404573764
-0.0257097053990699
-0.03030025674281134
-0.034599024200500546
-0.03856510348904608
-0.042159226496680156
-0.045347579016047204
-0.04809907379199773
-0.05038753208335321
-0.052190592882023656
-0.05349134908433129
-0.05427616592924561
-0.054539044121913245
-0.05427616592924561
-0.05349134908433129
-0.052190592882023656
-0.05038753208335321
-0.04809907379199773
-0.045347579016047204
-0.042159226496680156
-0.03856510348904608
-0.034599024200500546
-0.03030025674281134
-0.0257097053990699
-0.020871001404573764
-0.015831593727708978
-0.010640022117744057
-0.005345917104829936
-0.005233101723191346
-0.010415484749820443
-0.015497498145357927
-0.02043055873730733
-0.025167151115205063
-0.02966082763062045
-0.03386887780223789
-0.03775126055382404
-0.04126953645219488
-0.04439060487433084
-0.04708403460229455
-0.049324199347296684
-0.051089209987663
-0.0523625162118837
-0.05313077099454768
-0.05338810164447405
-0.05313077099454768
-0.0523625162118837
-0.051089209987663
-0.049324199347296684
-0.04708403460229455
-0.04439060487433084
-0.04126953645219488
-0.03775126055382404
-0.03386887780223789
-0.02966082763062045
-0.025167151115205063
-0.02043055873730733
-0.015497498145357927
-0.010415484749820443
-0.005233101723191346
-0.005121467272489516
-0.010193297798306262
-0.015166899814917945
-0.019994726543932747
-0.024630276191099348
-0.02902809194630688
-0.033146374443936186
-0.03694593677871926
-0.04038915952159886
-0.04344364816422014
-0.04607962065857942
-0.04827199738530519
-0.049999356169517624
-0.05124549975703931
-0.051997365846114224
-0.05224920702396976
-0.051997365846114224
-0.05124549975703931
-0.049999356169517624
-0.04827199738530519
-0.04607962065857942
-0.04344364816422014
-0.04038915952159886
-0.03694593677871926
-0.033146374443936186
-0.02902809194630688
-0.024630276191099348
-0.019994726543932747
-0.015166899814917945
-0.010193297798306262
-0.005121467272489516
-0.005011013752724447
-0.009973461263201516
-0.01483979873638903
-0.019563504824450028
-0.02409908062675275
-0.028402049689870652
-0.03243151412559541
-0.03614913216373173
-0.03951809570489212
-0.04250670888571513
-0.045085831960852335
-0.04723092619737873
-0.048921031427587566
-0.05014029971979811
-0.05087595048394527
-0.05112236026040041
-0.05087595048394527
-0.05014029971979811
-0.048921031427587566
-0.04723092619737873
-0.045085831960852335
-0.04250670888571513
-0.03951809570489212
-0.03614913216373173
-0.03243151412559541
-0.028402049689870652
-0.02409908062675275
-0.019563504824450028
-0.01483979873638903
-0.009973461263201516
-0.005011013752724447
-0.004901741163896141
-0.009755975144506202
-0.014516194909771185
-0.019136893578859164
-0.023573564422165277
-0.027782700861311762
-0.031724296847215595
-0.03536084670886146
-0.038656345002074634
-0.0415797870388158
-0.044102668509113284
-0.04620098578351731
-0.04785423576187281
-0.049046916100160126
-0.049766524908040816
-0.050007561353765974
-0.049766524908040816
-0.049046916100160126
-0.04785423576187281
-0.04620098578351731
-0.044102668509113284
-0.0415797870388158
-0.038656345002074634
-0.03536084670886146
-0.031724296847215595
-0.027782700861311762
-0.023573564422165277
-0.019136893578859164
-0.014516194909771185
-0.009755975144506202
-0.004901741163896141
-0.004793649506004595
-0.009540839442220329
-0.014196088335064413
-0.01871489280716016
-0.023053727577336928
-0.027170045460630208
-0.031024722608796722
-0.03458108041410844
-0.03780390741314642
-0.04066288262352215
-0.043130130303362296
-0.04518217614372093
-0.04679896917237336
-0.04796534889812535
-0.048669089118400864
-0.048904810304066466
-0.048669089118400864
-0.04796534889812535
-0.04679896917237336
-0.04518217614372093
-0.043130130303362296
-0.04066288262352215
-0.03780390741314642
-0.03458108041410844
-0.031024722608796722
-0.027170045460630208
-0.023053727577336928
-0.01871489280716016
-0.014196088335064413
-0.009540839442220329
-0.004793649506004595
-0.004686738779049809
-0.009328054156343885
-0.01387947901226871
-0.018297502509353004
-0.022539570092267702
-0.026564083487825983
-0.0303327914103388
-0.03380983327947267
-0.036960782938107464
-0.039755995639834174
-0.04216821734359935
-0.044174497277989576
-0.04575523165908922
-0.04689559811369377
-0.04758364311502541
-0.04781410711130188
-0.04758364311502541
-0.04689559811369377
-0.04575523165908922
-0.044174497277989576
-0.04216821734359935
-0.039755995639834174
-0.036960782938107464
-0.03380983327947267
-0.0303327914103388
-0.026564083487825983
-0.022539570092267702
-0.018297502509353004
-0.01387947901226871
-0.009328054156343885
-0.004686738779049809
-0.004581008983031787
-0.009117619286876877
-0.013566366941384076
-0.017884722685437712
-0.022031091966957607
-0.025964814942899102
-0.02964850325184182
-0.033047105304954166
-0.03612697157695778
-0.0388591260877519
-0.04121692962982446
-0.04317794918632328
-0.04472302322202038
-0.045837663746865404
-0.04651018689791444
-0.046735451775472225
-0.04651018689791444
-0.045837663746865404
-0.04472302322202038
-0.04317794918632328
-0.04121692962982446
-0.0388591260877519
-0.03612697157695778
-0.033047105304954166
-0.02964850325184182
-0.025964814942899102
-0.022031091966957607
-0.017884722685437712
-0.013566366941384076
-0.009117619286876877
-0.004581008983031787
-0.004476460117950525
-0.0089095348338193
-0.013256752122410509
-0.017476553335414268
-0.02152829320140662
-0.025372239825849546
-0.028971858133305783
-0.0322928964905529
-0.035302473329697354
-0.037972273967275275
-0.04027626716203761
-0.042192531868721996
-0.04370234386116685
-0.04479154579764022
-0.04544872046706797
-0.04566884429657748
-0.04544872046706797
-0.04479154579764022
-0.04370234386116685
-0.042192531868721996
-0.04027626716203761
-0.037972273967275275
-0.035302473329697354
-0.0322928964905529
-0.028971858133305783
-0.025372239825849546
-0.02152829320140662
-0.017476553335414268
-0.013256752122410509
-0.0089095348338193
-0.004476460117950525
-0.004373092183806024
-0.00870380079717116
-0.012950634555348013
-0.01707299445928269
-0.021031173795614765
-0.02478635813667733
-0.0283028560547307
-0.031547206836268896
-0.034487288196326196
-0.03709543927840435
-0.039346229940238814
-0.04121824532518577
-0.04269319357652862
-0.04375724426601826
-0.044399243822486
-0.04461428467461766
-0.044399243822486
-0.04375724426601826
-0.04269319357652862
-0.04121824532518577
-0.039346229940238814
-0.03709543927840435
-0.034487288196326196
-0.031547206836268896
-0.0283028560547307
-0.02478635813667733
-0.021031173795614765
-0.01707299445928269
-0.012950634555348013
-0.00870380079717116
-0.004373092183806024
-0.004270905180598284
-0.008500417176932454
-0.012648014240196591
-0.016674046057042965
-0.020539733749582033
-0.024207169875382455
-0.02764149701611656
-0.03081003634210214
-0.033681416176844316
-0.0362286220211391
-0.03842681796442806
-0.04025508955571457
-0.04169557236810571
-0.0427347591519995
-0.04336175696416854
-0.04357177290959277
-0.04336175696416854
-0.0427347591519995
-0.04169557236810571
-0.04025508955571457
-0.03842681796442806
-0.0362286220211391
-0.033681416176844316
-0.03081003634210214
-0.02764149701611656
-0.024207169875382455
-0.020539733749582033
-0.016674046057042965
-0.012648014240196591
-0.008500417176932454
-0.004270905180598284
-0.004169899108327305
-0.008299383973103184
-0.012348891176956233
-0.016279708128695097
-0.02005397306330842
-0.02363467504196491
-0.026987781017463366
-0.030081385008052648
-0.032884857271251684
-0.03537182219547954
-0.037518031234605356
-0.039303064560308416
-0.0407094802358981
-0.041724090455583944
-0.042336259892115556
-0.042541309001502804
-0.042336259892115556
-0.041724090455583944
-0.0407094802358981
-0.039303064560308416
-0.037518031234605356
-0.03537182219547954
-0.032884857271251684
-0.030081385008052648
-0.026987781017463366
-0.02363467504196491
-0.02005397306330842
-0.016279708128695097
-0.012348891176956233
-0.008299383973103184
-0.004169899108327305
-0.004070073966993088
-0.008100701185683344
-0.012053265365626946
-0.015889980674239083
-0.019573891736793938
-0.023068873636424705
-0.026341708058771115
-0.029361252834120402
-0.032097611479548316
-0.03452503980142565
-0.036619869750770695
-0.03836217033896729
-0.039734917179905786
-0.040725238176771573
-0.041322752606327076
-0.04152289295034776
-0.041322752606327076
-0.040725238176771573
-0.039734917179905786
-0.03836217033896729
-0.036619869750770695
-0.03452503980142565
-0.032097611479548316
-0.029361252834120402
-0.026341708058771115
-0.023068873636424705
-0.019573891736793938
-0.015889980674239083
-0.012053265365626946
-0.008100701185683344
-0.004070073966993088
-0.003971429756595631
-0.007904368814672942
-0.011761136806208732
-0.015504863693674929
-0.01909948977003857
-0.022509765658761834
-0.025703278140039813
-0.02864963982030542
-0.031319678801734224
-0.033688274838977454
-0.03573233351292409
-0.03743240689169121
-0.03877188320012879
-0.03973820231556244
-0.0403212351068031
-0.040516524756127645
-0.0403212351068031
-0.03973820231556244
-0.03877188320012879
-0.03743240689169121
-0.03573233351292409
-0.033688274838977454
-0.031319678801734224
-0.02864963982030542
-0.025703278140039813
-0.022509765658761834
-0.01909948977003857
-0.015504863693674929
-0.011761136806208732
-0.007904368814672942
-0.003971429756595631
-0.0038739664771349357
-0.007710386860071972
-0.011472505498701584
-0.015124357187002628
-0.018630767163042326
-0.021957351108976297
-0.02507249126126946
-0.027946545966607683
-0.0305510592378094
-0.03286152730813493
-0.034855422521065535
-0.03651377421848016
-0.03782037829656709
-0.03876298287195648
-0.03933170739354362
-0.039522204418842445
-0.03933170739354362
-0.03876298287195648
-0.03782037829656709
-0.03651377421848016
-0.034855422521065535
-0.03286152730813493
-0.0305510592378094
-0.027946545966607683
-0.02507249126126946
-0.021957351108976297
-0.018630767163042326
-0.015124357187002628
-0.011472505498701584
-0.007710386860071972
-0.0038739664771349357
-0.0037776841286110024
-0.0075187553218804375
-0.011187371443105505
-0.014748461154222183
-0.018167723915805206
-0.021411629987068092
-0.024449347422460042
-0.0272519712730272
-0.02979175278777383
-0.032044797208898086
-0.033989136775195015
-0.03560627231933415
-0.0368804024692207
-0.03779957984595374
-0.038354169466548634
-0.038539931938492165
-0.038354169466548634
-0.03779957984595374
-0.0368804024692207
-0.03560627231933415
-0.033989136775195015
-0.032044797208898086
-0.02979175278777383
-0.0272519712730272
-0.024449347422460042
-0.021411629987068092
-0.018167723915805206
-0.014748461154222183
-0.011187371443105505
-0.0075187553218804375
-0.0037776841286110024
-0.00368258271102383
-0.007329474200098336
-0.0109057346394205
-0.014377175595333597
-0.017710360028327213
-0.020872602293037227
-0.023833846623611585
-0.026565915739563968
-0.02904175945162753
-0.03123808454126693
-0.03313347627531255
-0.03470990119425317
-0.03595195571808961
-0.036847993237554194
-0.037388621325818154
-0.03756970731507682
-0.037388621325818154
-0.036847993237554194
-0.03595195571808961
-0.03470990119425317
-0.03313347627531255
-0.03123808454126693
-0.02904175945162753
-0.026565915739563968
-0.023833846623611585
-0.020872602293037227
-0.017710360028327213
-0.014377175595333597
-0.0109057346394205
-0.007329474200098336
-0.00368258271102383
-0.0035886622243734186
-0.0071425434947256705
-0.01062759508764656
-0.014010500510336867
-0.017258675500608337
-0.0203402680268837
-0.02322598886472407
-0.025888379366217996
-0.028301079229370498
-0.030441389305241442
-0.03228844102141813
-0.03382466084323724
-0.03503503804317384
-0.03590822304675785
-0.036435062971352156
-0.036611530548596394
-0.036435062971352156
-0.03590822304675785
-0.03503503804317384
-0.03382466084323724
-0.03228844102141813
-0.030441389305241442
-0.028301079229370498
-0.025888379366217996
-0.02322598886472407
-0.0203402680268837
-0.017258675500608337
-0.014010500510336867
-0.01062759508764656
-0.0071425434947256705
-0.0035886622243734186
-0.003495922668659768
-0.0069579632057624385
-0.01035295278778369
-0.013648435899231993
-0.016812670332648584
-0.019814627188607502
-0.02262577414579749
-0.025219362152989273
-0.027569712121002725
-0.029654711500821645
-0.031454031013511755
-0.032950551266286335
-0.03412964944447335
-0.03498026927356472
-0.03549349440315066
-0.03566540163905089
-0.03549349440315066
-0.03498026927356472
-0.03412964944447335
-0.032950551266286335
-0.031454031013511755
-0.029654711500821645
-0.027569712121002725
-0.025219362152989273
-0.02262577414579749
-0.019814627188607502
-0.016812670332648584
-0.013648435899231993
-0.01035295278778369
-0.0069579632057624385
-0.003495922668659768
-0.0034043640438828787
-0.00677573333320864
-0.01008180773983189
-0.013290981762018976
-0.01637234452444796
-0.019295679778208643
-0.022033202466831867
-0.024558864099877804
-0.026847658126524218
-0.028878051128007527
-0.030630246251593444
-0.03208757246340047
-0.03323578992198819
-0.03406413191797479
-0.034563915621213664
-0.03473132058644031
-0.034563915621213664
-0.03406413191797479
-0.03323578992198819
-0.03208757246340047
-0.030630246251593444
-0.028878051128007527
-0.026847658126524218
-0.024558864099877804
-0.022033202466831867
-0.019295679778208643
-0.01637234452444796
-0.013290981762018976
-0.01008180773983189
-0.00677573333320864
-0.0034043640438828787
-0.00331398635004275
-0.006595853877064275
-0.009814159943791161
-0.012938138098697816
-0.015937698076006455
-0.018783425795687116
-0.021448273827827186
-0.02390688520688359
-0.026134917245934978
-0.028111408186799084
-0.02981708673566316
-0.03123572443457964
-0.03235345947571832
-0.03315981097998806
-0.03364632662554117
-0.03380928739076465
-0.03364632662554117
-0.03315981097998806
-0.03235345947571832
-0.03123572443457964
-0.02981708673566316
-0.028111408186799084
-0.026134917245934978
-0.02390688520688359
-0.021448273827827186
-0.018783425795687116
-0.015937698076006455
-0.012938138098697816
-0.009814159943791161
-0.006595853877064275
-0.00331398635004275
-0.0032247895871393845
-0.006418324837329347
-0.009550009399661503
-0.012589904909268515
-0.015508730987324075
-0.01827786524104293
-0.02087098822878345
-0.023263425474006633
-0.02543148947923501
-0.027354782677196328
-0.029014552465720943
-0.03039500717982386
-0.03148265810566377
-0.03226730645960454
-0.03274072741613317
-0.03289930205202392
-0.03274072741613317
-0.03226730645960454
-0.03148265810566377
-0.03039500717982386
-0.029014552465720943
-0.027354782677196328
-0.02543148947923501
-0.023263425474006633
-0.02087098822878345
-0.01827786524104293
-0.015508730987324075
-0.012589904909268515
-0.009550009399661503
-0.006418324837329347
-0.0032247895871393845
-0.003136773755172779
-0.006243146214003852
-0.009289356107442913
-0.012246282193731068
-0.015085443258400817
-0.01777899811427608
-0.02030134566970067
-0.02262848490124693
-0.024737374826424303
-0.026608174599199258
-0.02822264344176676
-0.029565420699133104
-0.03062338581182452
-0.03138661835682422
-0.031847117992989664
-0.03200136457021811
-0.031847117992989664
-0.03138661835682422
-0.03062338581182452
-0.029565420699133104
-0.02822264344176676
-0.026608174599199258
-0.024737374826424303
-0.02262848490124693
-0.02030134566970067
-0.01777899811427608
-0.015085443258400817
-0.012246282193731068
-0.009289356107442913
-0.006243146214003852
-0.003136773755172779
-0.0030499388541429346
-0.00607031800708779
-0.009032200067135392
-0.011907269952085478
-0.014667834889236682
-0.017286824415386554
-0.019739346150578825
-0.022002063488604475
-0.02405257328750286
-0.025871583952807857
-0.027441359663800624
-0.028746964992507396
-0.029775642594200576
-0.03051774667164711
-0.03096549835611065
-0.031115474945347225
-0.03096549835611065
-0.03051774667164711
-0.029775642594200576
-0.028746964992507396
-0.027441359663800624
-0.025871583952807857
-0.02405257328750286
-0.022002063488604475
-0.019739346150578825
-0.017286824415386554
-0.014667834889236682
-0.011907269952085478
-0.009032200067135392
-0.00607031800708779
-0.0030499388541429346
-0.0029642848840498526
-0.0058998402165811635
-0.00877854127873894
-0.011572868184331744
-0.014255905879831672
-0.016801344144374376
-0.019184989671417935
-0.021384161236079276
-0.02337708486247068
-0.025145010738022142
-0.026670701131822544
-0.027939640059946712
-0.028939428452791932
-0.02966069140407319
-0.030095868505496136
-0.030241633177411267
-0.030095868505496136
-0.02966069140407319
-0.028939428452791932
-0.027939640059946712
-0.026670701131822544
-0.025145010738022142
-0.02337708486247068
-0.021384161236079276
-0.019184989671417935
-0.016801344144374376
-0.014255905879831672
-0.011572868184331744
-0.00877854127873894
-0.0058998402165811635
-0.0029642848840498526
-0.00287981184489353
-0.005731712842483971
-0.00852837974225356
-0.011243076890469866
-0.013849656230185779
-0.01632255730123953
-0.018638276232217983
-0.020774778143671332
-0.02271090955132777
-0.02442845495484211
-0.025910667845832507
-0.02714344590145108
-0.028114743387598604
-0.028815452554102484
-0.029238228441146125
-0.029379839266410225
-0.029238228441146125
-0.028815452554102484
-0.028114743387598604
-0.02714344590145108
-0.025910667845832507
-0.02442845495484211
-0.02271090955132777
-0.020774778143671332
-0.018638276232217983
-0.01632255730123953
-0.013849656230185779
-0.011243076890469866
-0.00852837974225356
-0.005731712842483971
-0.00287981184489353
-0.002796519736673969
-0.005565935884796213
-0.008281715457679249
-0.010917896070499844
-0.013449085940299014
-0.015850463885982012
-0.01809920583297898
-0.02017391421138064
-0.022054047354074117
-0.023721916603267754
-0.02516125980583052
-0.026358382517020475
-0.027301587398620573
-0.027982030121734978
-0.02839257816306061
-0.028530093212344107
-0.02839257816306061
-0.027982030121734978
-0.027301587398620573
-0.026358382517020475
-0.02516125980583052
-0.023721916603267754
-0.022054047354074117
-0.02017391421138064
-0.01809920583297898
-0.015850463885982012
-0.013449085940299014
-0.010917896070499844
-0.008281715457679249
-0.005565935884796213
-0.002796519736673969
-0.00271440855939117
-0.005402509343517888
-0.008038548425016006
-0.01059732572442168
-0.013054195010171368
-0.015385063898601841
-0.017567778473700925
-0.019581569439207205
-0.02140649827070974
-0.023025395683299085
-0.024422477011816577
-0.025584449906654913
-0.02649996048585785
-0.02716042410697068
-0.02755891767123959
-0.02769239501521292
-0.02755891767123959
-0.02716042410697068
-0.02649996048585785
-0.025584449906654913
-0.024422477011816577
-0.023025395683299085
-0.02140649827070974
-0.019581569439207205
-0.017567778473700925
-0.015385063898601841
-0.013054195010171368
-0.01059732572442168
-0.008038548425016006
-0.005402509343517888
-0.00271440855939117
-0.002633478313045132
-0.005241433218648998
-0.007798878644263832
-0.010281365852235373
-0.012664983439802846
-0.014926357339099
-0.01704399415438381
-0.018997743827151022
-0.020768262301234623
-0.022338892194936094
-0.023694319463790685
-0.02482164807035438
-0.02570986264931043
-0.02635063450980958
-0.02673724696568307
-0.02686674467501665
-0.02673724696568307
-0.02635063450980958
-0.02570986264931043
-0.02482164807035438
-0.023694319463790685
-0.022338892194936094
-0.020768262301234623
-0.018997743827151022
-0.01704399415438381
-0.014926357339099
-0.012664983439802846
-0.010281365852235373
-0.007798878644263832
-0.005241433218648998
-0.002633478313045132
-0.0025537289976358553
-0.005082707510189544
-0.007562706115422729
-0.00997001645394092
-0.01228145122919345
-0.014474344207473495
-0.01652785287502765
-0.018422437375212094
-0.020139339445648767
-0.021662406138178786
-0.02297678716175284
-0.02406997700811889
-0.024931293888978318
-0.025552661330251688
-0.025927566046391046
-0.026053142191755307
-0.025927566046391046
-0.025552661330251688
-0.024931293888978318
-0.02406997700811889
-0.02297678716175284
-0.021662406138178786
-0.020139339445648767
-0.018422437375212094
-0.01652785287502765
-0.014474344207473495
-0.01228145122919345
-0.00997001645394092
-0.007562706115422729
-0.005082707510189544
-0.0025537289976358553
-0.0024751606131633397
-0.004926332218139522
-0.007330030838492696
-0.009663277529538326
-0.011903598378343178
-0.014029024503725326
-0.01601935463563243
-0.01785565008339042
-0.01951972970395218
-0.020995937513027158
-0.022269880105703042
-0.02332943671994844
-0.02416425420486152
-0.024766504568296998
-0.02512987491336352
-0.025251587565428887
-0.02512987491336352
-0.024766504568296998
-0.02416425420486152
-0.02332943671994844
-0.022269880105703042
-0.020995937513027158
-0.01951972970395218
-0.01785565008339042
-0.01601935463563243
-0.014029024503725326
-0.011903598378343178
-0.009663277529538326
-0.007330030838492696
-0.004926332218139522
-0.0024751606131633397
-0.0023977731596275848
-0.0047723073424989345
-0.007100852813473732
-0.009361149079027587
-0.011531424887252024
-0.013590398227854492
-0.015518499436198159
-0.017297381951685998
-0.01890943307614486
-0.020339486319481202
-0.021573598295641296
-0.022600027205843025
-0.02340874359696002
-0.02399216422394551
-0.02434417356660049
-0.024462080796037386
-0.02434417356660049
-0.02399216422394551
-0.02340874359696002
-0.022600027205843025
-0.021573598295641296
-0.020339486319481202
-0.01890943307614486
-0.017297381951685998
-0.015518499436198159
-0.013590398227854492
-0.011531424887252024
-0.009361149079027587
-0.007100852813473732
-0.0047723073424989345
-0.0023977731596275848
-0.002321566637028591
-0.0046206328832677805
-0.006875172040365837
-0.009063631102408706
-0.011164930755919995
-0.013158465379860991
-0.015025287276724836
-0.016747632980098827
-0.0183084495622268
-0.01969305255754094
-0.02088794173156759
-0.02188174846580264
-0.022664762065273823
-0.023229640297197224
-0.023570462006101953
-0.023684621883580812
-0.023570462006101953
-0.023229640297197224
-0.022664762065273823
-0.02188174846580264
-0.02088794173156759
-0.01969305255754094
-0.0183084495622268
-0.016747632980098827
-0.015025287276724836
-0.013158465379860991
-0.011164930755919995
-0.009063631102408706
-0.006875172040365837
-0.0046206328832677805
-0.002321566637028591
-0.0022465410453663594
-0.004471308840446063
-0.0066529885191690145
-0.00877072359968168
-0.010804115984347088
-0.01273322595974483
-0.014539718157212453
-0.016206403168628914
-0.017716779162198014
-0.019056636227206353
-0.02021291041348194
-0.021174600499827303
-0.021932309609802934
-0.022478932788052148
-0.022808740231867915
-0.022919210828059162
-0.022808740231867915
-0.022478932788052148
-0.021932309609802934
-0.021174600499827303
-0.02021291041348194
-0.019056636227206353
-0.017716779162198014
-0.016206403168628914
-0.014539718157212453
-0.01273322595974483
-0.010804115984347088
-0.00877072359968168
-0.0066529885191690145
-0.004471308840446063
-0.0022465410453663594
-0.0021726963846408886
-0.004324335214033778
-0.006434302249883259
-0.008482426570846512
-0.010448980572533309
-0.012314679967506001
-0.01406179207766102
-0.015673692517276253
-0.017134421876058487
-0.01843023732847745
-0.019548504341384332
-0.020478583307916996
-0.021211386230547354
-0.021740041696510275
-0.02205900824389838
-0.02216584762947244
-0.02205900824389838
-0.021740041696510275
-0.021211386230547354
-0.020478583307916996
-0.019548504341384332
-0.01843023732847745
-0.017134421876058487
-0.015673692517276253
-0.01406179207766102
-0.012314679967506001
-0.010448980572533309
-0.008482426570846512
-0.006434302249883259
-0.004324335214033778
-0.0021726963846408886
-0.002100032654852178
-0.004179712004030927
-0.006219113232508573
-0.008198740015903202
-0.010099524520478645
-0.011902827403144509
-0.01359150903807053
-0.015149501026040846
-0.016561377703808226
-0.017813855861354224
-0.018894723515274773
-0.019793696890071728
-0.020501991927507075
-0.0210129670225716
-0.021321266042193338
-0.02142453228782063
-0.021321266042193338
-0.0210129670225716
-0.020501991927507075
-0.019793696890071728
-0.018894723515274773
-0.017813855861354224
-0.016561377703808226
-0.015149501026040846
-0.01359150903807053
-0.011902827403144509
-0.010099524520478645
-0.008198740015903202
-0.006219113232508573
-0.004179712004030927
-0.002100032654852178
-0.00202854985600023
-0.0040374392104375115
-0.006007421467044958
-0.007919663934851743
-0.009755747828183108
-0.011497668266660353
-0.01312886903844099
-0.014633828694922696
-0.015997646645447228
-0.017207491825836675
-0.018251567935153264
-0.019119941246291496
-0.019804126700682104
-0.020297708766236128
-0.02059551362675279
-0.02069526480310375
-0.02059551362675279
-0.020297708766236128
-0.019804126700682104
-0.019119941246291496
-0.018251567935153264
-0.017207491825836675
-0.015997646645447228
-0.014633828694922696
-0.01312886903844099
-0.011497668266660353
-0.009755747828183108
-0.007919663934851743
-0.006007421467044958
-0.0040374392104375115
-0.00202854985600023
-0.0019582479880850424
-0.0038975168332535293
-0.005799226953492411
-0.007645198327692147
-0.009417650495646695
-0.011099202558053531
-0.012673872078772394
-0.014126675523921795
-0.015443228700975503
-0.016611145221924816
-0.017619037601019797
-0.0184573163765763
-0.01911779055007244
-0.019594266927503864
-0.019881750997576744
-0.0199780451753218
-0.019881750997576744
-0.019594266927503864
-0.01911779055007244
-0.0184573163765763
-0.017619037601019797
-0.016611145221924816
-0.015443228700975503
-0.014126675523921795
-0.012673872078772394
-0.011099202558053531
-0.009417650495646695
-0.007645198327692147
-0.005799226953492411
-0.0038975168332535293
-0.0019582479880850424
-0.0018891270511066163
-0.003759944872478982
-0.005594529691850933
-0.007375343194424404
-0.009085232522869406
-0.010707430277324046
-0.012226518159064748
-0.013628041513038149
-0.014898123870393038
-0.016024816049618636
-0.01699713251287439
-0.017805822280926146
-0.018442983475678083
-0.018902641506374808
-0.019179978154665198
-0.019272873404474766
-0.019179978154665198
-0.018902641506374808
-0.018442983475678083
-0.017805822280926146
-0.01699713251287439
-0.016024816049618636
-0.014898123870393038
-0.013628041513038149
-0.012226518159064748
-0.010707430277324046
-0.009085232522869406
-0.007375343194424404
-0.005594529691850933
-0.003759944872478982
-0.0018891270511066163
-0.0018211870450649515
-0.0036247233281138692
-0.005393329682120527
-0.007110098535048519
-0.008758493909851237
-0.010322351424471896
-0.011786807279318046
-0.01313792666227176
-0.014362332153699838
-0.015448504308918132
-0.01638585267071702
-0.017165458959341028
-0.01777970547749903
-0.018222832502848948
-0.018490195098018143
-0.018579749490562656
-0.018490195098018143
-0.018222832502848948
-0.01777970547749903
-0.017165458959341028
-0.01638585267071702
-0.015448504308918132
-0.014362332153699838
-0.01313792666227176
-0.011786807279318046
-0.010322351424471896
-0.008758493909851237
-0.007110098535048519
-0.005393329682120527
-0.0036247233281138692
-0.0018211870450649515
-0.0017544279699600476
-0.0034918522001581897
-0.00519562692430119
-0.006849464349564487
-0.008437434656592191
-0.009943965999497081
-0.011354739439532286
-0.012656330971622621
-0.013835853550895906
-0.014882209999823313
-0.015785198074547698
-0.016536226411820946
-0.01712795655553528
-0.017554839916926298
-0.01781240182763559
-0.01789867343358547
-0.01781240182763559
-0.017554839916926298
-0.01712795655553528
-0.016536226411820946
-0.015785198074547698
-0.014882209999823313
-0.013835853550895906
-0.012656330971622621
-0.011354739439532286
-0.009943965999497081
-0.008437434656592191
-0.006849464349564487
-0.00519562692430119
-0.0034918522001581897
-0.0017544279699600476
-0.0016888498257919054
-0.003361331488611945
-0.005001421418392922
-0.006593440637972316
-0.008122054763092268
-0.009572274002399602
-0.010930314639707476
-0.012183254441090741
-0.013318688061981237
-0.014325933122334171
-0.015195168724366428
-0.015918124638365904
-0.01648773670978684
-0.016898663748606844
-0.01714659834351753
-0.01722964523354321
-0.01714659834351753
-0.016898663748606844
-0.01648773670978684
-0.015918124638365904
-0.015195168724366428
-0.014325933122334171
-0.013318688061981237
-0.012183254441090741
-0.010930314639707476
-0.009572274002399602
-0.008122054763092268
-0.006593440637972316
-0.005001421418392922
-0.003361331488611945
-0.0016888498257919054
-0.0016244526125605238
-0.0032331611934751335
-0.004810713164395724
-0.006342027400271999
-0.007812354229351468
-0.009207275433179457
-0.01051353287984361
-0.011718697070676107
-0.01281083568695583
-0.013779673676450712
-0.014615764620173204
-0.015311153638975892
-0.0158590459402537
-0.016254303997890598
-0.016492784645663967
-0.016572664890435868
-0.016492784645663967
-0.016254303997890598
-0.0158590459402537
-0.015311153638975892
-0.014615764620173204
-0.013779673676450712
-0.01281083568695583
-0.011718697070676107
-0.01051353287984361
-0.009207275433179457
-0.007812354229351468
-0.006342027400271999
-0.004810713164395724
-0.0032331611934751335
-0.0016244526125605238
-0.0015612363302659037
-0.003107341314747757
-0.004623502162309595
-0.006095224636463538
-0.007508333055369792
-0.008848970291836646
-0.010104394159940694
-0.01126265886037873
-0.01231229642581969
-0.013243431662172933
-0.014046985761968023
-0.01471531341365092
-0.015241884246935872
-0.015621760664777551
-0.015850960734074902
-0.015927732404263453
-0.015850960734074902
-0.015621760664777551
-0.015241884246935872
-0.01471531341365092
-0.014046985761968023
-0.013243431662172933
-0.01231229642581969
-0.01126265886037873
-0.010104394159940694
-0.008848970291836646
-0.007508333055369792
-0.006095224636463538
-0.004623502162309595
-0.003107341314747757
-0.0015612363302659037
-0.0014992009789080447
-0.0029838718524298146
-0.004439788412134536
-0.005853032346546935
-0.007209991241147239
-0.008497358578371174
-0.00970289847999872
-0.010815139810198606
-0.011823070278572819
-0.01271720707950084
-0.013488832149750897
-0.014130603962390987
-0.014636251629833343
-0.015001033749267716
-0.015221126608750333
-0.015294847775025962
-0.015221126608750333
-0.015001033749267716
-0.014636251629833343
-0.014130603962390987
-0.013488832149750897
-0.01271720707950084
-0.011823070278572819
-0.010815139810198606
-0.00970289847999872
-0.008497358578371174
-0.007209991241147239
-0.005853032346546935
-0.004439788412134536
-0.0029838718524298146
-0.0014992009789080447
-0.001438346558486947
-0.0028627528065213073
-0.004259571913870547
-0.005615450530522189
-0.006917328786683808
-0.008152440292783038
-0.009309045840017696
-0.010376139920135738
-0.011343157245215212
-0.012200999928434424
-0.012941303783521816
-0.01355702528519609
-0.014042148088946127
-0.01439212325136108
-0.014603282269690267
-0.014674011002723395
-0.014603282269690267
-0.01439212325136108
-0.014042148088946127
-0.01355702528519609
-0.012941303783521816
-0.012200999928434424
-0.011343157245215212
-0.010376139920135738
-0.009309045840017696
-0.008152440292783038
-0.006917328786683808
-0.005615450530522189
-0.004259571913870547
-0.0028627528065213073
-0.001438346558486947
-0.0013786730690026107
-0.002743984177022233
-0.004082852667517627
-0.005382479188389299
-0.0066303456919795
-0.007814215435072235
-0.008922836239997615
-0.009945659190190125
-0.010872557325746868
-0.011694810208973686
-0.012404400663280786
-0.012994577382066228
-0.013459573624274213
-0.013795029171057648
-0.013997427716894694
-0.01406522208735575
-0.013997427716894694
-0.013795029171057648
-0.013459573624274213
-0.012994577382066228
-0.012404400663280786
-0.011694810208973686
-0.010872557325746868
-0.009945659190190125
-0.008922836239997615
-0.007814215435072235
-0.0066303456919795
-0.005382479188389299
-0.004082852667517627
-0.002743984177022233
-0.0013786730690026107
-0.0013201805104550355
-0.0026275659639325944
-0.003909630673075777
-0.0051541183201482665
-0.006349041957034319
-0.007482684005238769
-0.008544269679938482
-0.009523697620361765
-0.010411270520167793
-0.011198637921118634
-0.011878122789027803
-0.012443260253001411
-0.012888528235817607
-0.013209751508357421
-0.013403562950363624
-0.013468481028923032
-0.013403562950363624
-0.013209751508357421
-0.012888528235817607
-0.012443260253001411
-0.011878122789027803
-0.011198637921118634
-0.010411270520167793
-0.009523697620361765
-0.008544269679938482
-0.007482684005238769
-0.006349041957034319
-0.0051541183201482665
-0.003909630673075777
-0.0026275659639325944
-0.0013201805104550355
-0.0012628688828442212
-0.002513498167252388
-0.0037399059305449956
-0.004930367925799087
-0.006073417581848255
-0.007157846003282635
-0.008173346159840294
-0.009110255210650654
-0.009959296828477977
-0.010712483064869258
-0.011362470160762861
-0.011903073898001621
-0.012329011923576301
-0.01263629026326039
-0.012821687970097043
-0.012883787827425231
-0.012821687970097043
-0.01263629026326039
-0.012329011923576301
-0.011903073898001621
-0.011362470160762861
-0.010712483064869258
-0.009959296828477977
-0.009110255210650654
-0.008173346159840294
-0.007157846003282635
-0.006073417581848255
-0.004930367925799087
-0.0037399059305449956
-0.002513498167252388
-0.0012628688828442212
-0.0012067381861701684
-0.0024017807869816175
-0.0035736784399252857
-0.004711228005341767
-0.005803472566421316
-0.006839701429203841
-0.007810065679703051
-0.008705331961056802
-0.00951663625067743
-0.010236345640225566
-0.010857442778485974
-0.01137401831706688
-0.011781024687550304
-0.012074645435766574
-0.012251802776094958
-0.012311142482862358
-0.012251802776094958
-0.012074645435766574
-0.011781024687550304
-0.01137401831706688
-0.010857442778485974
-0.010236345640225566
-0.00951663625067743
-0.008705331961056802
-0.007810065679703051
-0.006839701429203841
-0.005803472566421316
-0.004711228005341767
-0.0035736784399252857
-0.0024017807869816175
-0.0012067381861701684
-0.0011517884204328766
-0.002292413823120281
-0.0034109482012166436
-0.0044966985587763025
-0.005539206910753498
-0.00652825028300238
-0.007454428239526755
-0.008308927871580201
-0.009083288786766149
-0.009770225647187554
-0.010363040642197128
-0.010856093510197165
-0.01124456652773961
-0.011524817025875956
-0.011693907368357377
-0.011750544995234407
-0.011693907368357377
-0.011524817025875956
-0.01124456652773961
-0.010856093510197165
-0.010363040642197128
-0.009770225647187554
-0.009083288786766149
-0.008308927871580201
-0.007454428239526755
-0.00652825028300238
-0.005539206910753498
-0.0044966985587763025
-0.0034109482012166436
-0.002292413823120281
-0.0011517884204328766
-0.0010980195856323464
-0.0021853972756683787
-0.0032517152144190724
-0.004286779586102698
-0.005280620614844808
-0.006223492564678257
-0.007106433839311409
-0.007921042942220858
-0.008659254436744136
-0.009314123085755225
-0.009879263751896338
-0.010349299477392493
-0.010719637444144232
-0.010986805033588546
-0.011148001746884293
-0.011201995364541384
-0.011148001746884293
-0.010986805033588546
-0.010719637444144232
-0.010349299477392493
-0.009879263751896338
-0.009314123085755225
-0.008659254436744136
-0.007921042942220858
-0.007106433839311409
-0.006223492564678257
-0.005280620614844808
-0.004286779586102698
-0.0032517152144190724
-0.0021853972756683787
-0.0010980195856323464
-0.0010454316817685768
-0.00208073114462591
-0.0030959794795325708
-0.004081471087320945
-0.0050277136786952385
-0.005925428274231466
-0.0067660824790570055
-0.007541677172978766
-0.008244533200611383
-0.008868037955928573
-0.00940611210758359
-0.009853636218652857
-0.010206237436764153
-0.010460609458904334
-0.0106140859116757
-0.01066549359078328
-0.0106140859116757
-0.010460609458904334
-0.010206237436764153
-0.009853636218652857
-0.00940611210758359
-0.008868037955928573
-0.008244533200611383
-0.007541677172978766
-0.0067660824790570055
-0.005925428274231466
-0.0050277136786952385
-0.004081471087320945
-0.0030959794795325708
-0.00208073114462591
-0.0010454316817685768
-0.0009940247088415688
-0.0019784154299928762
-0.0029437409965571383
-0.0038807730624310518
-0.004780486102304791
-0.005634057411662012
-0.006433374158763548
-0.007170830563853926
-0.007839125078367896
-0.008431970257707604
-0.008943585709258892
-0.009369103733978257
-0.009704366505599377
-0.009946230301823325
-0.010092159862731612
-0.010141039673960099
-0.010092159862731612
-0.009946230301823325
-0.009704366505599377
-0.009369103733978257
-0.008943585709258892
-0.008431970257707604
-0.007839125078367896
-0.007170830563853926
-0.006433374158763548
-0.005634057411662012
-0.004780486102304791
-0.0038807730624310518
-0.0029437409965571383
-0.0019784154299928762
-0.0009940247088415688
-0.0009437986668513221
-0.0018784501317692763
-0.0027949997654927745
-0.003684685511433014
-0.0045389378856734676
-0.0053493799769698935
-0.006108308878431038
-0.006808503114846341
-0.007443030070013675
-0.008005919991092316
-0.008491684556922242
-0.008895702023368698
-0.009214024650649912
-0.009443667562345525
-0.009582223600052018
-0.009628633614071845
-0.009582223600052018
-0.009443667562345525
-0.009214024650649912
-0.008895702023368698
-0.008491684556922242
-0.008005919991092316
-0.007443030070013675
-0.006808503114846341
-0.006108308878431038
-0.0053493799769698935
-0.0045389378856734676
-0.003684685511433014
-0.0027949997654927745
-0.0018784501317692763
-0.0009437986668513221
-0.0008947535557978364
-0.0017808352499551108
-0.0026497557863394815
-0.003493208434326832
-0.004303069028801266
-0.005071395970155112
-0.005790886638059473
-0.00645469482595601
-0.00705624817554872
-0.00758988715608271
-0.008050408650573639
-0.008433431086824171
-0.008735211871915748
-0.008952921240470925
-0.00908427712363692
-0.009128275411118512
-0.00908427712363692
-0.008952921240470925
-0.008735211871915748
-0.008433431086824171
-0.008050408650573639
-0.00758988715608271
-0.00705624817554872
-0.00645469482595601
-0.005790886638059473
-0.005071395970155112
-0.004303069028801266
-0.003493208434326832
-0.0026497557863394815
-0.0017808352499551108
-0.0008947535557978364
-0.000846889375681112
-0.0016855707845503786
-0.002508009059097257
-0.003306341831112507
-0.004072879531688188
-0.004800105391217663
-0.005481107437648854
-0.006109405697182934
-0.00667877939497303
-0.007183871752678782
-0.007619757990213083
-0.007982290924344684
-0.00826792816939689
-0.008473991336199528
-0.008598320433486318
-0.008639965065100102
-0.008598320433486318
-0.008473991336199528
-0.00826792816939689
-0.007982290924344684
-0.007619757990213083
-0.007183871752678782
-0.00667877939497303
-0.006109405697182934
-0.005481107437648854
-0.004800105391217663
-0.004072879531688188
-0.003306341831112507
-0.002508009059097257
-0.0016855707845503786
-0.000846889375681112
-0.0008002061265011487
-0.001592656735555082
-0.002369759583766103
-0.0031240857017900392
-0.0038483693943342323
-0.004535508240157552
-0.00517897127719918
-0.00577263572852711
-0.006310623728286603
-0.006787873780880535
-0.007199732575840574
-0.007542281535930232
-0.0078121735430933415
-0.008006877849531338
-0.008124353529600217
-0.008163702576016616
-0.008124353529600217
-0.008006877849531338
-0.0078121735430933415
-0.007542281535930232
-0.007199732575840574
-0.006787873780880535
-0.006310623728286603
-0.00577263572852711
-0.00517897127719918
-0.004535508240157552
-0.0038483693943342323
-0.0031240857017900392
-0.002369759583766103
-0.001592656735555082
-0.0008002061265011487
-0.0007547038082579469
-0.0015020931029692192
-0.0022350073603460193
-0.002946440046359428
-0.003629538616739401
-0.0042776045169747754
-0.004884478156710456
-0.005444384919988542
-0.005951781175489445
-0.0064018932406879735
-0.006790332407456115
-0.007113402921580821
-0.007367947993005097
-0.007551580780466349
-0.00766237641197861
-0.007699487943868055
-0.00766237641197861
-0.007551580780466349
-0.007367947993005097
-0.007113402921580821
-0.006790332407456115
-0.0064018932406879735
-0.005951781175489445
-0.005444384919988542
-0.004884478156710456
-0.0042776045169747754
-0.003629538616739401
-0.002946440046359428
-0.0022350073603460193
-0.0015020931029692192
-0.0007547038082579469
-0.0007103824209515058
-0.0014138798867927899
-0.002103752388837004
-0.0027734048648206723
-0.003416387198903691
-0.004026394221669333
-0.004597628076182674
-0.005124653271567224
-0.005602251736581548
-0.006025930132101086
-0.0063915574850597024
-0.006695655081296441
-0.0069352515191321564
-0.007108100129004564
-0.0072123890806214995
-0.007247321168654415
-0.0072123890806214995
-0.007108100129004564
-0.0069352515191321564
-0.006695655081296441
-0.0063915574850597024
-0.006025930132101086
-0.005602251736581548
-0.005124653271567224
-0.004597628076182674
-0.004026394221669333
-0.003416387198903691
-0.0027734048648206723
-0.002103752388837004
-0.0014138798867927899
-0.0007103824209515058
-0.0006672419645818261
-0.0013280170870257953
-0.0019759946692390587
-0.0026049801571737742
-0.0032089151408271057
-0.0037818773542412283
-0.004318421035615841
-0.004813440783263162
-0.005262035411562921
-0.005659984455119884
-0.006003407808651339
-0.006289038015077103
-0.006514084121474525
-0.006676435895145985
-0.00677439153552889
-0.006807202250375701
-0.00677439153552889
-0.006676435895145985
-0.006514084121474525
-0.006289038015077103
-0.006003407808651339
-0.005659984455119884
-0.005262035411562921
-0.004813440783263162
-0.004318421035615841
-0.0037818773542412283
-0.0032089151408271057
-0.0026049801571737742
-0.0019759946692390587
-0.0013280170870257953
-0.0006672419645818261
-0.0006252824391489079
-0.0012445047036682352
-0.001851734201552183
-0.002441165923418732
-0.0030071224425096427
-0.003544053914690458
-0.004046857035009953
-0.004510747455076355
-0.0049311322004335564
-0.005304056209744363
-0.005625883378231023
-0.005893551722922802
-0.006104445800032197
-0.006256588078890608
-0.006348383776700776
-0.0063791311890319105
-0.006348383776700776
-0.006256588078890608
-0.006104445800032197
-0.005893551722922802
-0.005625883378231023
-0.005304056209744363
-0.0049311322004335564
-0.004510747455076355
-0.004046857035009953
-0.003544053914690458
-0.0030071224425096427
-0.002441165923418732
-0.001851734201552183
-0.0012445047036682352
-0.0006252824391489079
-0.0005845038446527506
-0.0011633427367201091
-0.0017309709857763764
-0.002281962163555546
-0.0028110091039513017
-0.0033129239030170233
-0.003782936074365011
-0.0042165732870068
-0.0046095421031934584
-0.004958145395974521
-0.0052589841937987535
-0.0055091962048335365
-0.005706336554805173
-0.005848556680238434
-0.005934365804137158
-0.0059631079846230416
-0.005934365804137158
-0.005848556680238434
-0.005706336554805173
-0.0055091962048335365
-0.0052589841937987535
-0.004958145395974521
-0.0046095421031934584
-0.0042165732870068
-0.003782936074365011
-0.0033129239030170233
-0.0028110091039513017
-0.002281962163555546
-0.0017309709857763764
-0.0011633427367201091
-0.0005845038446527506
-0.0005449061810933547
-0.0010845311861814178
-0.00161370502191164
-0.0021273688775842172
-0.0026205751251520844
-0.0030884873192209244
-0.0035266581536810165
-0.003930918279054499
-0.004297265119842625
-0.004622252013810361
-0.004902710255354532
-0.00513597146080931
-0.005319756385793458
-0.005452341699189464
-0.005532337617838039
-0.005559132637149098
-0.005532337617838039
-0.005452341699189464
-0.005319756385793458
-0.00513597146080931
-0.004902710255354532
-0.004622252013810361
-0.004297265119842625
-0.003930918279054499
-0.0035266581536810165
-0.0030884873192209244
-0.0026205751251520844
-0.0021273688775842172
-0.00161370502191164
-0.0010845311861814178
-0.0005449061810933547
-0.0005064894484707197
-0.0010080700520521601
-0.0014999363099579728
-0.0019773860655047442
-0.00243582050611199
-0.00287074416330216
-0.0032780232729579663
-0.0036537824312194507
-0.003994301250381055
-0.004296376063251881
-0.00455706156289836
-0.0047738774908501185
-0.004944705292997046
-0.005067943135743697
-0.005142299217803415
-0.005167205146610077
-0.005142299217803415
-0.005067943135743697
-0.004944705292997046
-0.0047738774908501185
-0.00455706156289836
-0.004296376063251881
-0.003994301250381055
-0.0036537824312194507
-0.0032780232729579663
-0.00287074416330216
-0.00243582050611199
-0.0019773860655047442
-0.0014999363099579728
-0.0010080700520521601
-0.0005064894484707197
-0.00046925364678484616
-0.0009339593343323366
-0.001389664849915376
-0.0018320137273171284
-0.002256745246831019
-0.0026596944352607326
-0.0030370314321958632
-0.0033851657435016586
-0.0037006504948087528
-0.003980517544299083
-0.004222038116430236
-0.004422914294955965
-0.004581183276415942
-0.004695360989901135
-0.0047642506040332915
-0.00478732551300598
-0.0047642506040332915
-0.004695360989901135
-0.004581183276415942
-0.004422914294955965
-0.004222038116430236
-0.003980517544299083
-0.0037006504948087528
-0.0033851657435016586
-0.0030370314321958632
-0.0026596944352607326
-0.002256745246831019
-0.0018320137273171284
-0.001389664849915376
-0.0009339593343323366
-0.00046925364678484616
-0.00043319877603573365
-0.0008621990330219476
-0.001282890641783848
-0.0016912518630213692
-0.002083349347309171
-0.002455338135096639
-0.002803682631394706
-0.0031250682159011185
-0.003416312853125715
-0.003674676456951964
-0.003897639915950155
-0.004083081873126849
-0.004229190336050144
-0.0043345952616617766
-0.0043981917765276626
-0.004419493736336806
-0.0043981917765276626
-0.0043345952616617766
-0.004229190336050144
-0.004083081873126849
-0.003897639915950155
-0.003674676456951964
-0.003416312853125715
-0.0031250682159011185
-0.002803682631394706
-0.002455338135096639
-0.002083349347309171
-0.0016912518630213692
-0.001282890641783848
-0.0008621990330219476
-0.00043319877603573365
-0.0003983248362233825
-0.0007927891481209928
-0.0011796136855633898
-0.0015551004726174667
-0.0019156328075464447
-0.002257675262809882
-0.0025779768705544953
-0.0028734898484178333
-0.0031412883253319423
-0.003378852801210528
-0.0035838669614581264
-0.00375438022536277
-0.0038887264718996508
-0.0039856459510256214
-0.004044122735286532
-0.004063709816602557
-0.004044122735286532
-0.0039856459510256214
-0.0038887264718996508
-0.00375438022536277
-0.0035838669614581264
-0.003378852801210528
-0.0031412883253319423
-0.0028734898484178333
-0.0025779768705544953
-0.002257675262809882
-0.0019156328075464447
-0.0015551004726174667
-0.0011796136855633898
-0.0007927891481209928
-0.0003983248362233825
-0.0003646318273477925
-0.000725729679629472
-0.0010798339812540015
-0.0014235595561054202
-0.0017535956275428423
-0.00206670581840046
-0.002359914149675231
-0.0026304306410518015
-0.0028755769114274343
-0.0030930465770747707
-0.0032807192529541443
-0.003436809351663728
-0.003559791683964463
-0.0036485130579926705
-0.003702043480309898
-0.0037199737538032296
-0.003702043480309898
-0.0036485130579926705
-0.003559791683964463
-0.003436809351663728
-0.0032807192529541443
-0.0030930465770747707
-0.0028755769114274343
-0.0026304306410518015
-0.002359914149675231
-0.00206670581840046
-0.0017535956275428423
-0.0014235595561054202
-0.0010798339812540015
-0.000725729679629472
-0.0003646318273477925
-0.0003321197494089638
-0.0006610206275473858
-0.0009835515288556824
-0.0012966291134852298
-0.001597237807298363
-0.001882429801868374
-0.002149494468756913
-0.0023958905938030236
-0.002619178611412192
-0.0028172577845446967
-0.00298819679043821
-0.003130369252029722
-0.0032423859722445804
-0.003323196582562922
-0.003371954011597762
-0.0033882855479388263
-0.003371954011597762
-0.003323196582562922
-0.0032423859722445804
-0.003130369252029722
-0.00298819679043821
-0.0028172577845446967
-0.002619178611412192
-0.0023958905938030236
-0.002149494468756913
-0.001882429801868374
-0.001597237807298363
-0.0012966291134852298
-0.0009835515288556824
-0.0006610206275473858
-0.0003321197494089638
-0.0003007886024068962
-0.0005986619918747335
-0.0008907663283684333
-0.0011743091447568965
-0.001446559346813006
-0.0017048472132136234
-0.0019467178277995396
-0.0021698697066714996
-0.002372093425286215
-0.0025514864236203007
-0.0027062995739103235
-0.002835059926460756
-0.0029365093367400043
-0.0030096965247363773
-0.003053854329150122
-0.003068645199009347
-0.003053854329150122
-0.0030096965247363773
-0.0029365093367400043
-0.002835059926460756
-0.0027062995739103235
-0.0025514864236203007
-0.002372093425286215
-0.0021698697066714996
-0.0019467178277995396
-0.0017048472132136234
-0.001446559346813006
-0.0011743091447568965
-0.0008907663283684333
-0.0005986619918747335
-0.0003007886024068962
-0.0002706383863415898
-0.0005386537726115156
-0.0008014783797922534
-0.00105659964992042
-0.001301560246086772
-0.0015339580524362073
-0.0017515842268031134
-0.0019523679796572286
-0.002134321353049504
-0.002295732494301588
-0.0024350276033704844
-0.0025508813749568248
-0.002642161777450733
-0.002708012884513037
-0.0027477444329669786
-0.0027610527070147904
-0.0027477444329669786
-0.002708012884513037
-0.002642161777450733
-0.0025508813749568248
-0.0024350276033704844
-0.002295732494301588
-0.002134321353049504
-0.0019523679796572286
-0.0017515842268031134
-0.0015339580524362073
-0.001301560246086772
-0.00105659964992042
-0.0008014783797922534
-0.0005386537726115156
-0.0002706383863415898
-0.00024166910121304453
-0.00048099596975773165
-0.0007156876831271433
-0.0009435006289758003
-0.001162240505119661
-0.001369762319536127
-0.0015640936657676326
-0.0017433854127602117
-0.0019058623947020565
-0.002049995996588556
-0.0021743808788186937
-0.002277833597517932
-0.002359343294376769
-0.0024181456618929
-0.0024536243230483335
-0.0024655080719551583
-0.0024536243230483335
-0.0024181456618929
-0.002359343294376769
-0.002277833597517932
-0.0021743808788186937
-0.002049995996588556
-0.0019058623947020565
-0.0017433854127602117
-0.0015640936657676326
-0.001369762319536127
-0.001162240505119661
-0.0009435006289758003
-0.0007156876831271433
-0.00048099596975773165
-0.00024166910121304453
-0.00021388074702126058
-0.00042568858331338237
-0.0006333942383731028
-0.0008350120819230364
-0.0010286001239116738
-0.0012122600145133828
-0.0013842461446930986
-0.001542922005980449
-0.0016867165502438759
-0.0018142769304812035
-0.0019243594002549497
-0.002015916594144075
-0.00208805388751811
-0.002140094856875966
-0.0021714939993941864
-0.0021820112938304493
-0.0021714939993941864
-0.002140094856875966
-0.00208805388751811
-0.002015916594144075
-0.0019243594002549497
-0.0018142769304812035
-0.0016867165502438759
-0.001542922005980449
-0.0013842461446930986
-0.0012122600145133828
-0.0010286001239116738
-0.0008350120819230364
-0.0006333942383731028
-0.00042568858331338237
-0.00021388074702126058
-0.00018727332376623787
-0.00037273161327846724
-0.000554598045530132
-0.0007311340087621296
-0.0009006391024628091
-0.0010614511373679741
-0.001212041663579511
-0.00135097775931794
-0.0014768838196749596
-0.001588575295979533
-0.0016849631676792549
-0.0017651303648352568
-0.0018282935568747572
-0.0018738604694622375
-0.001901353462004536
-0.001910562372640664
-0.001901353462004536
-0.0018738604694622375
-0.0018282935568747572
-0.0017651303648352568
-0.0016849631676792549
-0.001588575295979533
-0.0014768838196749596
-0.00135097775931794
-0.001212041663579511
-0.0010614511373679741
-0.0009006391024628091
-0.0007311340087621296
-0.000554598045530132
-0.00037273161327846724
-0.00018727332376623787
-0.00016184683144797638
-0.0003221250596529862
-0.0004792991045982306
-0.000631866409493079
-0.000778357440773067
-0.0009173356880999007
-0.0010474802224268692
-0.0011675526727726849
-0.0012763642029953092
-0.001372891093083543
-0.0014561921810916068
-0.0015254749095914755
-0.0015800623024467097
-0.001619442499651711
-0.0016432027108793823
-0.0016511613083858023
-0.0016432027108793823
-0.001619442499651711
-0.0015800623024467097
-0.0015254749095914755
-0.0014561921810916068
-0.001372891093083543
-0.0012763642029953092
-0.0011675526727726849
-0.0010474802224268692
-0.0009173356880999007
-0.000778357440773067
-0.000631866409493079
-0.0004792991045982306
-0.0003221250596529862
-0.00016184683144797638
-0.00013760127006647596
-0.0002738689224369391
-0.0004074974155773989
-0.0005372092841158843
-0.0006617551388424478
-0.0007799136667091616
-0.000890561821235173
-0.0009926467463446825
-0.001085157700204923
-0.0011672243217932332
-0.0012380464404920055
-0.0012969502284127293
-0.0013433601242339678
-0.0013768409474443878
-0.0013970417460187257
-0.0014038081010658632
-0.0013970417460187257
-0.0013768409474443878
-0.0013433601242339678
-0.0012969502284127293
-0.0012380464404920055
-0.0011672243217932332
-0.001085157700204923
-0.0009926467463446825
-0.000890561821235173
-0.0007799136667091616
-0.0006617551388424478
-0.0005372092841158843
-0.0004074974155773989
-0.0002738689224369391
-0.00013760127006647596
-0.00011453663962173678
-0.0002279632016303268
-0.00033919297846763676
-0.00044716263263054726
-0.000550832196670952
-0.0006491850731957594
-0.000741286460004424
-0.0008262599800339348
-0.000903264311303803
-0.0009715749821086056
-0.0010305259458804538
-0.0010795563212990223
-0.0011181870222365315
-0.00114605581284027
-0.001162870567422567
-0.0011685027506808487
-0.001162870567422567
-0.00114605581284027
-0.0011181870222365315
-0.0010795563212990223
-0.0010305259458804538
-0.0009715749821086056
-0.000903264311303803
-0.0008262599800339348
-0.000741286460004424
-0.0006491850731957594
-0.000550832196670952
-0.00044716263263054726
-0.00033919297846763676
-0.0002279632016303268
-0.00011453663962173678
-9.265294011375887e-05
-0.00018440789723314866
-0.0002743857932689442
-0.00036172645503706666
-0.0004455886142585794
-0.0005251499075596921
-0.0005996541387346205
-0.0006683923738404413
-0.0007306840362919482
-0.000785943074029658
-0.0008336306972569508
-0.000873293188250353
-0.0009045429964544017
-0.0009270870958393552
-0.0009406891750909058
-0.0009452452572307579
-0.0009406891750909058
-0.0009270870958393552
-0.0009045429964544017
-0.000873293188250353
-0.0008336306972569508
-0.000785943074029658
-0.0007306840362919482
-0.0006683923738404413
-0.0005996541387346205
-0.0005251499075596921
-0.0004455886142585794
-0.00036172645503706666
-0.0002743857932689442
-0.00018440789723314866
-9.265294011375887e-05
-7.195017154254212e-05
-0.0001432030092454044
-0.0002130758599813215
-0.00028090075133544167
-0.00034602439160532906
-0.00040780816980096003
-0.0004656648574257627
-0.0005190439277642006
-0.0005674168751693576
-0.000610328597556391
-0.0006473606946214933
-0.0006781608292667197
-0.000702428046887576
-0.0007199347964416431
-0.0007304975690237398
-0.0007340356207155896
-0.0007304975690237398
-0.0007199347964416431
-0.000702428046887576
-0.0006781608292667197
-0.0006473606946214933
-0.000610328597556391
-0.0005674168751693576
-0.0005190439277642006
-0.0004656648574257627
-0.00040780816980096003
-0.00034602439160532906
-0.00028090075133544167
-0.0002130758599813215
-0.0001432030092454044
-7.195017154254212e-05
-5.2428333908086585e-05
-0.00010434853766709468
-0.00015526317860476812
-0.0002046855215256743
-0.0002521395287112019
-0.00029715985991956407
-0.0003393186160778522
-0.0003782146418052146
-0.0004134628279360342
-0.0004447315526888057
-0.0004717159379740843
-0.0004941592443481235
-0.0005118421735360579
-0.0005245989146471358
-0.0005322957492210734
-0.000534873841135346
-0.0005322957492210734
-0.0005245989146471358
-0.0005118421735360579
-0.0004941592443481235
-0.0004717159379740843
-0.0004447315526888057
-0.0004134628279360342
-0.0003782146418052146
-0.0003393186160778522
-0.00029715985991956407
-0.0002521395287112019
-0.0002046855215256743
-0.00015526317860476812
-0.00010434853766709468
-5.2428333908086585e-05
-3.4087427210392205e-05
-6.784448249821897e-05
-0.00010094774913928462
-0.0001330807656077629
-0.00016393402557619786
-0.0001932049779155029
-0.00022061541469088676
-0.0002459045159634815
-0.00026882189459197405
-0.000289151939426901
-0.0003066964273147227
-0.0003212884334945643
-0.0003327853763998445
-0.0003410794504558312
-0.00034608371568290277
-0.00034775991849002487
-0.00034608371568290277
-0.0003410794504558312
-0.0003327853763998445
-0.0003212884334945643
-0.0003066964273147227
-0.000289151939426901
-0.00026882189459197405
-0.0002459045159634815
-0.00022061541469088676
-0.0001932049779155029
-0.00016393402557619786
-0.0001330807656077629
-0.00010094774913928462
-6.784448249821897e-05
-3.4087427210392205e-05
-1.692745144945912e-05
-3.36908437387777e-05
-5.012957158487041e-05
-6.608648358170794e-05
-8.140788220031642e-05
-9.594352378877791e-05
-0.00010955525326486804
-0.0001221135502390025
-0.00013349407513717993
-0.0001435897577706774
-0.00015230216264340956
-0.00015954839670604236
-0.000165257655478937
-0.00016937640386773147
-0.00017186146840923012
-0.00017269385277962791
-0.00017186146840923012
-0.00016937640386773147
-0.000165257655478937
-0.00015954839670604236
-0.00015230216264340956
-0.0001435897577706774
-0.00013349407513717993
-0.0001221135502390025
-0.00010955525326486804
-9.594352378877791e-05
-8.140788220031642e-05
-6.608648358170794e-05
-5.012957158487041e-05
-3.36908437387777e-05
-1.692745144945912e-05
-9.484066252871821e-07
-1.8876213887704385e-06
-2.8086459415258e-06
-3.7026754475097403e-06
-4.561098583558132e-06
-5.375497539387986e-06
-6.138131799794943e-06
-6.8417446317775575e-06
-7.4793695716507404e-06
-8.045007720133835e-06
-8.533143960143265e-06
-8.939133982557857e-06
-9.259010773335353e-06
-9.489774882834312e-06
-9.629007400054347e-06
-9.675644004153993e-06
-9.629007400054347e-06
-9.489774882834312e-06
-9.259010773335353e-06
-8.939133982557857e-06
-8.533143960143265e-06
-8.045007720133835e-06
-7.4793695716507404e-06
-6.8417446317775575e-06
-6.138131799794943e-06
-5.375497539387986e-06
-4.561098583558132e-06
-3.7026754475097403e-06
-2.8086459415258e-06
-1.8876213887704385e-06
-9.484066252871821e-07
1.3849707262123534e-05
2.7565184551802542e-05
4.1015027790749085e-05
5.4070658794831976e-05
6.660632527407728e-05
7.849910083266686e-05
8.963594970433142e-05
9.991090085819388e-05
0.00010922222210461297
0.00011748231072472859
0.00012461062873507457
0.00013053935467588983
0.000135210557716961
0.0001385804364988591
0.0001406136673446251
0.0001412947078363963
0.0001406136673446251
0.0001385804364988591
0.000135210557716961
0.00013053935467588983
0.00012461062873507457
0.00011748231072472859
0.00010922222210461297
9.991090085819388e-05
8.963594970433142e-05
7.849910083266686e-05
6.660632527407728e-05
5.4070658794831976e-05
4.1015027790749085e-05
2.7565184551802542e-05
1.3849707262123534e-05
2.746689021277303e-05
5.4667574082941236e-05
8.134144961195425e-05
0.00010723351914531693
0.00013209438937258926
0.00015568027132738555
0.0001777669912475116
0.00019814438623091125
0.00021661069989161065
0.00023299219756390933
0.0002471291554422445
0.0002588870692692996
0.00026815104999195096
0.0002748342302773482
0.000278866555824806
0.0002802172027420225
0.000278866555824806
0.0002748342302773482
0.00026815104999195096
0.0002588870692692996
0.0002471291554422445
0.00023299219756390933
0.00021661069989161065
0.00019814438623091125
0.0001777669912475116
0.00015568027132738555
0.00013209438937258926
0.00010723351914531693
8.134144961195425e-05
5.4667574082941236e-05
2.746689021277303e-05
3.990314222666134e-05
7.941954720464558e-05
0.00011817061952208996
0.0001557859056039458
0.00019190309371197895
0.00022616801394476888
0.0002582549928297459
0.0002878587114863751
0.00031468606378934366
0.00033848465279741005
0.00035902243616136697
0.0003761040097976726
0.0003895624660516356
0.0003992716064526342
0.00040512965804049005
0.00040709184071272556
0.00040512965804049005
0.0003992716064526342
0.0003895624660516356
0.0003761040097976726
0.00035902243616136697
0.00033848465279741005
0.00031468606378934366
0.0002878587114863751
0.0002582549928297459
0.00022616801394476888
0.00019190309371197895
0.0001557859056039458
0.00011817061952208996
7.941954720464558e-05
3.990314222666134e-05
5.115846330378846e-05
0.0001018211039169159
0.00015150253752115595
0.00019972781817071794
0.0002460324382922452
0.0002899623286848169
0.0003310999544510343
0.00036905387662458547
0.0004034483137978118
0.00043395967642522934
0.000460290470892441
0.0004821901762610087
0.0004994448058960143
0.0005118925650247164
0.0005194029739916772
0.000521918621748505
0.0005194029739916772
0.0005118925650247164
0.0004994448058960143
0.0004821901762610087
0.000460290470892441
0.00043395967642522934
0.0004034483137978118
0.00036905387662458547
0.0003310999544510343
0.0002899623286848169
0.0002460324382922452
0.00019972781817071794
0.00015150253752115595
0.0001018211039169159
5.115846330378846e-05
6.123285344415436e-05
0.0001218722442197518
0.0001813372036091525
0.00023905925684563332
0.0002944824231133889
0.0003470632155475295
0.00039630187611137626
0.00044172988164554175
0.0004828974499170144
0.0005194172684473681
0.0005509332596354685
0.0005771455686593074
0.0005977980695250873
0.0006126971059935948
0.000621686503678367
0.0006246975458493608
0.000621686503678367
0.0006126971059935948
0.0005977980695250873
0.0005771455686593074
0.0005509332596354685
0.0005194172684473681
0.0004828974499170144
0.00044172988164554175
0.00039630187611137626
0.0003470632155475295
0.0002944824231133889
0.00023905925684563332
0.0001813372036091525
0.0001218722442197518
6.123285344415436e-05
7.012631264775904e-05
0.00013957296811315355
0.00020767461778607943
0.0002737802216286926
0.0003372530481754092
0.00039747067453290656
0.00045386075781077176
0.0005058867265492443
0.0005530334721469522
0.0005948574288638259
0.0006309508023904475
0.0006609701869925696
0.0006846222569388549
0.0007016852293592696
0.0007119802471005593
0.0007154286130152934
0.0007119802471005593
0.0007016852293592696
0.0006846222569388549
0.0006609701869925696
0.0006309508023904475
0.0005948574288638259
0.0005530334721469522
0.0005058867265492443
0.00045386075781077176
0.00039747067453290656
0.0003372530481754092
0.0002737802216286926
0.00020767461778607943
0.00013957296811315355
7.012631264775904e-05
7.783884091460254e-05
0.00015492327559712111
0.00023051478005193667
0.00030389071251989505
0.000374344313478307
0.0004411847056409482
0.0005037765995492216
0.0005615244113356929
0.000613856380487624
0.0006602801576746032
0.0007003430991573789
0.000733664031260794
0.0007599173681373167
0.0007788569351217409
0.0007902842042582553
0.0007941118232463024
0.0007902842042582553
0.0007788569351217409
0.0007599173681373167
0.000733664031260794
0.0007003430991573789
0.0006602801576746032
0.000613856380487624
0.0005615244113356929
0.0005037765995492216
0.0004411847056409482
0.000374344313478307
0.00030389071251989505
0.00023051478005193667
0.00015492327559712111
7.783884091460254e-05
8.437043824468485e-05
0.00016792316667165442
0.0002498576904067243
0.00032939072951924096
0.00040575621902208146
0.0004782053088716544
0.0005460494013267253
0.0006086429360048878
0.0006653661749390311
0.0007156854548796993
0.0007591101499362626
0.0007952271014639814
0.0008236834031204726
0.0008442122232810087
0.0008565983751514534
0.0008607471765423877
0.0008565983751514534
0.0008442122232810087
0.0008236834031204726
0.0007952271014639814
0.0007591101499362626
0.0007156854548796993
0.0006653661749390311
0.0006086429360048878
0.0005460494013267253
0.0004782053088716544
0.00040575621902208146
0.00032939072951924096
0.0002498576904067243
0.00016792316667165442
8.437043824468485e-05
8.97211046380059e-05
0.00017857264133675348
0.00026570334885044235
0.0003502802726267303
0.00043148876480673324
0.0005085324842250248
0.0005806791631432827
0.0006472423005568288
0.0007075628555011726
0.0007610733204791143
0.0008072519547270984
0.0008456593976021312
0.0008759203618883227
0.0008977510938370722
0.0009109227597801545
0.0009153346729035495
0.0009109227597801545
0.0008977510938370722
0.0008759203618883227
0.0008456593976021312
0.0008072519547270984
0.0007610733204791143
0.0007075628555011726
0.0006472423005568288
0.0005806791631432827
0.0005085324842250248
0.00043148876480673324
0.0003502802726267303
0.00026570334885044235
0.00017857264133675348
8.97211046380059e-05
9.389084009456581e-05
0.00018687169959241833
0.0002780517553830908
0.00036655934184236325
0.000451541950832262
0.0005321662317010602
0.000607665884998894
0.0006773225049915163
0.0007404464221740493
0.0007964437544728486
0.0008447685135298866
0.0008849609196752446
0.0009166282444408671
0.0009394735467899326
0.0009532573581443582
0.0009578743123297878
0.0009532573581443582
0.0009394735467899326
0.0009166282444408671
0.0008849609196752446
0.0008447685135298866
0.0007964437544728486
0.0007404464221740493
0.0006773225049915163
0.000607665884998894
0.0005321662317010602
0.000451541950832262
0.00036655934184236325
0.0002780517553830908
0.00018687169959241833
9.389084009456581e-05
9.687964461436447e-05
0.00019282034143864893
0.0002869029100046696
0.00037822793716613964
0.0004659157770986677
0.00054910655129976
0.0006270095668935593
0.0006988835493089499
0.0007640168749576606
0.0008217967568609024
0.0008716598263446267
0.0009131316676833202
0.0009458070507781061
0.0009693795821395893
0.000983602170244065
0.0009883660948211026
0.000983602170244065
0.0009693795821395893
0.0009458070507781061
0.0009131316676833202
0.0008716598263446267
0.0008217967568609024
0.0007640168749576606
0.0006988835493089499
0.0006270095668935593
0.00054910655129976
0.0004659157770986677
0.00037822793716613964
0.0002869029100046696
0.00019282034143864893
9.687964461436447e-05
9.868751819740195e-05
0.00019641856687544528
0.0002922568127151788
0.0003852860585980593
0.0004746102436059505
0.0005593534430211243
0.0006387102088272784
0.0007119254335091296
0.0007782742138520064
0.0008371323276432748
0.0008879258931713194
0.000930171641626359
0.0009634567809000389
0.0009874691998860423
0.0010019571960792743
0.0010068100203774939
0.0010019571960792743
0.0009874691998860423
0.0009634567809000389
0.000930171641626359
0.0008879258931713194
0.0008371323276432748
0.0007782742138520064
0.0007119254335091296
0.0006387102088272784
0.0005593534430211243
0.0004746102436059505
0.0003852860585980593
0.0002922568127151788
0.00019641856687544528
9.868751819740195e-05
9.93144608436782e-05
0.0001976663759028074
0.00029411346351461854
0.0003877337061381226
0.00047762535035411044
0.000562906906865153
0.0006427678108000514
0.0007164481575920556
0.0007832184388570873
0.0008424504668199666
0.0008935667140099643
0.0009360808415043606
0.0009695774348066662
0.0009937424000292915
0.0010083224356499864
0.0010132060889989614
0.0010083224356499864
0.0009937424000292915
0.0009695774348066662
0.0009360808415043606
0.0008935667140099643
0.0008424504668199666
0.0007832184388570873
0.0007164481575920556
0.0006427678108000514
0.000562906906865153
0.00047762535035411044
0.0003877337061381226
0.00029411346351461854
0.0001976663759028074
9.93144608436782e-05
9.876047255319325e-05
0.00019656376852073533
0.00029247286240298854
0.00038557087978632925
0.0004749610973431473
0.0005597669428318464
0.0006391823728118779
0.0007124517215577278
0.0007788495499729026
0.0008377511743909774
0.0008885822888605612
0.000930859267317325
0.0009641690124979879
0.0009881991825693372
0.0010026978889562015
0.0010075543006855057
0.0010026978889562015
0.0009881991825693372
0.0009641690124979879
0.000930859267317325
0.0008885822888605612
0.0008377511743909774
0.0007788495499729026
0.0007124517215577278
0.0006391823728118779
0.0005597669428318464
0.0004749610973431473
0.00038557087978632925
0.00029247286240298854
0.00019656376852073533
9.876047255319325e-05
9.70255533259471e-05
0.000193110744729229
0.00028733500938028897
0.0003787975795426795
0.00046661748457306126
0.0005499335509212042
0.0006279538948627587
0.0006999361254061465
0.0007651675471994529
0.0008230344503563072
0.0008729726177231103
0.0009145069190652522
0.0009472315139740035
0.0009708395475061792
0.0009850835559979192
0.0009898546554371263
0.0009850835559979192
0.0009708395475061792
0.0009472315139740035
0.0009145069190652522
0.0008729726177231103
0.0008230344503563072
0.0007651675471994529
0.0006999361254061465
0.0006279538948627587
0.0005499335509212042
0.00046661748457306126
0.0003787975795426795
0.00028733500938028897
0.000193110744729229
9.70255533259471e-05
9.410970316193976e-05
0.00018730730452828838
0.0002786999044465199
0.0003674138054071732
0.00045259451204385226
0.0005334067311332266
0.000609082376952693
0.0006789013691373111
0.000742172430536738
0.0007983002947159566
0.0008467377005976119
0.0008870237967481426
0.0009187649392347137
0.0009416634948398174
0.0009554794367751398
0.0009601071532538233
0.0009554794367751398
0.0009416634948398174
0.0009187649392347137
0.0008870237967481426
0.0008467377005976119
0.0007983002947159566
0.000742172430536738
0.0006789013691373111
0.000609082376952693
0.0005334067311332266
0.00045259451204385226
0.0003674138054071732
0.0002786999044465199
0.00018730730452828838
9.410970316193976e-05
9.001292206117121e-05
0.00017915344791791363
0.00026656754760168107
0.0003514195573798103
0.00043289217975552035
0.0005101864834679136
0.0005825678190816814
0.0006493474527512219
0.0007098641999847577
0.0007635487074699248
0.0008098775374840657
0.0008484099003659954
0.0008787692882801183
0.0009006710245702523
0.0009138855312878632
0.000918311794135597
0.0009138855312878632
0.0009006710245702523
0.0008787692882801183
0.0008484099003659954
0.0008098775374840657
0.0007635487074699248
0.0007098641999847577
0.0006493474527512219
0.0005825678190816814
0.0005101864834679136
0.00043289217975552035
0.0003514195573798103
0.00026656754760168107
0.00017915344791791363
9.001292206117121e-05
8.473521002364144e-05
0.0001686491748981046
0.0002509379388457727
0.0003308148354605908
0.0004075104877080655
0.0004802728079252651
0.0005484102212497236
0.0006112743762478791
0.0006682428555435123
0.0007187796886182122
0.0007623921283824717
0.0007986652299188111
0.0008272445611102169
0.0008478621366974831
0.0008603018395360896
0.000864468578082447
0.0008603018395360896
0.0008478621366974831
0.0008272445611102169
0.0007986652299188111
0.0007623921283824717
0.0007187796886182122
0.0006682428555435123
0.0006112743762478791
0.0005484102212497236
0.0004802728079252651
0.0004075104877080655
0.0003308148354605908
0.0002509379388457727
0.0001686491748981046
8.473521002364144e-05
7.827656704935049e-05
0.00015579448546886132
0.0002318110781787947
0.0003055996396495148
0.00037644943590148765
0.0004436657045052811
0.0005066095834568196
0.0005646821396272824
0.0006173083972130015
0.0006639932381608186
0.0007042814732928299
0.0007377897854065897
0.0007641907577250097
0.0007832368312215105
0.0007947283615198186
0.0007985775050943734
0.0007947283615198186
0.0007832368312215105
0.0007641907577250097
0.0007377897854065897
0.0007042814732928299
0.0006639932381608186
0.0006173083972130015
0.0005646821396272824
0.0005066095834568196
0.0004436657045052811
0.00037644943590148765
0.0003055996396495148
0.0002318110781787947
0.00015579448546886132
7.827656704935049e-05
7.063699313829832e-05
0.00014058937963018383
0.00020918696560074713
0.0002757739699465823
0.00033970902433578685
0.0004003651732079616
0.0004571659057029695
0.0005095707428894319
0.0005570608249932256
0.0005991893560977444
0.0006355455722151402
0.0006657835668293313
0.000689607878124497
0.0007067951081423344
0.0007171650972390503
0.0007206385751713765
0.0007171650972390503
0.0007067951081423344
0.000689607878124497
0.0006657835668293313
0.0006355455722151402
0.0005991893560977444
0.0005570608249932256
0.0005095707428894319
0.0004571659057029695
0.0004003651732079616
0.00033970902433578685
0.0002757739699465823
0.00020918696560074713
0.00014058937963018383
7.063699313829832e-05
6.181648829048494e-05
0.00012303385738207212
0.00018306560111162995
0.00024133782635179333
0.00029728925301096304
0.00035037121403330663
0.0004000791879881732
0.0004459401860343278
0.0004875001388841845
0.0005243680424289891
0.000556184425149403
0.0005826465741870357
0.0006034959223086784
0.0006185369674599543
0.0006276120466937848
0.0006306517883134559
0.0006276120466937848
0.0006185369674599543
0.0006034959223086784
0.0005826465741870357
0.000556184425149403
0.0005243680424289891
0.0004875001388841845
0.0004459401860343278
0.0004000791879881732
0.00035037121403330663
0.00029728925301096304
0.00024133782635179333
0.00018306560111162995
0.00012303385738207212
6.181648829048494e-05
5.1815052505910364e-05
0.00010312791872452616
0.00015344698471144317
0.0002022912088651477
0.0002491901219270164
0.00029368382698131626
0.0003353494303124309
0.0003737904690619698
0.0004086263388858781
0.0004395292971545531
0.00046619803209561796
0.0004883788074797028
0.0005058548902775542
0.0005184624091743708
0.0005260692098840224
0.0005286171445206117
0.0005260692098840224
0.0005184624091743708
0.0005058548902775542
0.0004883788074797028
0.00046619803209561796
0.0004395292971545531
0.0004086263388858781
0.0003737904690619698
0.0003353494303124309
0.00029368382698131626
0.0002491901219270164
0.0002022912088651477
0.00015344698471144317
0.00010312791872452616
5.1815052505910364e-05
4.0632685784574575e-05
8.087156365754596e-05
0.00012033111640018678
0.00015863411748664557
0.0001954116310839467
0.0002303030120519904
0.00026297663267574236
0.000293121591972358
0.0003204394249983064
0.0003446731202744361
0.0003655863930537851
0.0003829802667073328
0.0003966847820311242
0.0004065714332855836
0.0004125365868097626
0.0004145346437928441
0.0004125365868097626
0.0004065714332855836
0.0003966847820311242
0.0003829802667073328
0.0003655863930537851
0.0003446731202744361
0.0003204394249983064
0.000293121591972358
0.00026297663267574236
0.0002303030120519904
0.0001954116310839467
0.00015863411748664557
0.00012033111640018678
8.087156365754596e-05
4.0632685784574575e-05
2.8269388126477592e-05
5.626479218113154e-05
8.371799617786078e-05
0.00011036655221628695
0.0001359537804817541
0.00016022876924532908
0.00018296079507810773
0.00020393355476549247
0.00022293939722146952
0.00023979951178863826
0.00025434950802390453
0.0002664509518699257
0.0002759855975693885
0.0002828640397935927
0.0002870141774710056
0.0002884042861301529
0.0002870141774710056
0.0002828640397935927
0.0002759855975693885
0.0002664509518699257
0.00025434950802390453
0.00023979951178863826
0.00022293939722146952
0.00020393355476549247
0.00018296079507810773
0.00016022876924532908
0.0001359537804817541
0.00011036655221628695
8.371799617786078e-05
5.626479218113154e-05
2.8269388126477592e-05
1.4725159531619398e-05
2.9307604295282887e-05
4.3607624044465196e-05
5.7488513054071736e-05
7.081657012043852e-05
8.346109856133227e-05
9.530191751952694e-05
0.00010622635744137311
0.00011612625555536737
0.00012490847169715957
0.00013248737700597614
0.00013879086296748143
0.00014375733689234713
0.00014734022869839817
0.00014950198186775137
0.00015022607153253824
0.00014950198186775137
0.00014734022869839817
0.00014375733689234713
0.00013879086296748143
0.00013248737700597614
0.00012490847169715957
0.00011612625555536737
0.00010622635744137311
9.530191751952694e-05
8.346109856133227e-05
7.081657012043852e-05
5.7488513054071736e-05
4.3607624044465196e-05
2.9307604295282887e-05
1.4725159531619398e-05
-0.0
-0.0
-0.0
-0.0
-0.0
-0.0
-0.0
-0.0
-0.0
-0.0
-0.0
-0.0
-0.0
-0.0
-0.0
-0.0
-0.0
-0.0
-0.0
-0.0
-0.0
-0.0
-0.0
-0.0
-0.0
-0.0
-0.0
-0.0
-0.0
-0.0
-0.0
