-0.0787537
-0.07736749999999999
-0.0759938
-0.0746327
-0.0732841
-0.0719479
-0.07062410000000001
-0.06931280000000001
-0.0680138
-0.06672719999999999
-0.0654529
-0.064191
-0.0629413
-0.0617039
-0.06047869999999999
-0.0592658
-0.058065099999999994
-0.056876699999999995
-0.055700400000000004
-0.0545363
-0.053384400000000005
-0.0522446
-0.051117
-0.0500015
-0.0488981
-0.0478069
-0.0467278
-0.0456607
-0.04460580000000001
-0.0435629
-0.04253219999999999
-0.0415135
-0.0405069
-0.0395124
-0.038529900000000006
-0.0375595
-0.03660119999999999
-0.035655
-0.0347208
-0.0337986
-0.0328885
-0.0319905
-0.0311045
-0.0302306
-0.0293688
-0.028519
-0.0276813
-0.026855599999999997
-0.026042000000000003
-0.0252405
-0.024451
-0.0236736
-0.0229083
-0.022155
-0.0214137
-0.0206845
-0.0199674
-0.0192623
-0.018569299999999997
-0.0178883
-0.0172193
-0.0165624
-0.0159176
-0.015284799999999998
-0.0146641
-0.014055400000000001
-0.0134588
-0.0128743
-0.012301799999999998
-0.0117413
-0.0111929
-0.0106565
-0.010132200000000001
-0.00961986
-0.00911956
-0.00863127
-0.00815501
-0.00769079
-0.007238600000000001
-0.00679845
-0.00637034
-0.00595427
-0.00555023
-0.00515825
-0.00477831
-0.00441042
-0.00405457
-0.00371076
-0.00337901
-0.0030593000000000005
-0.00275167
-0.00245613
-0.00217265
-0.0019012
-0.00164184
-0.00139453
-0.00115932
-0.0009362010000000001
-0.0007251919999999999
-0.000526291
-0.000339492
-0.000164823
-2.2399099999999998e-06
0.000148176
0.00028654799999999997
0.000412804
0.000527066
0.000629345
0.0007196310000000001
0.000797932
0.000864231
0.000918487
0.000960745
0.000991112
0.00100945
0.00101584
0.00101016
0.000992335
0.000962463
0.000920696
0.0008668110000000001
0.000800727
0.000722558
0.000632219
0.000529844
0.000415454
0.00028901700000000003
0.000150531
-2.93434e-10
