-0.0787534
-0.0773672
-0.07599360000000001
-0.0746325
-0.0732839
-0.0719477
-0.07062389999999999
-0.06931260000000002
-0.0680137
-0.06672710000000001
-0.0654529
-0.0641909
-0.0629413
-0.0617039
-0.0604788
-0.059266
-0.0580653
-0.0568769
-0.05570069999999999
-0.0545366
-0.0533847
-0.05224500000000001
-0.0511174
-0.050002
-0.0488986
-0.0478074
-0.0467283
-0.04566130000000001
-0.044606400000000004
-0.043563599999999994
-0.0425328
-0.0415142
-0.0405076
-0.039513099999999995
-0.0385306
-0.037560199999999995
-0.0366019
-0.035655599999999996
-0.0347214
-0.033799199999999995
-0.032889
-0.031990899999999996
-0.031104900000000005
-0.030231
-0.0293691
-0.028519299999999997
-0.0276815
-0.0268558
-0.0260422
-0.0252406
-0.0244511
-0.0236737
-0.0229083
-0.022155
-0.0214138
-0.020684599999999997
-0.0199674
-0.0192623
-0.0185692
-0.0178882
-0.0172192
-0.0165623
-0.0159174
-0.0152847
-0.0146639
-0.0140553
-0.013458700000000002
-0.012874200000000002
-0.0123017
-0.0117413
-0.011193
-0.010656700000000002
-0.0101324
-0.00962022
-0.00912001
-0.00863183
-0.00815567
-0.00769154
-0.00723943
-0.00679934
-0.00637127
-0.0059552
-0.00555117
-0.00515917
-0.0047792
-0.00441126
-0.00405535
-0.00371145
-0.0033796
-0.00305979
-0.00275204
-0.0024564
-0.00217281
-0.00190127
-0.00164181
-0.0013944
-0.00115911
-0.000935933
-0.0007248910000000001
-0.000525992
-0.000339212
-0.000164565
-2.0159700000000003e-06
0.000148397
0.000286754
0.000413
0.000527252
0.000629516
0.00071979
0.000798068
0.000864356
0.0009186369999999999
0.000960928
0.000991301
0.00100965
0.00101602
0.00101032
0.000992506
0.0009626389999999999
0.000920793
0.0008668339999999999
0.0008007180000000001
0.0007225210000000001
0.000632201
0.000529843
0.00041545199999999997
0.00028901400000000004
0.00015053
-2.4964700000000004e-10
