-0.07875349999999999
-0.0773672
-0.07599360000000001
-0.0746325
-0.07328380000000001
-0.07194760000000001
-0.07062389999999999
-0.06931260000000002
-0.06801360000000001
-0.066727
-0.0654528
-0.0641909
-0.06294119999999999
-0.0617039
-0.06047869999999999
-0.059265899999999996
-0.05806519999999999
-0.056876800000000005
-0.055700599999999996
-0.0545366
-0.0533847
-0.052244900000000004
-0.0511173
-0.0500019
-0.048898500000000004
-0.047807300000000004
-0.0467282
-0.0456612
-0.0446062
-0.0435634
-0.0425326
-0.041513999999999995
-0.0405074
-0.039512900000000004
-0.0385305
-0.0375601
-0.0366017
-0.0356555
-0.034721300000000004
-0.0337991
-0.0328889
-0.031990899999999996
-0.031104800000000002
-0.0302309
-0.029369
-0.0285191
-0.027681400000000002
-0.026855700000000003
-0.026042000000000003
-0.0252405
-0.024451
-0.0236735
-0.0229082
-0.0221549
-0.021413599999999998
-0.0206845
-0.0199673
-0.0192623
-0.0185692
-0.0178882
-0.0172193
-0.0165623
-0.0159175
-0.015284799999999998
-0.0146641
-0.014055400000000001
-0.0134589
-0.0128744
-0.012302
-0.0117417
-0.0111934
-0.0106571
-0.010132899999999999
-0.00962074
-0.00912056
-0.00863235
-0.00815616
-0.00769201
-0.00723988
-0.006799800000000001
-0.00637173
-0.00595569
-0.00555167
-0.00515969
-0.00477975
-0.00441184
-0.00405597
-0.00371207
-0.00338023
-0.00306042
-0.00275267
-0.00245704
-0.00217346
-0.00190186
-0.00164234
-0.0013948
-0.00115938
-0.000936014
-0.000724785
-0.000525682
-0.0003387
-0.000163915
-1.2291200000000001e-06
0.00014911700000000002
0.000287408
0.000413425
0.000527448
0.000629503
0.00071957
0.000797671
0.0008637839999999999
0.000917811
0.000959848
0.000990185
0.0010085
0.00101501
0.00100945
0.000991619
0.0009617339999999999
0.00092025
0.000866652
0.000800708
0.0007226810000000001
0.000632294
0.0005298680000000001
0.00041547199999999996
0.000289029
0.000150537
-6.88439e-10
