Residual: 
10.0117
8.09037
6.54107
5.29171
Residual: 
1.27951
1.0769
0.910768
0.774146
Residual: 
0.151989
0.145326
0.161657
0.191703
0.227493
0.265139
0.30439
0.344811
0.384831
0.42238
0.455564
0.482954
0.503621
0.517065
0.523151
0.522051
0.514201
0.500252
0.48102
0.457429
0.430456
0.401079
0.370233
0.338776
0.307464
0.276936
0.247708
0.220177
0.194623
0.171222
0.150057
0.131136
0.114397
0.0997309
0.0869863
0.0759871
0.0665402
0.0584478
0.0515161
0.0455625
0.0404234
0.0359562
0.032042
0.0285848
0.0255086
0.0227559
0.0202831
0.0180576
0.0160548
0.0142563
0.0126465
0.0112129
0.0099438
0.00882798
0.00785422
0.0070104
0.0062849
0.00566436
0.00513629
0.00468716
0.0043042
0.00397574
0.00369108
0.00344128
0.00321842
0.00301674
0.00283148
0.00265927
0.00249773
0.00234506
0.00220034
0.00206286
0.0019322
0.00180805
0.00169044
0.00157913
0.00147419
0.00137538
0.00128266
0.0011958
0.00111461
0.00103887
0.000968281
0.000902723
0.000841783
0.000785261
0.000732734
0.000684037
0.000638887
0.000596987
0.000558034
0.000521918
0.000488337
0.000457013
0.000427943
0.000400747
0.000375487
0.000351944
0.000329932
0.000309407
0.000290184
0.000272232
0.000255422
0.000239742
0.000225
0.000211242
0.000198246
0.000186221
0.000174851
0.000164201
0.000154283
0.000144885
0.000136094
0.000127957
0.000120149
0.000112874
0.000106066
9.96433e-05
Residual: 
1.27951
1.0769
0.910768
0.774146
Residual: 
4.27683
3.46471
2.80979
2.28169
Residual: 
1.85595
1.51282
1.23638
1.01377
Residual: 
0.262539
0.284716
0.393366
0.6248
Residual: 
0.18897
0.125624
0.0894101
0.0811461
0.0876119
0.0980341
0.109411
0.121261
0.133124
0.1443
0.154096
0.161983
0.167638
0.170914
0.171801
0.170393
0.166867
0.161462
0.154458
0.146162
0.136891
0.126957
0.116655
0.106252
0.0959806
0.0860371
0.076578
0.0677216
0.0595503
0.0521139
0.0454332
0.0395045
0.0343038
0.0297902
0.0259104
0.0226019
0.0197964
0.0174237
0.015415
0.0137059
0.0122392
0.010966
0.00984676
0.00885036
0.00795364
0.00713971
0.00639679
0.00571661
0.00509365
0.00452387
0.00400435
0.00353274
0.00310676
0.0027242
0.00238295
0.0020805
0.00181431
0.00158166
0.00137974
0.0012056
0.00105626
0.000928763
0.000820184
0.000727719
0.000648777
0.000581025
0.000522397
0.000471091
0.000425747
0.000385187
0.000348535
0.0003152
0.00028457
0.00025642
0.000230458
0.000206513
0.000184448
0.00016419
0.000145647
0.000128712
0.000113365
9.94864e-05
Residual: 
0.262539
0.284716
0.393366
0.6248
Residual: 
0.834116
0.689672
0.573557
0.480269
Residual: 
0.405341
0.345144
0.296723
0.257674
Residual: 
0.0736212
0.0911494
0.143625
0.239887
Residual: 
0.0728657
0.0493926
0.0363638
0.0340613
0.0371666
0.0415289
0.0460322
0.0505513
0.0549779
0.0590918
0.0626511
0.065465
0.0674158
0.0684522
0.0685756
0.0678264
0.0662748
0.0640128
0.0611475
0.0577952
0.0540759
0.0501075
0.0460021
0.0418616
0.0377756
0.0338201
0.0300563
0.0265312
0.0232781
0.0203179
0.0176604
0.015306
0.0132467
0.0114678
0.00994917
0.00866639
0.00759184
0.00669625
0.00595015
0.00532539
0.00479654
0.00434191
0.00394393
0.00358918
0.00326786
0.00297316
0.00270067
0.00244758
0.00221223
0.00199367
0.00179136
0.0016049
0.00143397
0.00127819
0.0011371
0.00101006
0.000896449
0.000795396
0.000706026
0.000627415
0.000558544
0.000498412
0.000446016
0.000400391
0.000360651
0.000325948
0.000295512
0.00026871
0.000244964
0.000223821
0.00020487
0.000187801
0.000172367
0.000158343
0.000145597
0.000133974
0.000123386
0.000113726
0.000104922
9.68961e-05
Residual: 
0.0736212
0.0911494
0.143625
0.239887
Residual: 
0.228106
0.202114
0.180725
0.16294
Residual: 
0.147979
0.135233
0.124236
0.114629
Residual: 
0.0329591
0.0297032
0.0369071
0.0498135
Residual: 
0.0282964
0.0266456
0.0276033
0.0293006
0.0307706
0.03169
0.0320562
0.0319821
0.0316075
0.0310629
0.0304539
0.0298502
0.0292828
0.0287476
0.0282168
0.0276526
0.0270189
0.0262895
0.0254514
0.0245047
0.02346
0.0223357
0.0211543
0.0199401
0.0187162
0.017504
0.0163215
0.0151829
0.0140991
0.0130772
0.0121212
0.0112328
0.0104112
0.00965417
0.00895839
0.00831979
0.00773391
0.00719623
0.00670228
0.00624793
0.00582925
0.00544277
0.00508531
0.00475412
0.00444674
0.00416103
0.0038951
0.00364731
0.00341619
0.00320044
0.0029989
0.00281055
0.00263444
0.00246972
0.0023156
0.00217136
0.00203634
0.00190994
0.00179158
0.00168074
0.00157691
0.00147966
0.00138853
0.00130314
0.00122311
0.00114811
0.00107778
0.00101185
0.000950009
0.000892029
0.000837633
0.000786606
0.000738732
0.000693804
0.000651654
0.000612072
0.00057493
0.000540057
0.000507321
0.000476577
0.000447708
0.000420595
0.000395136
0.000371217
0.000348755
0.000327659
0.000307841
0.000289215
0.000271718
0.000255281
0.000239841
0.000225326
0.000211699
0.0001989
0.000186863
0.000175559
0.00016494
0.000154957
0.000145586
0.000136773
0.00012849
0.000120709
0.000113415
0.000106546
0.000100091
9.40298e-05
Residual: 
0.0329591
0.0297032
0.0369071
0.0498135
Residual: 
0.107233
0.0995281
0.0925927
0.0863033
Residual: 
0.0805642
0.0753004
0.0704525
0.0659723
Residual: 
0.0187802
0.0173333
0.0197599
0.0260202
Residual: 
0.0147543
0.0142928
0.0153019
0.0166943
0.0178179
0.0185226
0.0188744
0.0189816
0.0189387
0.018818
0.0186705
0.0185251
0.0183876
0.0182432
0.0180643
0.0178195
0.0174818
0.0170339
0.0164699
0.0157943
0.0150205
0.0141676
0.0132579
0.0123149
0.011361
0.0104165
0.00949877
0.00862201
0.00779687
0.00703079
0.00632816
0.00569075
0.00511808
0.00460786
0.00415641
0.00375908
0.00341063
0.00310553
0.0028383
0.0026037
0.00239695
0.00221377
0.00205048
0.00190398
0.00177167
0.00165145
0.00154163
0.00144084
0.00134797
0.00126213
0.00118258
0.00110871
0.00104
0.000976001
0.000916315
0.000860596
0.000808527
0.000759831
0.000714238
0.000671525
0.000631479
0.000593895
0.000558609
0.000525449
0.000494277
0.000464955
0.000437368
0.0004114
0.000386951
0.000363929
0.000342246
0.000321829
0.000302602
0.00028449
0.00026744
0.000251392
0.000236282
0.000222055
0.000208672
0.000196084
0.000184241
0.000173099
0.000162624
0.000152778
0.000143519
0.000134815
0.000126637
0.000118954
0.000111735
0.000104948
9.85733e-05
Residual: 
0.0187802
0.0173333
0.0197599
0.0260202
Residual: 
0.0623096
0.0583841
0.0547376
0.051345
Residual: 
0.0481842
0.0452357
0.042483
0.0399104
Residual: 
0.0112514
0.0101762
0.0105539
0.0136837
Residual: 
0.00827576
0.00901371
0.0107373
0.0125883
0.0142166
0.0156079
0.0168152
0.0178599
0.0187284
0.0193952
0.0198411
0.0200584
0.0200509
0.0198302
0.0194131
0.0188196
0.0180721
0.0171945
0.0162122
0.0151508
0.0140361
0.0128927
0.0117437
0.0106098
0.00950888
0.00845605
0.00746316
0.00653906
0.00568975
0.00491866
0.00422697
0.00361392
0.00307721
0.00261327
0.00221751
0.00188454
0.00160833
0.00138227
0.00119939
0.0010525
0.000934518
0.000838867
0.000759804
0.000692663
0.000633898
0.000580997
0.000532309
0.000486819
0.000443971
0.000403519
0.000365385
0.000329586
0.00029618
0.000265238
0.000236791
0.000210855
0.000187409
0.000166395
0.000147722
0.000131266
0.000116896
0.000104423
9.36811e-05
Residual: 
0.0112514
0.0101762
0.0105539
0.0136837
Residual: 
0.0376792
0.0354017
0.033273
0.0312816
Residual: 
0.029418
0.0276726
0.0260372
0.0245045
Residual: 
0.00703179
0.00663342
0.00916079
0.0140628
Residual: 
0.00270007
0.00187682
0.00155953
0.00154614
0.00169159
0.00185849
0.00199123
0.00208501
0.00214971
0.002194
0.00222184
0.002234
0.00223017
0.00221026
0.00217478
0.00212473
0.00206134
0.00198595
0.00189995
0.00180478
0.00170197
0.00159317
0.00148014
0.00136469
0.00124866
0.00113377
0.00102167
0.000913776
0.000811318
0.000715277
0.000626394
0.000545176
0.000471913
0.0004067
0.000349458
0.000299956
0.00025783
0.000222588
0.000193619
0.000170199
0.000151511
0.000136687
0.000124866
0.000115263
0.000107216
0.000100209
9.38727e-05
Residual: 
0.00703179
0.00663342
0.00916079
0.0140628
Residual: 
0.0230573
0.0216995
0.020427
0.0192336
Residual: 
0.018114
0.0170632
0.0160764
0.0151496
Residual: 
0.00446245
0.00408959
0.00544413
0.00796513
Residual: 
0.00100584
0.000628944
0.00057314
0.000588969
0.000639469
0.000698594
0.000746754
0.000777726
0.000792899
0.000795677
0.000788994
0.000774873
0.000754758
0.000729894
0.000701488
0.000670693
0.000638512
0.000605707
0.000572767
0.000539942
0.000507308
0.000474858
0.000442569
0.000410458
0.000378607
0.000347162
0.000316324
0.000286329
0.000257423
0.000229844
0.000203807
0.000179488
0.000157025
0.000136509
0.00011799
0.000101478
8.69436e-05
Residual: 
0.00446245
0.00408959
0.00544413
0.00796513
Residual: 
0.0142463
0.0134227
0.0126495
0.0119233
Residual: 
0.0112409
0.0105993
0.00999583
0.00942832
Residual: 
0.00290525
0.00338046
0.00501626
0.00787047
Residual: 
0.00519898
0.00553526
0.00655934
0.00767272
0.00873249
0.00972808
0.0106559
0.0114936
0.0122073
0.0127645
0.0131424
0.0133309
0.0133321
0.0131576
0.0128263
0.012361
0.0117866
0.0111283
0.0104102
0.00965479
0.00888209
0.00810961
0.00735214
0.00662187
0.00592847
0.00527929
0.00467955
0.00413263
0.00364023
0.00320258
0.00281868
0.00248634
0.00220239
0.00196275
0.00176262
0.00159664
0.00145926
0.00134499
0.00124877
0.00116622
0.00109372
0.00102849
0.000968456
0.000912216
0.000858835
0.000807764
0.000758708
0.000711545
0.000666268
0.000622912
0.000581548
0.000542241
0.000505039
0.000469972
0.000437042
0.000406229
0.000377481
0.000350738
0.000325911
0.00030291
0.000281627
0.000261956
0.000243782
0.000226999
0.000211497
0.000197177
0.000183941
0.000171695
0.000160361
0.000149858
0.000140117
0.000131074
0.000122672
0.000114857
0.000107582
0.000100805
9.44857e-05
Residual: 
0.00290525
0.00338046
0.00501626
0.00787047
Residual: 
0.00907607
0.00855805
0.00807101
0.00761276
Residual: 
0.00718162
0.00677573
0.00639355
0.00603356
Residual: 
0.00201348
0.00196467
0.00277087
0.00403834
Residual: 
0.000513422
0.000296697
0.000232416
0.000225802
0.000232566
0.000244677
0.000260337
0.000276942
0.000291865
0.00030333
0.000310448
0.00031295
0.000310943
0.000304758
0.000294862
0.000281811
0.000266217
0.000248711
0.000229919
0.000210434
0.000190793
0.000171469
0.000152853
0.000135259
0.000118919
0.000103992
9.05676e-05
Residual: 
0.00201348
0.00196467
0.00277087
0.00403834
Residual: 
0.0056665
0.00534581
0.00504402
0.00475982
Residual: 
0.981848
0.924086
0.870466
0.820506
Residual: 
0.279072
0.292739
0.451024
0.745573
Residual: 
0.206987
0.177764
0.193166
0.225601
0.267399
0.314379
0.364294
0.414864
0.46349
0.507731
0.545654
0.575921
0.597734
0.610748
0.615009
0.61089
0.599044
0.580345
0.555828
0.52662
0.493881
0.458746
0.422276
0.385426
0.349023
0.31375
0.280148
0.248618
0.219434
0.192753
0.168636
0.147059
0.127935
0.111125
0.0964545
0.0837282
0.0727375
0.0632731
0.0551326
0.0481266
0.0420843
0.0368552
0.0323111
0.0283443
0.0248676
0.0218101
0.0191158
0.0167396
0.0146457
0.0128048
0.0111925
0.00978736
0.00857033
0.00752376
0.00663017
0.00587265
0.00523422
0.00469825
0.00424806
0.00386874
0.00354585
0.00326707
0.00302246
0.0028036
0.00260426
0.00242013
0.00224785
0.00208559
0.0019318
0.00178604
0.00164777
0.00151681
0.00139353
0.00127751
0.00116914
0.00106817
0.000974583
0.000888387
0.000809191
0.000736961
0.000671036
0.000611299
0.000557369
0.00050871
0.000464969
0.00042567
0.000390428
0.000358816
0.00033036
0.000304894
0.000281851
0.000261115
0.000242316
0.000225266
0.000209668
0.000195411
0.000182361
0.000170277
0.000159241
0.000148987
0.000139445
0.000130569
0.000122376
0.000114744
0.000107598
0.000100913
9.47172e-05
Residual: 
0.279072
0.292739
0.451024
0.745573
Residual: 
0.761939
0.71856
0.677937
0.639829
Residual: 
0.604032
0.57037
0.538687
0.508847
Residual: 
0.168479
0.155765
0.210733
0.328857
Residual: 
0.0794372
0.0559869
0.0430741
0.0407449
0.0448935
0.0503379
0.0552566
0.0595895
0.063561
0.067221
0.0704515
0.0730818
0.0749699
0.0760314
0.076237
0.0756007
0.0741679
0.0720068
0.0692027
0.0658534
0.0620645
0.0579459
0.0536066
0.0491515
0.0446776
0.0402713
0.0360071
0.031946
0.028136
0.0246123
0.021398
0.0185057
0.0159385
0.0136914
0.0117527
0.0101046
0.00872438
0.00758479
0.00665511
0.0059023
0.00529288
0.00479503
0.00438056
0.00402621
0.00371408
0.0034314
0.0031696
0.00292342
0.00268996
0.00246789
0.00225685
0.00205701
0.0018688
0.00169263
0.00152883
0.00137759
0.00123887
0.00111253
0.000998163
0.000895265
0.00080317
0.00072118
0.000648457
0.000584177
0.000527486
0.000477529
0.000433514
0.000394685
0.000360358
0.000329903
0.000302787
0.00027853
0.000256743
0.000237089
0.000219278
0.000203078
0.000188312
0.000174815
0.000162472
0.000151111
0.000140698
0.000131123
0.000122295
0.000114171
0.000106675
9.97548e-05
Residual: 
0.168479
0.155765
0.210733
0.328857
Residual: 
0.477656
0.451173
0.426225
0.402711
Residual: 
0.380538
0.359623
0.339888
0.321262
Residual: 
0.103517
0.0914222
0.120495
0.183088
Residual: 
0.0372974
0.0260696
0.0206085
0.0198021
0.0218783
0.0244847
0.0267189
0.0285458
0.0301152
0.0315096
0.0327203
0.0336941
0.0343764
0.034731
0.0347429
0.0344141
0.0337594
0.0328026
0.0315744
0.0301112
0.0284536
0.0266449
0.0247297
0.0227519
0.0207533
0.018772
0.0168418
0.014991
0.0132427
0.0116145
0.0101186
0.00876263
0.00754989
0.00648004
0.00554957
0.00475228
0.00407967
0.00352114
0.00306427
0.00269516
0.00239901
0.00216099
0.00196725
0.00180576
0.00166689
0.00154344
0.00143041
0.00132462
0.0012242
0.00112825
0.00103645
0.000948797
0.000865536
0.000786927
0.000713196
0.000644558
0.000581106
0.000522864
0.000469775
0.000421691
0.000378402
0.00033964
0.000305107
0.000274472
0.00024738
0.000223476
0.000202401
0.000183837
0.000167457
0.000152968
0.00014012
0.000128679
0.000118445
0.000109249
0.000100954
9.34425e-05
Residual: 
0.103517
0.0914222
0.120495
0.183088
Residual: 
0.302446
0.285809
0.270117
0.255312
Residual: 
0.24134
0.22815
0.215696
0.203934
Residual: 
0.0636062
0.0535149
0.0688608
0.102018
Residual: 
0.0173202
0.0118616
0.00962316
0.00934725
0.0103422
0.0115789
0.012607
0.0133944
0.0140216
0.0145492
0.0149933
0.0153421
0.0155771
0.015684
0.0156561
0.0154928
0.0151987
0.0147812
0.014251
0.0136207
0.0129053
0.0121215
0.0112871
0.01042
0.0095381
0.00865803
0.0077949
0.00696179
0.00616957
0.00542681
0.0047398
0.00411272
0.00354784
0.00304573
0.00260552
0.00222513
0.0019014
0.0016303
0.00140694
0.0012257
0.00108037
0.000964441
0.000871533
0.000795797
0.000732299
0.000677183
0.000627659
0.000581852
0.000538621
0.000497332
0.000457723
0.000419741
0.000383441
0.000348954
0.000316408
0.000285927
0.000257577
0.000231416
0.000207451
0.000185652
0.000165956
0.000148268
0.000132481
0.00011846
0.00010607
9.51587e-05
Residual: 
0.0636062
0.0535149
0.0688608
0.102018
Residual: 
0.192247
0.181721
0.171788
0.162411
Residual: 
0.153556
0.145194
0.137295
0.129832
Residual: 
0.0390132
0.0309897
0.0388261
0.0561163
Residual: 
0.00803538
0.00530407
0.00439491
0.00428925
0.00474612
0.00532723
0.00580717
0.00616072
0.00642712
0.00664142
0.00681776
0.00695511
0.00704688
0.00708709
0.00707236
0.00700187
0.00687663
0.006699
0.00647244
0.00620154
0.00589193
0.00555023
0.00518377
0.00480028
0.00440756
0.0040131
0.00362384
0.0032459
0.00288448
0.00254375
0.00222689
0.00193609
0.00167266
0.00143714
0.00122936
0.00104859
0.000893616
0.000762814
0.000654192
0.000565424
0.000493899
0.000436809
0.0003913
0.000354652
0.000324468
0.000298797
0.000276165
0.00025555
0.000236289
0.000217997
0.000200484
0.000183682
0.000167597
0.000152275
0.000137771
0.000124141
0.000111431
9.96659e-05
Residual: 
0.0390132
0.0309897
0.0388261
0.0561163
Residual: 
0.122442
0.115763
0.109458
0.103502
Residual: 
0.0978768
0.092562
0.0875391
0.0827926
Residual: 
0.0238779
0.0177293
0.0214855
0.0302384
Residual: 
0.00376738
0.00236415
0.00198322
0.00193045
0.00213375
0.00240653
0.00263509
0.00280284
0.00292839
0.00302998
0.00311563
0.00318531
0.00323573
0.00326355
0.00326664
0.00324408
0.00319589
0.00312277
0.00302602
0.00290754
0.0027698
0.0026158
0.00244896
0.00227292
0.00209141
0.00190807
0.00172627
0.001549
0.00137886
0.00121791
0.00106776
0.000929551
0.000803974
0.000691348
0.000591656
0.000504602
0.000429655
0.000366091
0.000313012
0.000269376
0.000234009
0.000205645
0.000182979
0.000164747
0.000149814
0.000137227
0.000126257
0.000116374
0.00010723
9.86124e-05
Residual: 
0.0238779
0.0177293
0.0214855
0.0302384
Residual: 
0.0780774
0.0738325
0.0698221
0.0660338
Residual: 
0.0624535
0.0590694
0.0558706
0.0528465
Residual: 
0.0145715
0.0100507
0.0116895
0.0159494
Residual: 
0.00180234
0.00107645
0.000903462
0.000870588
0.000962159
0.00109432
0.00120847
0.00129513
0.00136336
0.00142198
0.00147439
0.0015198
0.00155583
0.00158022
0.00159146
0.00158883
0.00157218
0.00154184
0.00149849
0.0014432
0.00137735
0.00130259
0.00122079
0.0011339
0.00104393
0.000952782
0.000862231
0.000773842
0.000688946
0.000608618
0.000533678
0.000464702
0.000402043
0.000345855
0.000296123
0.000252691
0.00021528
0.000183517
0.000156944
0.000135035
0.000117201
0.000102819
9.12508e-05
Residual: 
0.0145715
0.0100507
0.0116895
0.0159494
Residual: 
0.0498295
0.0471266
0.0445723
0.042158
Residual: 
0.0398758
0.0377177
0.0356771
0.0337468
Residual: 
0.00885067
0.00567187
0.00629304
0.0082746
Residual: 
0.000889384
0.000519353
0.000431332
0.000410236
0.000456023
0.000525675
0.000588042
0.000638363
0.000681156
0.000720293
0.000756625
0.000788951
0.00081549
0.000834756
0.000845826
0.000848289
0.000842133
0.000827643
0.00080535
0.000775993
0.000740487
0.000699883
0.000655319
0.000607967
0.000558979
0.000509446
0.000460354
0.000412565
0.000366798
0.000323623
0.000283468
0.000246623
0.000213256
0.000183427
0.000157106
0.000134185
0.000114494
9.78096e-05
Residual: 
0.00885067
0.00567187
0.00629304
0.0082746
Residual: 
0.0318168
0.0300929
0.0284628
0.0269214
Residual: 
0.0254639
0.0240851
0.0227812
0.0215474
Residual: 
0.00533809
0.00319743
0.00337756
0.00425681
Residual: 
0.000463205
0.000277638
0.000226956
0.000214361
0.000241494
0.000282351
0.00031995
0.00035212
0.000381098
0.000408355
0.000433717
0.000456106
0.000474347
0.000487571
0.000495293
0.000497358
0.000493857
0.000485067
0.000471415
0.000453444
0.000431792
0.000407159
0.00038028
0.000351887
0.000322686
0.000293327
0.00026439
0.000236371
0.000209674
0.000184615
0.00016142
0.000140239
0.000121146
0.000104156
8.92318e-05
Residual: 
0.00533809
0.00319743
0.00337756
0.00425681
Residual: 
0.0203131
0.0192114
0.0181693
0.0171837
Residual: 
0.0162512
0.015369
0.0145343
0.0137448
Residual: 
0.00318971
0.00180323
0.00181829
0.00219314
Residual: 
0.000264608
0.000169072
0.00013591
0.000128432
0.000146246
0.000171979
0.00019605
0.00021746
0.000237295
0.000256025
0.00027324
0.000288159
0.000300054
0.000308438
0.000313074
0.000313931
0.000311127
0.000304899
0.00029557
0.000283534
0.000269234
0.000253145
0.000235748
0.00021752
0.000198908
0.000180316
0.000162102
0.000144563
0.000127939
0.000112413
9.81102e-05
Residual: 
0.00318971
0.00180323
0.00181829
0.00219314
Residual: 
0.0129557
0.0122505
0.0115836
0.0109527
Residual: 
0.0103555
0.00979057
0.00925602
0.00875035
Residual: 
0.00188567
0.0010177
0.000986257
0.00114694
Residual: 
0.000169873
0.000115238
9.10094e-05
Residual: 
0.00188567
0.0010177
0.000986257
0.00114694
Residual: 
0.00824599
0.0077948
0.0073677
0.00696362
Residual: 
0.597336
0.564136
0.532856
0.503371
Residual: 
0.162022
0.117318
0.133602
0.179977
Residual: 
0.0280099
0.0191882
0.0146647
0.0128885
0.0136272
0.0152011
0.01662
0.0177472
0.0187089
0.0196052
0.0204495
0.0212013
0.0218075
0.0222265
0.0224334
0.0224181
0.0221817
0.0217329
0.0210868
0.0202633
0.0192869
0.0181853
0.0169881
0.0157256
0.0144276
0.0131219
0.0118337
0.010585
0.00939387
0.00827466
0.00723797
0.00629091
0.00543743
0.00467872
0.00401358
0.0034388
0.00294944
0.00253908
0.0022
0.00192342
0.00169983
0.00151942
0.00137282
0.00125155
0.00114859
0.00105844
0.000977159
0.000902089
0.00083157
0.000764685
0.000701006
0.000640413
0.000582961
0.000528767
0.000477975
0.000430686
0.000386981
0.000346878
0.000310333
0.000277255
0.000247512
0.000220921
0.000197286
0.000176376
0.000157957
0.000141777
0.000127599
0.000115183
0.000104305
9.47534e-05
Residual: 
0.162022
0.117318
0.133602
0.179977
Residual: 
0.473096
0.446928
0.422252
0.398974
Residual: 
0.377008
0.356276
0.336705
0.318225
Residual: 
0.0975541
0.0703969
0.078884
0.103456
Residual: 
0.010274
0.00560461
0.00484357
0.0047508
0.00523155
0.00593346
0.00654751
0.0070105
0.00736793
0.00767031
0.00793989
0.00817481
0.00836299
0.00849217
0.00855391
0.00854382
0.00846069
0.00830567
0.00808191
0.0077944
0.00744992
0.00705681
0.00662462
0.00616364
0.00568438
0.00519711
0.0047114
0.0042358
0.00377766
0.00334297
0.00293638
0.00256121
0.00221957
0.00191248
0.00164004
0.00140151
0.00119555
0.00102021
0.000873118
0.00075149
0.000652212
0.000571944
0.000507263
0.000454855
0.000411723
0.000375333
0.000343699
0.000315368
0.000289355
0.000265035
0.00024205
0.000220232
0.000199523
0.000179924
0.000161476
0.000144219
0.000128194
0.000113416
9.98994e-05
Residual: 
0.0975541
0.0703969
0.078884
0.103456
Residual: 
0.299414
0.282939
0.267392
0.252717
Residual: 
0.238861
0.225777
0.21342
0.201748
Residual: 
0.0585689
0.0395223
0.0430341
0.0552013
Residual: 
0.00502302
0.00240183
0.00213769
0.00215571
0.0023612
0.00266327
0.00293461
0.00313728
0.0032855
0.00340159
0.00349835
0.00357848
0.00363946
0.00367776
0.00369077
0.00367706
0.0036361
0.00356806
0.00347366
0.0033543
0.00321206
0.00304976
0.00287083
0.00267914
0.00247881
0.00227401
0.00206869
0.00186649
0.00167061
0.0014837
0.00130788
0.00114472
0.000995269
0.000860117
0.000739436
0.000633051
0.000540495
0.000461058
0.000393828
0.00033773
0.000291545
0.000253947
0.000223548
0.000198966
0.000178903
0.000162216
0.00014797
0.000135448
0.000124139
0.000113703
0.00010393
9.47051e-05
Residual: 
0.0585689
0.0395223
0.0430341
0.0552013
Residual: 
0.190021
0.1796
0.169762
0.160473
Residual: 
0.151701
0.143415
0.135587
0.128191
Residual: 
0.0348256
0.0453781
0.0738619
0.120283
Residual: 
0.0843599
0.0908053
0.108434
0.127442
0.144836
0.160181
0.173573
0.185001
0.19427
0.201126
0.205366
0.206914
0.205834
0.202309
0.196611
0.189069
0.18003
0.169847
0.158852
0.147352
0.135621
0.123894
0.112372
0.10122
0.0905685
0.0805197
0.0711476
0.0625022
0.0546128
0.0474913
0.0411348
0.035528
0.0306453
0.0264525
0.0229071
0.0199586
0.0175481
0.0156088
0.0140675
0.0128482
0.0118772
0.0110881
0.0104255
0.00984676
0.0093208
0.00882696
0.00835247
0.0078905
0.007438
0.00699454
0.00656127
0.00614
0.00573279
0.00534165
0.00496823
0.00461392
0.00427963
0.00396581
0.00367262
0.0033998
0.00314687
0.00291303
0.00269746
0.00249897
0.00231655
0.00214899
0.00199518
0.0018539
0.00172417
0.00160491
0.00149516
0.00139409
0.00130082
0.00121469
0.001135
0.00106122
0.000992774
0.000929222
0.000870166
0.00081519
0.000764
0.00071624
0.000671694
0.000630084
0.000591227
0.000554872
0.000520882
0.000489046
0.000459253
0.000431324
0.000405145
0.000380609
0.000357574
0.000335976
0.000315721
0.000296699
0.000278818
0.000262045
0.000246274
0.000231442
0.000217509
0.000204425
0.000192135
0.000180573
0.000169696
0.000159478
0.000149863
0.000140832
0.000132331
0.000124353
0.000116848
0.000109788
0.000103158
9.69165e-05
Residual: 
0.0348256
0.0453781
0.0738619
0.120283
Residual: 
0.122155
0.11546
0.10914
0.103171
Residual: 
0.0975331
0.0922069
0.0871744
0.0824188
Residual: 
0.0218977
0.0138975
0.0149837
0.0185517
Residual: 
0.00131313
0.000601634
0.000461815
0.000424663
0.000410744
0.000427116
0.000464389
0.000510933
0.000560857
0.00061103
0.000658641
0.000700917
0.000735555
0.000761001
0.000776469
0.00078181
0.000777359
0.000763801
0.000742068
0.000713263
0.000678594
0.000639324
0.000596713
0.000551978
0.00050625
0.000460549
0.000415759
0.00037262
0.000331722
0.000293507
0.000258284
0.000226233
0.000197428
0.000171845
0.000149384
0.000129877
0.000113107
9.88183e-05
Residual: 
0.0218977
0.0138975
0.0149837
0.0185517
Residual: 
0.0776207
0.0733804
0.0693744
0.0655893
Residual: 
0.0620121
0.0586312
0.0554355
0.0524145
Residual: 
0.0127129
0.0174261
0.0288988
0.0471932
Residual: 
0.0332253
0.0356857
0.0425581
0.050004
0.0568033
0.0627549
0.0678922
0.0722233
0.0756927
0.0782184
0.0797353
0.080222
0.0797072
0.0782642
0.0759989
0.0730369
0.0695124
0.0655591
0.0613038
0.0568627
0.0523386
0.0478208
0.0433842
0.0390904
0.0349886
0.0311164
0.0275013
0.0241618
0.0211088
0.0183466
0.0158741
0.0136857
0.0117723
0.0101216
0.00871846
0.00754535
0.00658186
0.00580466
0.00518761
0.00470273
0.00432178
0.00401838
0.00376972
0.0035576
0.00336849
0.00319314
0.00302566
0.0028627
0.00270272
0.00254528
0.00239068
0.00223958
0.00209279
0.00195114
0.00181535
0.00168604
0.00156365
0.00144847
0.00134065
0.00124014
0.00114685
0.00106056
0.000980971
0.000907728
0.000840443
0.000778705
0.00072209
0.000670185
0.000622574
0.000578901
0.000538789
0.00050189
0.000467934
0.000436624
0.000407717
0.000380982
0.00035623
0.000333259
0.000311949
0.000292145
0.000273702
0.000256525
0.000240505
0.000225559
0.000211599
0.000198559
0.00018637
0.000174954
0.000164268
0.000154266
0.000144899
0.00013611
0.000127867
0.000120136
0.000112896
0.000106077
9.96891e-05
Residual: 
0.0127129
0.0174261
0.0288988
0.0471932
Residual: 
0.0497419
0.0470196
0.0444476
0.0420174
Residual: 
0.0397207
0.0375498
0.0354976
0.0335577
Residual: 
0.00783072
0.00478048
0.00520098
0.00640768
Residual: 
0.000428085
0.000244529
0.000204579
0.000202816
0.00021098
0.000224225
0.000239977
0.000256213
0.000271567
0.00028509
0.000296077
0.000304018
0.000308595
0.000309681
0.000307322
0.000301704
0.000293122
0.000281953
0.000268622
0.000253585
0.000237301
0.000220218
0.000202753
0.000185287
0.000168148
0.000151616
0.00013591
0.000121198
0.000107596
9.51723e-05
Residual: 
0.00783072
0.00478048
0.00520098
0.00640768
Residual: 
0.0316143
0.0298844
0.0282493
0.0267034
Residual: 
0.0252419
0.02386
0.0225532
0.0213176
Residual: 
0.00443005
0.0061223
0.0101843
0.0166543
Residual: 
0.0117833
0.0126577
0.0150981
0.0177434
0.0201536
0.0222534
0.0240548
0.0255633
0.0267631
0.0276283
0.0281387
0.0282883
0.0280883
0.027565
0.0267558
0.0257047
0.0244588
0.0230645
0.021566
0.0200037
0.0184131
0.0168253
0.0152662
0.0137571
0.012315
0.0109529
0.00968044
0.00850396
0.00742726
0.00645186
0.00557739
0.00480196
0.00412243
0.00353465
0.00303359
0.00261338
0.00226729
0.00198758
0.00176556
0.0015917
0.00145617
0.00134956
0.00126353
0.0011913
0.00112779
0.00106941
0.0010139
0.000959931
0.00090686
0.000854492
0.000802897
0.000752311
0.000703019
0.000655327
0.000609508
0.000565797
0.000524366
0.000485328
0.000448756
0.000414664
0.000383018
0.000353757
0.000326787
0.000301985
0.000279234
0.000258388
0.000239302
0.000221837
0.000205851
0.000191213
0.000177794
0.000165479
0.000154161
0.000143749
0.000134149
0.000125281
0.000117082
0.000109493
0.000102452
9.59149e-05
Residual: 
0.00443005
0.0061223
0.0101843
0.0166543
Residual: 
0.0201123
0.0190072
0.0179624
0.0169748
Residual: 
0.016041
0.0151581
0.0143232
0.0135338
Residual: 
0.00266369
0.00373851
0.00626499
0.0102624
Residual: 
0.00722696
0.00775167
0.00923308
0.0108393
0.0123053
0.0135863
0.0146893
0.0156166
0.0163572
0.0168942
0.0172142
0.0173129
0.0171967
0.0168813
0.0163895
0.0157483
0.0149864
0.0141328
0.0132146
0.0122567
0.0112813
0.0103076
0.00935153
0.00842635
0.00754257
0.00670821
0.00592915
0.00520931
0.00455102
0.00395516
0.0034215
0.00294884
0.00253519
0.00217795
0.00187395
0.00161946
0.0014102
0.00124124
0.00110708
0.00100178
0.000919268
0.000853844
0.000800526
0.000755311
0.000715207
0.000678144
0.000642806
0.000608434
0.00057467
0.000541409
0.000508704
0.000476698
0.000445565
0.000415487
0.000386621
0.000359105
0.000333039
0.00030849
0.000285494
0.000264052
0.000244143
0.000225721
0.000208728
0.00019309
0.000178725
0.000165542
0.000153461
0.000142389
0.000132238
0.000122929
0.000114383
0.000106525
9.92953e-05
Residual: 
0.00266369
0.00373851
0.00626499
0.0102624
Residual: 
0.0127579
0.0120518
0.0113844
0.0107536
Residual: 
0.0101574
0.00959382
0.00906104
0.00855742
Residual: 
0.00159665
0.000944317
0.000984374
0.00115253
Residual: 
7.79096e-05
Residual: 
0.00159665
0.000944317
0.000984374
0.00115253
Residual: 
0.00806069
0.00761189
0.00718765
0.00678663
Residual: 
0.484539
0.457919
0.432781
0.409038
Residual: 
0.124468
0.0950162
0.111443
0.15036
Residual: 
0.0142909
0.00744123
0.00662765
0.00651101
0.00694676
0.00767786
0.00832404
0.00876173
0.00902952
0.00919938
0.00932021
0.00941062
0.00947056
0.00949349
0.00947271
0.00940314
0.00928107
0.00910379
0.00886979
0.00857917
0.00823413
0.00783918
0.00740101
0.00692805
0.00642993
0.00591678
0.00539865
0.004885
0.00438431
0.00390384
0.0034495
0.00302579
0.00263588
0.00228171
0.0019641
0.00168294
0.00143732
0.00122565
0.00104583
0.000895246
0.00077093
0.000669579
0.000587676
0.000521651
0.000468071
0.000423865
0.000386451
0.000353829
0.000324538
0.000297595
0.000272389
0.000248562
0.000225959
0.000204522
0.000184258
0.000165211
0.000147422
0.000130928
0.000115752
0.0001019
8.93524e-05
Residual: 
0.124468
0.0950162
0.111443
0.15036
Residual: 
0.384515
0.363389
0.343444
0.324612
Residual: 
0.306826
0.290027
0.274159
0.259168
Residual: 
0.0751794
0.0541436
0.0618945
0.0816431
Residual: 
0.00723121
0.00331886
0.00293851
0.00290786
0.00302161
0.00327364
0.00352371
0.00369847
0.00379832
0.00384859
0.00387133
0.0038781
0.00387263
0.00385509
0.00382474
0.00378071
0.00372197
0.00364722
0.00355512
0.00344458
0.0033152
0.0031675
0.00300303
0.00282423
0.00263428
0.00243677
0.00223548
0.00203411
0.0018361
0.00164448
0.0014618
0.00129008
0.00113082
0.000985009
0.000853194
0.000735512
0.000631764
0.000541463
0.000463884
0.00039811
0.000343062
0.000297535
0.000260234
0.000229825
0.000204996
0.000184531
0.00016737
0.000152641
0.000139678
0.000127999
0.000117277
0.000107305
9.79646e-05
Residual: 
0.0751794
0.0541436
0.0618945
0.0816431
Residual: 
0.244045
0.23066
0.218025
0.206094
Residual: 
0.194825
0.184181
0.174125
0.164624
Residual: 
0.0450082
0.0304764
0.0337421
0.0434228
Residual: 
0.00375171
0.00165357
0.00140125
0.00137183
0.00139727
0.00149252
0.00160034
0.00168172
0.00173153
0.00175861
0.00177208
0.00177714
0.00177577
0.00176838
0.00175493
0.00173526
0.00170905
0.00167578
0.00163485
0.00158571
0.00152811
0.00146219
0.00138858
0.00130831
0.00122278
0.00113358
0.00104243
0.000950998
0.000860873
0.000773452
0.000689923
0.000611233
0.000538094
0.000470985
0.000410177
0.000355753
0.000307637
0.000265613
0.000229359
0.000198457
0.000172415
0.000150688
0.000132694
0.000117842
0.000105556
9.53076e-05
Residual: 
0.0450082
0.0304764
0.0337421
0.0434228
Residual: 
0.155133
0.146647
0.138633
0.131063
Residual: 
0.123912
0.117156
0.110771
0.104738
Residual: 
0.0266405
0.016913
0.0179926
0.0224091
Residual: 
0.00187742
0.000808816
0.000673495
0.000658392
0.000674226
0.000726937
0.000786973
0.000835171
0.000869313
0.000893585
0.000911852
0.000925894
0.000935962
0.000941705
0.000942715
0.000938669
0.000929316
0.000914442
0.000893896
0.000867657
0.000835888
0.000798977
0.00075753
0.00071234
0.000664332
0.0006145
0.000563843
0.000513316
0.000463784
0.000415998
0.000370578
0.000328006
0.000288631
0.000252675
0.000220246
0.000191353
0.000165919
0.000143798
0.000124782
0.000108617
9.5014e-05
Residual: 
0.0266405
0.016913
0.0179926
0.0224091
Residual: 
0.0987368
0.0933482
0.0882574
0.0834471
Residual: 
0.0789011
0.0746045
0.0705426
0.0667028
Residual: 
0.0155784
0.0208389
0.0342289
0.0558432
Residual: 
0.039429
0.0424371
0.0506737
0.0595767
0.067692
0.0747833
0.0808949
0.0860399
0.0901547
0.0931434
0.0949305
0.0954921
0.0948641
0.0931345
0.0904298
0.0868996
0.0827032
0.0779988
0.0729367
0.0676542
0.0622732
0.0568991
0.0516208
0.0465114
0.0416291
0.0370189
0.0327133
0.0287346
0.0250959
0.0218024
0.018853
0.0162412
0.0139562
0.0119835
0.0103057
0.00890197
0.00774861
0.00681826
0.00608021
0.00550135
0.00504809
0.00468871
0.00439567
0.00414686
0.00392587
0.00372136
0.00352619
0.00333625
0.00314961
0.00296579
0.00278511
0.00260838
0.00243657
0.00227071
0.00211166
0.00196017
0.00181679
0.00168188
0.0015556
0.00143798
0.00132885
0.00122799
0.00113501
0.00104954
0.000971072
0.000899161
0.000833262
0.000772946
0.000717681
0.000667011
0.000620527
0.000577816
0.000538537
0.000502346
0.000468969
0.000438123
0.000409567
0.000383113
0.000358552
0.000335742
0.000314505
0.000294738
0.00027631
0.000259119
0.000243072
0.00022808
0.000214062
0.000200956
0.000188675
0.000177178
0.000166407
0.000156331
0.000146858
0.00013798
0.000129655
0.000121838
0.000114494
0.000107607
0.000101131
9.50349e-05
Residual: 
0.0155784
0.0208389
0.0342289
0.0558432
Residual: 
0.0631948
0.0597434
0.056482
0.0533996
Residual: 
0.0504862
0.0477318
0.045128
0.0426659
Residual: 
0.00965661
0.0135754
0.0227169
0.0371656
Residual: 
0.0260946
0.0279923
0.0333358
0.039134
0.0444311
0.0490646
0.0530577
0.0564173
0.0591019
0.0610499
0.062212
0.0625724
0.062154
0.061014
0.0592352
0.0569157
0.05416
0.0510724
0.0477518
0.0442886
0.0407627
0.0372434
0.0337887
0.0304463
0.0272541
0.024241
0.0214281
0.0188296
0.0164537
0.0143037
0.0123785
0.0106738
0.00918235
0.00789465
0.00679916
0.0058823
0.00512841
0.00451964
0.00403591
0.00365569
0.00335716
0.00311982
0.00292585
0.00276092
0.00261437
0.00247882
0.00234957
0.00222391
0.00210054
0.00197911
0.00185976
0.00174306
0.00162957
0.00151996
0.00141479
0.00131455
0.00121961
0.00113016
0.00104636
0.000968205
0.000895597
0.000828392
0.000766371
0.000709261
0.000656777
0.000608581
0.000564389
0.000523837
0.000486646
0.000452519
0.000421161
0.000392331
0.000365785
0.000341307
0.000318704
0.000297802
0.000278443
0.000260498
0.000243835
0.000228335
0.000213928
0.000200488
0.000187971
0.000176289
0.000165376
0.00015518
0.000145651
0.000136725
0.000128382
0.000120558
0.000113234
0.000106369
9.99266e-05
Residual: 
0.00965661
0.0135754
0.0227169
0.0371656
Residual: 
0.0404574
0.0382373
0.0361401
0.0341585
Residual: 
0.0322854
0.0305153
0.0288419
0.0272598
Residual: 
0.00597701
0.00869007
0.0146847
0.024036
Residual: 
0.0167988
0.0179666
0.0213543
0.0250421
0.0284182
0.0313763
0.0339288
0.0360788
0.0377991
0.0390495
0.039798
0.0400337
0.0397706
0.0390449
0.0379091
0.0364261
0.0346629
0.0326866
0.0305608
0.0283436
0.0260865
0.023834
0.0216234
0.0194853
0.0174438
0.0155176
0.0137199
0.0120598
0.0105424
0.00916972
0.00794103
0.00685343
0.00590226
0.00508134
0.0043832
0.00379902
0.00331868
0.00293061
0.00262187
0.00237866
0.00218711
0.00203421
0.00190871
0.00180162
0.00170622
0.00161788
0.00153362
0.00145177
0.00137147
0.00129249
0.00121495
0.00113915
0.00106548
0.000994337
0.000926085
0.000861032
0.000799376
0.000741287
0.000686821
0.000635996
0.000588751
0.000544978
0.000504545
0.000467276
0.000432986
0.000401471
0.000372532
0.000345956
0.000321558
0.000299138
0.000278521
0.000259542
0.000242059
0.000225922
0.000211008
0.000197214
0.000184427
0.000172567
0.000161548
0.000151303
0.000141763
0.000132872
0.00012459
0.000116849
0.000109619
0.000102868
9.65508e-05
Residual: 
0.00597701
0.00869007
0.0146847
0.024036
Residual: 
0.025843
0.0244158
0.0230681
0.0217947
Residual: 
0.0205914
0.0194545
0.0183798
0.0173644
Residual: 
0.00368007
0.00544149
0.00923166
0.0151041
Residual: 
0.0105239
0.0112334
0.0133358
0.0156281
0.0177296
0.0195744
0.0211696
0.0225161
0.0235962
0.0243838
0.0248583
0.0250123
0.0248539
0.0244054
0.0236995
0.0227755
0.0216752
0.0204408
0.0191122
0.017726
0.0163145
0.0149059
0.0135234
0.0121864
0.0109101
0.00970603
0.00858266
0.00754559
0.00659804
0.00574122
0.00497467
0.00429655
0.00370386
0.00319272
0.00275835
0.00239515
0.00209666
0.0018555
0.00166348
0.00151192
0.00139215
0.0012961
0.00121687
0.00114891
0.00108815
0.00103176
0.000977934
0.00092564
0.00087438
0.000824015
0.000774611
0.00072636
0.000679507
0.000634289
0.000590935
0.000549617
0.000510473
0.000473591
0.000439011
0.000406732
0.000376717
0.000348897
0.000323183
0.000299471
0.000277637
0.000257558
0.000239102
0.000222143
0.000206563
0.000192233
0.000179041
0.000166894
0.000155692
0.000145345
0.000135781
0.000126928
0.000118719
0.000111099
0.000104018
9.74287e-05
Residual: 
0.00368007
0.00544149
0.00923166
0.0151041
Residual: 
0.0164407
0.0155261
0.0146626
0.0138468
Residual: 
0.0130764
0.0123486
0.0116607
0.011011
Residual: 
0.00224673
0.00332561
0.00564203
0.00922552
Residual: 
0.00641727
0.00684414
0.00812116
0.00951323
0.0107905
0.0119139
0.0128879
0.0137125
0.0143761
0.0148621
0.0151574
0.0152568
0.0151651
0.0148957
0.0144683
0.0139069
0.0132371
0.0124847
0.0116742
0.010828
0.00996598
0.00910545
0.00826083
0.00744396
0.00666421
0.00592874
0.00524271
0.00460961
0.00403141
0.00350887
0.00304168
0.0026287
0.00226811
0.00195745
0.00169375
0.00147352
0.00129269
0.00114665
0.00103032
0.000938327
0.000865364
0.000806553
0.00075774
0.000715629
0.000677794
0.000642569
0.000608897
0.000576174
0.000544124
0.000512657
0.000481831
0.000451763
0.000422594
0.000394474
0.000367535
0.00034188
0.000317591
0.000294714
0.000273269
0.000253259
0.000234649
0.0002174
0.000201457
0.000186749
0.000173201
0.000160738
0.000149276
0.000138739
0.000129048
0.000120132
0.000111924
0.000104358
9.73767e-05
Residual: 
0.00224673
0.00332561
0.00564203
0.00922552
Residual: 
0.0104038
0.00982062
0.00926985
0.00874975
Residual: 
0.0082588
0.00779514
0.00735708
0.00694339
Residual: 
0.00135827
0.000896194
0.00105405
0.00135531
Residual: 
0.000105846
7.47555e-05
Residual: 
0.00135827
0.000896194
0.00105405
0.00135531
Residual: 
0.00653356
0.00616559
0.00581812
0.00548999
Residual: 
0.397345
0.375565
0.354993
0.33556
Residual: 
0.0971333
0.0715987
0.0827573
0.110142
Residual: 
0.00984111
0.00468691
0.00415984
0.00405644
0.00420462
0.00456412
0.00491464
0.00515548
0.00529581
0.00537682
0.00543041
0.00547039
0.00549801
0.00550949
0.00550044
0.00546717
0.00540672
0.0053166
0.00519492
0.00504074
0.00485439
0.00463773
0.00439403
0.00412785
0.00384459
0.00355014
0.00325047
0.00295132
0.00265789
0.00237471
0.00210554
0.00185328
0.00162007
0.00140726
0.00121553
0.001045
0.000895263
0.000765495
0.000654542
0.000560963
0.000483083
0.00041904
0.000366847
0.000324468
0.000289932
0.000261433
0.000237427
0.000216677
0.000198255
0.000181512
0.000166017
0.000151514
0.000137861
0.000124995
0.000112897
0.000101574
9.10397e-05
Residual: 
0.0971333
0.0715987
0.0827573
0.110142
Residual: 
0.315758
0.298451
0.282108
0.266672
Residual: 
0.252091
0.238316
0.225302
0.213004
Residual: 
0.0582273
0.0405853
0.0456576
0.0592755
Residual: 
0.00512152
0.00229262
0.00193598
0.00187079
0.00187373
0.00197361
0.00209703
0.00218961
0.00224273
0.00226789
0.00227751
0.00227868
0.00227388
0.00226331
0.00224648
0.00222279
0.00219148
0.0021516
0.00210208
0.00204201
0.00197086
0.00188868
0.00179617
0.00169462
0.00158581
0.00147183
0.0013549
0.00123725
0.00112096
0.00100792
0.000899697
0.000797578
0.000702522
0.000615191
0.000535965
0.000464981
0.000402158
0.000347239
0.000299813
0.000259352
0.000225226
0.000196732
0.000173118
0.00015362
0.000137489
0.000124037
0.00011266
0.000102859
9.42443e-05
Residual: 
0.0582273
0.0405853
0.0456576
0.0592755
Residual: 
0.200709
0.189725
0.179352
0.169554
Residual: 
0.160298
0.151553
0.143288
0.135478
Residual: 
0.0345858
0.0227093
0.0246997
0.0311835
Residual: 
0.00265015
0.00119124
0.000959807
0.000911999
0.000897648
0.000931377
0.000983707
0.00102754
0.00105568
0.00107129
0.00107903
0.00108183
0.00108091
0.00107656
0.00106879
0.00105752
0.00104252
0.00102347
0.000999925
0.000971507
0.000937985
0.000899387
0.00085603
0.000808507
0.000757629
0.000704356
0.000649714
0.000594733
0.000540379
0.000487519
0.000436891
0.00038909
0.000344566
0.000303626
0.000266449
0.000233094
0.000203522
0.000177604
0.000155141
0.000135877
0.00011951
0.000105708
9.41216e-05
Residual: 
0.0345858
0.0227093
0.0246997
0.0311835
Residual: 
0.127721
0.120744
0.114153
0.107925
Residual: 
0.10204
0.0964787
0.0912216
0.086252
Residual: 
0.0203088
0.0271997
0.0446557
0.072797
Residual: 
0.0512118
0.0550752
0.0657298
0.0772474
0.0877634
0.0969823
0.10496
0.111706
0.117126
0.121087
0.123482
0.124277
0.123513
0.121304
0.117815
0.11324
0.107787
0.101666
0.0950714
0.0881857
0.0811688
0.0741597
0.0672753
0.060612
0.0542464
0.0482376
0.0426286
0.0374485
0.0327144
0.0284332
0.0246032
0.0212158
0.0182563
0.0157058
0.0135402
0.0117318
0.0102484
0.0090527
0.00810363
0.00735718
0.00676944
0.00629956
0.00591261
0.00558076
0.0052837
0.00500741
0.00474311
0.00448586
0.00423343
0.00398519
0.00374172
0.00350399
0.00327335
0.00305101
0.00283808
0.00263553
0.00244395
0.0022638
0.00209522
0.0019382
0.00179251
0.00165784
0.0015336
0.00141931
0.00131431
0.00121797
0.00112963
0.00104862
0.00097431
0.000906109
0.000843468
0.000785835
0.000732756
0.000683829
0.000638625
0.000596807
0.000558082
0.000522161
0.000488799
0.000457783
0.00042892
0.000402013
0.00037693
0.000353518
0.000331657
0.000311244
0.000292118
0.000274248
0.000257505
0.000241843
0.000227155
0.000213389
0.000200458
0.000188367
0.000176989
0.000166301
0.000156298
0.000146881
0.00013805
0.000129734
0.000121927
0.000114602
0.000107692
0.000101228
9.51352e-05
Residual: 
0.0203088
0.0271997
0.0446557
0.072797
Residual: 
0.0817767
0.0773044
0.0730791
0.0690862
Residual: 
0.0653126
0.0617458
0.058374
0.0551864
Residual: 
0.0126468
0.0178356
0.0298366
0.0487674
Residual: 
0.0341296
0.0365877
0.0435495
0.0511039
0.0580148
0.0640755
0.0693157
0.0737399
0.0772889
0.0798767
0.0814352
0.0819408
0.0814217
0.0799518
0.0776392
0.0746124
0.0710092
0.0669668
0.0626156
0.058075
0.0534509
0.0488346
0.0443029
0.039919
0.0357328
0.0317827
0.0280965
0.0246928
0.0215826
0.0187699
0.0162535
0.0140275
0.0120822
0.0104049
0.0089799
0.00778899
0.00681098
0.0060216
0.00539397
0.00489942
0.00450933
0.00419706
0.00393972
0.00371918
0.00352194
0.00333876
0.00316379
0.00299365
0.00282678
0.00266275
0.00250185
0.00234473
0.00219218
0.00204501
0.00190399
0.00176966
0.00164252
0.0015228
0.00141065
0.00130606
0.0012089
0.00111894
0.00103587
0.000959336
0.000888933
0.000824262
0.000764875
0.000710357
0.000660292
0.000614307
0.000572026
0.000533078
0.000497199
0.000464083
0.000433486
0.000405163
0.000378913
0.000354568
0.000331936
0.000310907
0.00029131
0.000273062
0.000256023
0.000240138
0.000225291
0.000211419
0.000198425
0.000186302
0.000174923
0.000164269
0.000154296
0.000144938
0.000136167
0.000127943
0.000120216
0.000112963
0.000106152
9.97625e-05
Residual: 
0.0126468
0.0178356
0.0298366
0.0487674
Residual: 
0.0523733
0.0494959
0.0467777
0.0442096
Residual: 
0.0417832
0.0394901
0.0373226
0.0352738
Residual: 
0.00785497
0.0114641
0.0193635
0.0316614
Residual: 
0.0220697
0.0235918
0.0280283
0.0328581
0.0372841
0.0411693
0.0445297
0.0473671
0.0496435
0.051304
0.0523047
0.0526299
0.0522973
0.0513539
0.0498686
0.0479241
0.0456089
0.0430114
0.0402157
0.0372987
0.0343285
0.0313641
0.0284548
0.0256411
0.0229549
0.0204208
0.0180566
0.015874
0.0138798
0.0120768
0.0104638
0.00903704
0.00779022
0.00671512
0.0058017
0.0050381
0.00441068
0.00390387
0.00350041
0.00318197
0.00293024
0.0027283
0.0025616
0.00241853
0.00229052
0.00217166
0.00205817
0.00194791
0.00183981
0.00173362
0.00162949
0.0015278
0.00142908
0.00133384
0.00124253
0.00115554
0.00107314
0.000995521
0.000922768
0.000854858
0.000791716
0.000733224
0.000679163
0.000629306
0.000583411
0.000541207
0.00050242
0.000466779
0.00043403
0.000403914
0.000376209
0.000350679
0.000327148
0.000305403
0.000285315
0.000266713
0.000249461
0.000233452
0.000218567
0.000204732
0.000191844
0.000179826
0.00016862
0.000158156
0.000148382
0.000139249
0.000130706
0.000122709
0.000115216
0.0001082
0.000101633
9.5463e-05
Residual: 
0.00785497
0.0114641
0.0193635
0.0316614
Residual: 
0.0334683
0.0316182
0.0298711
0.0282208
Residual: 
0.0266618
0.0251887
0.0237968
0.0224815
Residual: 
0.00484572
0.00323484
0.00387334
0.00506719
Residual: 
0.000429113
0.000311831
0.000266037
0.000265287
0.000281187
0.000298443
0.000311774
0.000320003
0.000323244
0.000321939
0.000316597
0.000307753
0.000295972
0.000281844
0.000265968
0.000248928
0.000231262
0.000213448
0.000195886
0.000178894
0.000162707
0.000147487
0.000133328
0.000120269
0.00010831
9.7415e-05
Residual: 
0.00484572
0.00323484
0.00387334
0.00506719
Residual: 
0.0211615
0.0199908
0.0188843
0.0178386
Residual: 
0.0168502
0.0159161
0.0150331
0.0141985
Residual: 
0.00271813
0.00386768
0.00647615
0.0105863
Residual: 
0.00746623
0.00800433
0.00953366
0.0111933
0.0127071
0.0140274
0.0151612
0.0161114
0.0168679
0.0174141
0.0177371
0.0178327
0.0177079
0.017379
0.0168695
0.0162072
0.0154216
0.0145422
0.0135971
0.0126116
0.0116085
0.0106073
0.00962435
0.00867316
0.00776443
0.00690635
0.0061049
0.0053641
0.00468629
0.00407238
0.00352211
0.00303428
0.00260686
0.00223724
0.00192219
0.00165802
0.00144041
0.00126449
0.00112472
0.00101511
0.000929483
0.000861942
0.000807285
0.000761289
0.000720765
0.000683504
0.000648073
0.00061365
0.000579819
0.000546459
0.000513616
0.000481425
0.000450068
0.000419732
0.000390586
0.000362774
0.000336405
0.000311553
0.000288256
0.000266528
0.000246346
0.000227672
0.000210444
0.000194591
0.000180034
0.000166685
0.000154452
0.000143244
0.00013298
0.000123568
0.000114936
0.000107007
9.97164e-05
Residual: 
0.00271813
0.00386768
0.00647615
0.0105863
Residual: 
0.0133671
0.0126229
0.0119195
0.0112549
Residual: 
0.0106268
0.0100333
0.00947235
0.00894227
Residual: 
0.00162788
0.00230853
0.00387005
0.00633368
Residual: 
0.00445826
0.00478019
0.00569133
0.00667837
0.00757899
0.00836609
0.00904397
0.00961404
0.0100695
0.0103999
0.0105971
0.0106581
0.0105869
0.0103931
0.0100907
0.00969614
0.00922732
0.00870188
0.00813662
0.00754691
0.00694641
0.00634688
0.00575824
0.00518864
0.00464452
0.00413086
0.00365124
0.00320811
0.00280286
0.00243607
0.00210756
0.0018166
0.00156197
0.00134205
0.0011549
0.000998216
0.000869359
0.000765305
0.00068266
0.000617766
0.000566907
0.000526564
0.00049368
0.000465789
0.000441052
0.000418197
0.00039641
0.000375225
0.000354415
0.000333922
0.000313772
0.00029405
0.000274867
0.000256333
0.000238546
0.000221591
0.000205526
0.000190396
0.000176221
0.000163002
0.000150725
0.000139366
0.000128884
0.000119239
0.000110375
0.000102243
9.47877e-05
Residual: 
0.00162788
0.00230853
0.00387005
0.00633368
Residual: 
0.00840771
0.00793551
0.0074894
0.00706801
Residual: 
0.00667
0.00629399
0.00593871
0.00560313
Residual: 
0.000970534
0.00135575
0.00226807
0.00371393
Residual: 
0.00260843
0.0027959
0.00332757
0.00390246
0.00442745
0.0048878
0.0052862
0.00562308
0.00589383
0.00609178
0.00621159
0.00625132
0.00621298
0.0061021
0.0059268
0.00569684
0.00542264
0.00511467
0.00478287
0.00443637
0.00408326
0.00373058
0.00338422
0.00304904
0.00272891
0.00242678
0.0021448
0.00188444
0.00164654
0.00143143
0.00123902
0.00106885
0.000920196
0.000792086
0.000683315
0.000592481
0.000517953
0.000457866
0.000410145
0.000372585
0.000342981
0.000319291
0.00029976
0.000283002
0.000267992
0.00025403
0.000240677
0.000227679
0.000214923
0.000202383
0.00019008
0.000178067
0.000166408
0.000155165
0.000144396
0.000134145
0.000124446
0.000115321
0.000106778
9.8815e-05
Residual: 
0.000970534
0.00135575
0.00226807
0.00371393
Residual: 
0.00526106
0.00496262
0.00468076
0.00441471
Residual: 
0.332913
0.314725
0.297539
0.2813
Residual: 
0.0774787
0.0520309
0.0571051
0.0743475
Residual: 
0.00756682
0.00415282
0.00359698
0.00339314
0.00346182
0.00370497
0.00393358
0.00407128
0.00412861
0.0041401
0.00413247
0.00411787
0.00409832
0.00407166
0.0040351
0.00398628
0.00392313
0.0038437
0.00374612
0.00362901
0.00349177
0.00333489
0.00315998
0.00296966
0.00276734
0.00255692
0.00234246
0.00212797
0.00191715
0.00171329
0.00151911
0.0013368
0.00116796
0.00101366
0.000874484
0.000750584
0.000641746
0.000547454
0.000466935
0.000399198
0.000343068
0.000297208
0.000260159
0.000230398
0.000206421
0.000186839
0.000170462
0.000156337
0.00014376
0.000132246
0.000121486
0.000111302
0.000101604
9.23617e-05
Residual: 
0.0774787
0.0520309
0.0571051
0.0743475
Residual: 
0.264954
0.250473
0.236795
0.223871
Residual: 
0.21166
0.20012
0.189214
0.178906
Residual: 
0.0462219
0.0314854
0.0351432
0.0455424
Residual: 
0.00401156
0.0018171
0.0015402
0.00148642
0.00147802
0.00154266
0.0016278
0.00169051
0.00172223
0.00173089
0.00172622
0.00171447
0.00169847
0.00167921
0.00165697
0.00163171
0.00160307
0.00157032
0.0015325
0.00148858
0.00143777
0.00137972
0.00131458
0.00124298
0.001166
0.001085
0.00100152
0.000917128
0.000833337
0.000751527
0.000672885
0.000598388
0.000528786
0.000464607
0.000406178
0.000353638
0.000306967
0.000266009
0.000230492
0.000200052
0.00017425
0.000152589
0.000134539
0.000119552
0.000107096
9.6672e-05
Residual: 
0.0462219
0.0314854
0.0351432
0.0455424
Residual: 
0.168658
0.15945
0.15075
0.14253
Residual: 
0.134761
0.127419
0.120479
0.113918
Residual: 
0.0273277
0.0176305
0.0191062
0.0241074
Residual: 
0.00208473
0.000948258
0.00076465
0.000724444
0.000707596
0.000727068
0.000762211
0.00079197
0.000809986
0.000818205
0.000820158
0.00081829
0.000813772
0.00080706
0.000798337
0.000787647
0.000774891
0.000759801
0.000741996
0.000721082
0.000696767
0.000668943
0.000637732
0.000603476
0.000566705
0.000528075
0.000488317
0.000448175
0.000408359
0.000369516
0.000332203
0.000296873
0.000263874
0.000233451
0.000205747
0.000180823
0.000158658
0.000139167
0.00012221
0.000107603
9.51265e-05
Residual: 
0.0273277
0.0176305
0.0191062
0.0241074
Residual: 
0.107433
0.10157
0.09603
0.0907938
Residual: 
0.0858443
0.0811654
0.0767417
0.0725591
Residual: 
0.015991
0.00973616
0.0101632
0.0123728
Residual: 
0.00103026
0.000465748
0.000375843
0.000358451
0.000355552
0.000371462
0.000394583
0.000414893
0.000429842
0.000440509
0.000448366
0.000454192
0.000458158
0.000460166
0.000460075
0.000457756
0.000453092
0.000445964
0.000436274
0.000423977
0.000409116
0.000391841
0.000372412
0.000351184
0.00032858
0.000305064
0.000281105
0.000257155
0.000233629
0.000210887
0.00018923
0.000168892
0.000150044
0.000132795
0.000117198
0.000103259
9.09376e-05
Residual: 
0.015991
0.00973616
0.0101632
0.0123728
Residual: 
0.0684303
0.0646945
0.0611632
0.0578245
Residual: 
0.0546677
0.0516828
0.0488603
0.0461908
Residual: 
0.00925917
0.00530708
0.00530559
0.00616206
Residual: 
0.00049196
0.000219747
0.000188511
0.000187926
0.000197855
0.000217194
0.00023775
0.000255319
0.000269747
0.000281995
0.000292656
0.000301756
0.000309028
0.000314171
0.000316965
0.000317283
0.000315076
0.000310358
0.0003032
0.000293739
0.000282178
0.000268784
0.000253876
0.000237807
0.00022095
0.000203674
0.000186327
0.00016923
0.000152658
0.00013684
0.000121959
0.000108146
9.5488e-05
Residual: 
0.00925917
0.00530708
0.00530559
0.00616206
Residual: 
0.0435575
0.0411745
0.0389211
0.03679
Residual: 
0.0347749
0.032869
0.0310664
0.0293613
Residual: 
0.00530994
0.00286403
0.0027374
0.00300551
Residual: 
0.000255804
0.000128391
0.000114728
0.00011769
0.000131681
0.000150521
0.000168212
0.000183311
0.000196436
0.000208235
0.000218815
0.000227905
0.00023514
0.000240227
0.000242993
0.000243379
0.000241408
0.000237171
0.000230817
0.000222548
0.00021261
0.000201289
0.000188891
0.000175735
0.000162133
0.000148383
0.000134755
0.000121483
0.000108764
9.67558e-05
Residual: 
0.00530994
0.00286403
0.0027374
0.00300551
Residual: 
0.0276813
0.02616
0.0247211
0.0233604
Residual: 
0.0220733
0.0208559
0.0197046
0.0186157
Residual: 
0.00302255
0.00154083
0.00141623
0.00147761
Residual: 
0.000171944
0.000105589
8.87786e-05
Residual: 
0.00302255
0.00154083
0.00141623
0.00147761
Residual: 
0.0175441
0.0165729
0.0156544
0.0147859
Residual: 
0.0139644
0.0131876
0.0124531
0.0117585
Residual: 
0.00171471
0.00083771
0.000755539
0.000781289
Residual: 
0.000135967
9.14401e-05
Residual: 
0.00171471
0.00083771
0.000755539
0.000781289
Residual: 
0.0110755
0.0104565
0.00987125
0.00931791
Residual: 
0.00879477
0.00830029
0.00783274
0.00739086
Residual: 
0.000975304
0.000469685
0.000431098
0.000474214
Residual: 
0.000108235
7.48137e-05
Residual: 
0.000975304
0.000469685
0.000431098
0.000474214
Residual: 
0.00695659
0.00656312
0.00619149
0.00584011
Residual: 
0.275243
0.260216
0.246016
0.232597
Residual: 
0.0619646
0.0439754
0.0500949
0.0663002
Residual: 
0.00598043
0.00281844
0.00251103
0.00244551
0.00248353
0.00264173
0.00280868
0.00291873
0.00296884
0.00297968
0.00297074
0.00295302
0.00293055
0.00290384
0.00287223
0.00283469
0.00278989
0.00273616
0.00267166
0.00259472
0.00250424
0.00239996
0.00228251
0.00215338
0.00201477
0.0018693
0.00171983
0.00156923
0.0014202
0.00127519
0.00113627
0.0010051
0.000882962
0.00077072
0.000668889
0.000577666
0.000496969
0.000426487
0.000365716
0.000313999
0.000270547
0.000234471
0.000204807
0.000180555
0.000160723
0.000144382
0.00013071
0.000119023
0.000108789
9.96173e-05
Residual: 
0.0619646
0.0439754
0.0500949
0.0663002
Residual: 
0.219162
0.207193
0.195885
0.1852
Residual: 
0.175104
0.165561
0.156541
0.148015
Residual: 
0.0368062
0.0249119
0.0277676
0.0359206
Residual: 
0.00317615
0.00144767
0.00120572
0.00115358
0.00113155
0.00116472
0.00121862
0.0012598
0.00127927
0.00128142
0.00127304
0.00125892
0.00124152
0.00122199
0.00120089
0.00117847
0.00115468
0.00112904
0.00110082
0.00106915
0.00103328
0.000992714
0.000947365
0.000897518
0.000843798
0.000787084
0.000728406
0.000668856
0.000609504
0.000551342
0.000495238
0.000441912
0.00039193
0.000345699
0.000303477
0.000265391
0.000231448
0.000201553
0.000175527
0.000153121
0.000134029
0.000117906
0.00010438
9.3069e-05
Residual: 
0.0368062
0.0249119
0.0277676
0.0359206
Residual: 
0.139594
0.131973
0.124773
0.117969
Residual: 
0.111538
0.105459
0.099713
0.0942804
Residual: 
0.0216711
0.0139208
0.0150585
0.0189487
Residual: 
0.00164425
0.000759971
0.000604952
0.000568393
0.000549736
0.00055847
0.000580862
0.000600903
0.000612867
0.000617526
0.00061725
0.000613863
0.000608367
0.000601265
0.00059284
0.000583248
0.000572494
0.000560422
0.000546748
0.000531144
0.000513337
0.000493178
0.000470687
0.000446052
0.000419607
0.000391795
0.000363121
0.000334109
0.000305272
0.000277077
0.000249932
0.000224173
0.00020006
0.000177778
0.00015744
0.000139095
0.000122733
0.000108297
9.56873e-05
Residual: 
0.0216711
0.0139208
0.0150585
0.0189487
Residual: 
0.0889314
0.0840761
0.0794874
0.0751501
Residual: 
0.0710499
0.0671732
0.063508
0.060042
Residual: 
0.0126343
0.00766856
0.00798327
0.00967575
Residual: 
0.000805267
0.000371057
0.000298395
0.00028359
0.000279894
0.000290275
0.000306571
0.000321234
0.000332066
0.000339662
0.000345039
0.000348787
0.00035108
0.000351901
0.000351189
0.000348881
0.000344906
0.000339182
0.000331633
0.000322212
0.000310939
0.000297909
0.000283304
0.000267376
0.000250431
0.000232807
0.00021485
0.000196895
0.000179249
0.000162183
0.00014592
0.000130636
0.000116459
0.000103472
9.17151e-05
Residual: 
0.0126343
0.00766856
0.00798327
0.00967575
Residual: 
0.0566286
0.053533
0.0506063
0.0478391
Residual: 
0.0452227
0.0427484
0.0404084
0.0381955
Residual: 
0.00729455
0.00988059
0.0162816
0.0265887
Residual: 
0.0188649
0.0203104
0.0242528
0.0285164
0.0323917
0.0357571
0.038634
0.0410341
0.0429346
0.0442967
0.0450899
0.0453066
0.044966
0.0441113
0.0428029
0.0411114
0.0391118
0.036878
0.0344801
0.031982
0.02944
0.026903
0.024412
0.0220008
0.019696
0.0175184
0.0154831
0.0136003
0.0118759
0.0103124
0.00890933
0.00766366
0.00657048
0.00562334
0.00481435
0.00413451
0.00357341
0.00311925
0.00275857
0.00247661
0.0022578
0.002087
0.00195063
0.0018374
0.0017388
0.00164881
0.00156356
0.00148074
0.00139924
0.00131869
0.00123917
0.00116103
0.00108477
0.00101086
0.000939759
0.000871854
0.000807441
0.000746724
0.000689824
0.000636783
0.000587573
0.000542087
0.000500191
0.000461711
0.000426442
0.000394171
0.000364676
0.000337723
0.000313089
0.000290575
0.000269962
0.000251088
0.000233759
0.000217841
0.000203191
0.000189679
0.000177198
0.000165653
0.000154951
0.000145027
0.000135806
0.000127223
0.000119237
0.000111791
0.000104838
9.83516e-05
Residual: 
0.00729455
0.00988059
0.0162816
0.0265887
Residual: 
0.0360115
0.0340339
0.0321642
0.0303966
Residual: 
0.0287252
0.0271446
0.02565
0.0242366
Residual: 
0.0044837
0.0026217
0.00273317
0.00320109
Residual: 
0.000188274
0.000122156
0.000115416
0.000121826
0.000132418
0.000145038
0.000158252
0.000171099
0.00018291
0.000193148
0.000201376
0.000207279
0.000210682
0.000211544
0.000209939
0.000206029
0.000200048
0.000192275
0.00018302
0.000172605
0.000161355
0.00014958
0.000137572
0.000125589
0.000113858
0.000102566
9.1863e-05
Residual: 
0.0044837
0.0026217
0.00273317
0.00320109
Residual: 
0.0228337
0.0215738
0.0203825
0.0192559
Residual: 
0.0181905
0.0171831
0.0162305
0.0153296
Residual: 
0.00255933
0.00359558
0.00600658
0.00984028
Residual: 
0.00699205
0.00751562
0.00896199
0.0105293
0.0119529
0.0131856
0.0142344
0.0151046
0.0157894
0.0162759
0.0165542
0.0166222
0.0164875
0.0161659
0.0156797
0.0150548
0.0143186
0.013498
0.0126185
0.0117033
0.0107729
0.00984487
0.00893411
0.00805272
0.00721035
0.00641438
0.00567023
0.00498152
0.00435037
0.00377764
0.0032631
0.00280567
0.00240356
0.00205444
0.00175553
0.00150363
0.00129511
0.00112586
0.000991213
0.000885949
0.000804533
0.000741437
0.000691597
0.000650765
0.000615655
0.000583917
0.000554018
0.000525044
0.000496513
0.000468269
0.000440317
0.000412778
0.000385825
0.00035964
0.00033439
0.000310231
0.000287273
0.000265605
0.00024527
0.000226298
0.000208683
0.000192397
0.000177393
0.000163614
0.000150992
0.000139446
0.000128903
0.000119273
0.000110488
0.000102462
9.5128e-05
Residual: 
0.00255933
0.00359558
0.00600658
0.00984028
Residual: 
0.0144174
0.0136146
0.0128558
0.0121385
Residual: 
0.0114605
0.0108195
0.0102137
0.0096411
Residual: 
0.0015646
0.000887103
0.000930287
0.00107876
Residual: 
6.41186e-05
Residual: 
0.0015646
0.000887103
0.000930287
0.00107876
Residual: 
0.00907308
0.00856364
0.00808202
0.00762683
Residual: 
0.00719681
0.00679035
0.00640627
0.00604335
Residual: 
0.000888559
0.00123491
0.00205896
0.00337565
Residual: 
0.0024051
0.0025861
0.00308435
0.00362276
0.00411119
0.00453421
0.00489463
0.00519428
0.00543063
0.00559912
0.00569612
0.0057208
0.00567564
0.00556606
0.00539968
0.00518535
0.00493248
0.00465035
0.00434774
0.00403265
0.00371216
0.00339238
0.00307843
0.00277452
0.00248401
0.00220948
0.00195281
0.00171526
0.00149759
0.0013001
0.00112271
0.000965053
0.000826522
0.000706304
0.000603439
0.000516815
0.000445175
0.000387083
0.000340916
0.000304858
0.00027698
0.000255373
0.000238288
0.000224263
0.000212173
0.000201221
0.000190883
0.000180853
0.000170972
0.000161187
0.000151507
0.000141974
0.000132647
0.000123592
0.000114865
0.00010652
9.8595e-05
Residual: 
0.000888559
0.00123491
0.00205896
0.00337565
Residual: 
0.00566758
0.00534542
0.00504116
0.00475385
Residual: 
0.224323
0.212088
0.200525
0.189596
Residual: 
0.0490345
0.0345805
0.039331
0.0521187
Residual: 
0.0047567
0.00226984
0.00204303
0.00200247
0.00204368
0.00217646
0.00231186
0.00239823
0.00243334
0.00243388
0.00241597
0.00238937
0.00235838
0.00232443
0.00228782
0.00224831
0.00220516
0.0021571
0.00210253
0.00203986
0.00196787
0.00188597
0.00179436
0.00169393
0.00158617
0.001473
0.00135657
0.00123907
0.00112259
0.00100905
0.000900086
0.000797024
0.00070089
0.000612396
0.000531976
0.000459809
0.000395859
0.000339903
0.000291568
0.000250355
0.000215663
0.000186808
0.000163049
0.000143608
0.000127711
0.000114628
0.000103705
9.43977e-05
Residual: 
0.0490345
0.0345805
0.039331
0.0521187
Residual: 
0.178709
0.168957
0.159744
0.151036
Residual: 
0.142807
0.135028
0.127675
0.120723
Residual: 
0.0290699
0.0195913
0.0218253
0.0282711
Residual: 
0.00252242
0.00115694
0.000973299
0.000935031
0.000919517
0.000946931
0.00098975
0.00102145
0.00103494
0.00103384
0.00102375
0.00100873
0.000991033
0.000971819
0.000951752
0.000931197
0.000910191
0.000888404
0.000865208
0.000839836
0.000811577
0.000779938
0.000744728
0.000706081
0.000664416
0.000620372
0.000574726
0.000528315
0.000481974
0.00043648
0.000392521
0.000350671
0.000311385
0.000274992
0.000241709
0.000211642
0.000184807
0.000161138
0.000140499
0.000122702
0.000107511
9.46588e-05
Residual: 
0.0290699
0.0195913
0.0218253
0.0282711
Residual: 
0.113881
0.107666
0.101794
0.0962432
Residual: 
0.0909966
0.0860369
0.0813477
0.076914
Residual: 
0.0170969
0.0109599
0.0118694
0.0149634
Residual: 
0.00130799
0.000607814
0.000486814
0.000457981
0.000442407
0.000448128
0.000464637
0.000479327
0.000487608
0.000490075
0.000488639
0.000484804
0.000479417
0.00047292
0.000465564
0.000457487
0.000448696
0.000439054
0.000428317
0.000416195
0.000402438
0.000386896
0.000369553
0.000350535
0.000330085
0.000308538
0.000286281
0.000263725
0.000241268
0.000219279
0.00019808
0.000177939
0.000159062
0.000141598
0.000125639
0.000111227
9.83553e-05
Residual: 
0.0170969
0.0109599
0.0118694
0.0149634
Residual: 
0.0725589
0.068596
0.0648502
0.0613093
Residual: 
0.0579615
0.054796
0.0518027
0.0489722
Residual: 
0.00996524
0.00604849
0.00631678
0.00767847
Residual: 
0.00064377
0.00030024
0.000241951
0.000229265
0.000224942
0.000231563
0.000243107
0.000253673
0.000261424
0.000266758
0.000270449
0.000272962
0.000274435
0.000274854
0.000274164
0.000272307
0.000269215
0.000264813
0.000259027
0.000251811
0.000243166
0.00023316
0.000221925
0.000209651
0.000196573
0.000182953
0.000169057
0.000155148
0.000141465
0.000128218
0.000115583
0.000103699
9.26663e-05
Residual: 
0.00996524
0.00604849
0.00631678
0.00767847
Residual: 
0.0461888
0.0436604
0.0412701
0.0390101
Residual: 
0.0368728
0.0348517
0.0329402
0.0311326
Residual: 
0.00575797
0.00329624
0.00330031
0.00382376
Residual: 
0.000307426
0.000143819
0.000123749
0.000122617
0.000127354
0.000137517
0.000148733
0.000158512
0.000166615
0.000173501
0.000179474
0.000184541
0.000188551
0.000191331
0.000192756
0.000192749
0.000191279
0.000188347
0.000183992
0.000178289
0.000171353
0.000163339
0.000154431
0.00014484
0.000134782
0.000124476
0.00011413
0.000103931
9.40446e-05
Residual: 
0.00575797
0.00329624
0.00330031
0.00382376
Residual: 
0.0293528
0.0277396
0.0262137
0.024771
Residual: 
0.0234066
0.0221163
0.0208959
0.0197417
Residual: 
0.00330267
0.00178064
0.00170619
0.00186623
Residual: 
0.000161556
8.46324e-05
Residual: 
0.00330267
0.00178064
0.00170619
0.00186623
Residual: 
0.018605
0.0175757
0.0166024
0.015682
Residual: 
0.0148115
0.0139885
0.0132102
0.0124742
Residual: 
0.00188547
0.00096166
0.000887311
0.000920857
Residual: 
0.000109675
6.81824e-05
Residual: 
0.00188547
0.00096166
0.000887311
0.000920857
Residual: 
0.0117496
0.0110937
0.0104737
0.00988749
Residual: 
0.00933328
0.00880939
0.00831423
0.00784609
Residual: 
0.00107585
0.00052717
0.000478174
0.00049115
Residual: 
8.63955e-05
Residual: 
0.00107585
0.00052717
0.000478174
0.00049115
Residual: 
0.00738515
0.00696855
0.00657474
0.00620266
Residual: 
0.176227
0.166615
0.15753
0.148945
Residual: 
0.0377608
0.0265096
0.0300821
0.0397663
Residual: 
0.00361284
0.00170761
0.00152652
0.00149047
0.0015082
0.00159491
0.001688
0.00174774
0.00177074
0.00176852
0.00175282
0.00173089
0.00170602
0.00167939
0.00165129
0.0016216
0.00158981
0.001555
0.00151596
0.00147143
0.00142042
0.00136241
0.00129741
0.001226
0.00114919
0.00106833
0.000984938
0.000900599
0.000816833
0.000735029
0.000656388
0.000581893
0.000512303
0.000448154
0.000389778
0.000337321
0.00029077
0.000249978
0.000214685
0.000184539
0.000159112
0.000137919
0.000120427
0.000106082
9.43286e-05
Residual: 
0.0377608
0.0265096
0.0300821
0.0397663
Residual: 
0.140418
0.132756
0.125516
0.118673
Residual: 
0.112206
0.106093
0.100315
0.0948515
Residual: 
0.0223356
0.0150041
0.0166879
0.0215711
Residual: 
0.00192762
0.000888956
0.000738913
0.000705772
0.00068869
0.000703416
0.000731446
0.000752898
0.000761627
0.000759678
0.000750915
0.000738305
0.000723585
0.00070773
0.000691352
0.000674836
0.000658304
0.000641573
0.000624204
0.000605619
0.000585249
0.000562669
0.000537669
0.000510281
0.000480751
0.000449498
0.000417051
0.000383995
0.000350921
0.000318385
0.000286884
0.000256838
0.000228578
0.000202352
0.000178322
0.000156574
0.000137125
0.000119934
0.000104908
9.19154e-05
Residual: 
0.0223356
0.0150041
0.0166879
0.0215711
Residual: 
0.0894852
0.0846004
0.0799842
0.0756211
Residual: 
0.0714968
0.0675977
0.0639113
0.0604254
Residual: 
0.0131075
0.00838147
0.00906233
0.0113986
Residual: 
0.000999992
0.0004707
0.000374007
0.000350125
0.00033649
0.000338573
0.000349273
0.000359267
0.000364793
0.000365983
0.000364112
0.000360279
0.00035517
0.000349194
0.000342627
0.000335645
0.000328314
0.000320571
0.000312248
0.000303126
0.000292998
0.000281719
0.000269242
0.000255621
0.000241002
0.000225603
0.000209687
0.000193537
0.000177433
0.000161638
0.000146384
0.000131864
0.000118229
0.00010559
9.40153e-05
Residual: 
0.0131075
0.00838147
0.00906233
0.0113986
Residual: 
0.0570063
0.0538907
0.0509455
0.0481612
Residual: 
0.0455288
0.0430396
0.0406858
0.03846
Residual: 
0.00762449
0.0102344
0.0168028
0.0273906
Residual: 
0.0193267
0.0207862
0.0248125
0.0291655
0.0331328
0.0365995
0.0395874
0.0421032
0.0441157
0.0455776
0.0464519
0.0467266
0.0464192
0.0455726
0.0442489
0.0425212
0.0404676
0.0381655
0.0356886
0.033104
0.0304715
0.0278425
0.0252605
0.0227612
0.0203731
0.018118
0.0160119
0.0140657
0.0122855
0.0106741
0.00923084
0.00795252
0.00683387
0.00586785
0.0050459
0.00435798
0.0037925
0.00333615
0.002974
0.00268991
0.00246751
0.00229128
0.00214773
0.00202599
0.00191801
0.00181818
0.00172298
0.00163035
0.00153935
0.00144971
0.00136159
0.00127536
0.00119152
0.00111055
0.00103289
0.000958917
0.000888869
0.000822942
0.000761223
0.000703706
0.000650346
0.000601008
0.000555529
0.000513706
0.000475312
0.000440114
0.000407871
0.000378338
0.000351288
0.000326483
0.000303726
0.000282821
0.000263593
0.000245879
0.000229534
0.000214433
0.000200455
0.000187505
0.000175487
0.000164308
0.000153922
0.000144251
0.000135229
0.000126812
0.000118959
0.000111619
0.000104756
9.83422e-05
Residual: 
0.00762449
0.0102344
0.0168028
0.0273906
Residual: 
0.0363005
0.0343081
0.0324245
0.0306438
Residual: 
0.0289605
0.0273687
0.0258637
0.0244406
Residual: 
0.00472244
0.00669058
0.0112025
0.0183196
Residual: 
0.0128488
0.0137767
0.0163993
0.0192437
0.0218423
0.0241161
0.026077
0.0277279
0.0290483
0.0300073
0.0305802
0.0307591
0.0305548
0.0299956
0.0291219
0.027982
0.0266274
0.0251095
0.0234769
0.0217741
0.0200406
0.0183103
0.016612
0.014969
0.0133999
0.011919
0.0105365
0.00925953
0.00809203
0.00703555
0.0060896
0.00525199
0.0045192
0.00388653
0.00334828
0.00289776
0.00252729
0.00222804
0.00199017
0.00180309
0.00165611
0.00153917
0.00144353
0.00136217
0.00128986
0.00122298
0.00115923
0.00109726
0.00103644
0.000976579
0.00091778
0.000860266
0.000804354
0.000750343
0.000698529
0.000649143
0.000602345
0.000558267
0.000516959
0.000478426
0.000442626
0.000409481
0.000378884
0.000350702
0.000324798
0.000301005
0.000279178
0.000259152
0.000240776
0.000223911
0.000208414
0.000194163
0.000181033
0.000168927
0.000157748
0.000147406
0.000137833
0.000128949
0.000120703
0.000113038
0.000105902
9.92579e-05
Residual: 
0.00472244
0.00669058
0.0112025
0.0183196
Residual: 
0.0230832
0.0218065
0.0206002
0.0194602
Residual: 
0.0183827
0.0173641
0.0164015
0.0154915
Residual: 
0.00293199
0.00430484
0.00728099
0.0119143
Residual: 
0.00831849
0.00889429
0.0105664
0.0123852
0.0140499
0.0155091
0.0167691
0.0178312
0.0186817
0.0193005
0.0196715
0.019789
0.0196598
0.0193018
0.0187408
0.018008
0.0171365
0.0161595
0.0151085
0.0140122
0.0128963
0.0117827
0.0106899
0.00963298
0.00862394
0.00767188
0.00678346
0.00596309
0.00521331
0.00453508
0.00392803
0.00339073
0.00292086
0.00251535
0.00217049
0.00188193
0.00164463
0.00145287
0.00130024
0.00117995
0.00108513
0.00100937
0.000947148
0.000894013
0.000846664
0.000802816
0.000761006
0.000720391
0.000680566
0.000641403
0.000602963
0.000565388
0.000528876
0.000493619
0.000459798
0.000427552
0.000396999
0.000368206
0.000341208
0.000316009
0.000292577
0.000270867
0.000250812
0.000232316
0.0002153
0.000199655
0.000185284
0.000172088
0.000159963
0.000148826
0.000138578
0.000129146
0.000120454
0.00011243
0.000105015
9.81509e-05
Residual: 
0.00293199
0.00430484
0.00728099
0.0119143
Residual: 
0.0146299
0.0138134
0.0130421
0.0123137
Residual: 
0.0116254
0.0109752
0.0103607
0.00978036
Residual: 
0.00181557
0.0027123
0.00460577
0.00753433
Residual: 
0.00524621
0.00559928
0.00664443
0.00778278
0.00882606
0.00974199
0.0105343
0.0112034
0.0117403
0.0121321
0.0123682
0.0124449
0.0123663
0.0121432
0.0117921
0.0113323
0.0107848
0.0101705
0.00950938
0.00881958
0.00811727
0.00741637
0.00672856
0.00606341
0.00542847
0.00482953
0.00427074
0.0037549
0.00328361
0.00285745
0.00247617
0.00213888
0.00184407
0.0015898
0.0013737
0.00119297
0.00104442
0.000924361
0.000828733
0.000753235
0.000693548
0.000645673
0.000606174
0.000572307
0.000542027
0.000513939
0.000487134
0.000461102
0.000435589
0.000410522
0.000385938
0.000361929
0.000338613
0.000316111
0.000294531
0.000273966
0.000254481
0.000236119
0.0002189
0.000202826
0.000187874
0.000174014
0.000161205
0.000149388
0.000138507
0.000128498
0.000119296
0.000110841
0.000103074
9.59257e-05
Residual: 
0.00181557
0.0027123
0.00460577
0.00753433
Residual: 
0.00922834
0.00870825
0.00821719
0.00775355
Residual: 
0.00731571
0.00690232
0.00651196
0.00614332
Residual: 
0.00111698
0.00167036
0.00283654
0.00463792
Residual: 
0.00322577
0.00344046
0.00408098
0.00477839
0.00541793
0.00598029
0.00646782
0.00688055
0.00721267
0.00745586
0.00760346
0.00765294
0.00760663
0.00747121
0.00725663
0.00697485
0.00663876
0.00626127
0.00585467
0.00543021
0.0049979
0.00456635
0.00414281
0.0037332
0.00334222
0.00297344
0.00262946
0.002312
0.00202206
0.00176
0.00152566
0.00131849
0.00113755
0.000981626
0.000849234
0.000738619
0.000647761
0.000574365
0.000515884
0.000469644
0.000432983
0.000403457
0.00037898
0.000357886
0.00033896
0.000321352
0.000304531
0.000288191
0.000272183
0.000256469
0.000241071
0.000226049
0.000211473
0.000197417
0.000183948
0.000171118
0.000158968
0.000147523
0.000136795
0.00012678
0.000117467
0.000108833
0.00010085
9.34865e-05
Residual: 
0.00111698
0.00167036
0.00283654
0.00463792
Residual: 
0.00578803
0.00545855
0.00514757
0.00485411
Residual: 
0.134549
0.127214
0.120283
0.113731
Residual: 
0.027676
0.0178287
0.0191221
0.0245281
Residual: 
0.00249519
0.00135445
0.00118853
0.00113404
0.00115917
0.00123749
0.00131041
0.00135271
0.00136693
0.00136401
0.00135304
0.00133872
0.0013226
0.00130472
0.00128478
0.00126241
0.00123716
0.00120843
0.00117553
0.00113777
0.0010947
0.00104617
0.000992416
0.000934032
0.000871913
0.000807151
0.000740943
0.000674495
0.00060895
0.000545336
0.000484529
0.000427234
0.000373985
0.000325147
0.000280934
0.000241421
0.00020657
0.000176242
0.000150219
0.000128215
0.000109886
9.48354e-05
Residual: 
0.027676
0.0178287
0.0191221
0.0245281
Residual: 
0.107241
0.101392
0.0958649
0.0906408
Residual: 
0.0857026
0.081034
0.0766205
0.0724471
Residual: 
0.016311
0.01069
0.0116678
0.0149006
Residual: 
0.00132929
0.000612416
0.000518644
0.000499133
0.000492787
0.000509394
0.00053349
0.000551215
0.000559264
0.000559832
0.000555949
0.000549694
0.000542118
0.000533686
0.000524611
0.000514977
0.000504721
0.000493625
0.000481352
0.000467522
0.000451811
0.000434023
0.000414127
0.000392263
0.000368713
0.000343869
0.000318187
0.000292145
0.000266213
0.000240821
0.000216346
0.000193102
0.000171331
0.000151208
0.000132843
0.000116287
0.000101541
8.85598e-05
Residual: 
0.016311
0.01069
0.0116678
0.0149006
Residual: 
0.068356
0.0646253
0.0610991
0.0577658
Residual: 
0.0546141
0.0516342
0.0488163
0.0461517
Residual: 
0.00954515
0.0125866
0.0205253
0.0333803
Residual: 
0.0234772
0.0252381
0.0301322
0.0354226
0.0402532
0.0444917
0.0481654
0.0512776
0.0537837
0.05562
0.0567366
0.0571156
0.0567766
0.0557712
0.0541749
0.0520777
0.0495755
0.046764
0.0437341
0.0405691
0.0373431
0.0341199
0.0309536
0.0278886
0.0249604
0.0221961
0.0196156
0.0172326
0.0150547
0.0130853
0.0113237
0.00976581
0.00840498
0.00723236
0.00623702
0.00540607
0.00472453
0.00417529
0.00373928
0.00339624
0.00312594
0.00290957
0.00273117
0.00257797
0.00244068
0.00231289
0.00219061
0.0020716
0.0019548
0.00184
0.00172743
0.00161756
0.00151098
0.00140828
0.00130995
0.00121643
0.00112799
0.00104485
0.000967048
0.000894601
0.000827378
0.000765236
0.000707932
0.000655201
0.000606757
0.00056232
0.000521558
0.000484187
0.000449902
0.000418431
0.000389522
0.00036292
0.000338426
0.000315832
0.000294972
0.000275666
0.000257776
0.000241198
0.000225794
0.000211476
0.000198141
0.000185708
0.000174124
0.000163312
0.000153219
0.000143786
0.000134958
0.000126704
0.000118965
0.000111727
0.000104941
9.85738e-05
Residual: 
0.00954515
0.0125866
0.0205253
0.0333803
Residual: 
0.043616
0.0412263
0.0389674
0.0368321
Residual: 
0.0348136
0.0329053
0.0311008
0.0293946
Residual: 
0.00594603
0.00833989
0.0139117
0.022706
Residual: 
0.0158673
0.0169993
0.0202309
0.0237366
0.0269457
0.0297655
0.0322105
0.0342814
0.0359484
0.0371694
0.0379109
0.0381606
0.0379311
0.0372564
0.0361867
0.034782
0.0331068
0.0312252
0.0291984
0.0270823
0.0249265
0.0227739
0.0206607
0.0186163
0.0166642
0.0148225
0.0131041
0.0115179
0.0100689
0.00875911
0.00758785
0.00655237
0.00564812
0.00486906
0.0042078
0.00365563
0.00320247
0.00283679
0.0025459
0.00231628
0.0021346
0.00198855
0.00186758
0.0017634
0.00166988
0.00158281
0.00149954
0.00141859
0.00133924
0.00126132
0.00118495
0.00111046
0.00103819
0.000968543
0.000901841
0.000838354
0.000778277
0.000721732
0.000668768
0.000619378
0.000573498
0.000531005
0.00049176
0.000455602
0.000422322
0.00039174
0.000363639
0.000337832
0.00031412
0.000292327
0.000272274
0.000253803
0.000236766
0.000221044
0.000206502
0.000193031
0.000180557
0.00016897
0.000158206
0.000148196
0.000138865
0.000130175
0.000122065
0.000114496
0.000107422
0.000100807
9.46159e-05
Residual: 
0.00594603
0.00833989
0.0139117
0.022706
Residual: 
0.0278061
0.0262719
0.0248223
0.0234526
Residual: 
0.022158
0.0209346
0.019778
0.0186848
Residual: 
0.003714
0.00543045
0.00916455
0.0149702
Residual: 
0.0104124
0.0111232
0.0132088
0.0154783
0.0175597
0.0193911
0.0209803
0.0223269
0.0234115
0.0242066
0.0246901
0.0248539
0.0247055
0.024267
0.0235708
0.022656
0.0215646
0.0203386
0.0190179
0.0176391
0.0162347
0.0148328
0.0134568
0.0121261
0.0108559
0.00965781
0.00854038
0.00750918
0.00656748
0.00571646
0.00495568
0.00428326
0.00369618
0.0031905
0.00276132
0.00240292
0.00210867
0.00187104
0.00168169
0.0015319
0.00141302
0.00131711
0.00123742
0.00116862
0.00110676
0.00104914
0.000994069
0.00094056
0.000888146
0.000836716
0.000786345
0.000737224
0.00068959
0.000643678
0.000599705
0.000557837
0.000518204
0.00048088
0.000445904
0.000413258
0.000382907
0.000354774
0.000328774
0.000304785
0.00028269
0.000262361
0.000243665
0.000226476
0.00021067
0.000196125
0.000182729
0.000170388
0.000158992
0.000148465
0.000138724
0.000129701
0.000121334
0.000113564
0.000106339
9.96213e-05
Residual: 
0.003714
0.00543045
0.00916455
0.0149702
Residual: 
0.0176769
0.0166934
0.0157646
0.0148873
Residual: 
0.0140584
0.0132751
0.0125352
0.011836
Residual: 
0.00231104
0.00345337
0.00585683
0.00956583
Residual: 
0.00663638
0.00707701
0.00839398
0.00982923
0.011147
0.0123076
0.0133155
0.0141703
0.0148593
0.0153651
0.0156735
0.015779
0.0156863
0.0154092
0.0149682
0.0143882
0.0136956
0.0129173
0.0120788
0.0112032
0.0103113
0.00942105
0.00854732
0.0077024
0.00689602
0.00613557
0.0054264
0.0047721
0.00417469
0.00363493
0.00315251
0.00272622
0.00235413
0.00203369
0.0017618
0.00153477
0.00134836
0.00119776
0.00107765
0.000982504
0.000906829
0.00084563
0.000794658
0.000750559
0.000710856
0.000673856
0.000638488
0.000604133
0.000570503
0.000537516
0.000505225
0.000473749
0.000443232
0.000413828
0.000385662
0.000358847
0.000333459
0.000309548
0.000287133
0.000266209
0.000246749
0.000228703
0.000212016
0.00019661
0.000182415
0.000169349
0.000157324
0.000146266
0.000136087
0.000126718
0.000118085
0.000110126
0.000102777
9.59853e-05
Residual: 
0.00231104
0.00345337
0.00585683
0.00956583
Residual: 
0.011188
0.0105601
0.00996701
0.00940717
Residual: 
0.00887836
0.00837898
0.00790755
0.00746212
Residual: 
0.00142559
0.00214047
0.00363324
0.0059325
Residual: 
0.00411275
0.00438323
0.00519692
0.00608358
0.00689791
0.00761565
0.0082396
0.00876934
0.00919693
0.0095113
0.00970358
0.00977027
0.00971417
0.00954372
0.00927159
0.00891308
0.00848469
0.00800299
0.00748375
0.00694147
0.00638899
0.00583741
0.00529605
0.00477254
0.00427291
0.00380176
0.00336244
0.00295715
0.00258717
0.00225295
0.00195432
0.00169051
0.00146033
0.00126218
0.00109411
0.000953831
0.000838677
0.000745652
0.000671441
0.000612593
0.000565726
0.000527754
0.000496052
0.000468564
0.000443778
0.000420656
0.00039854
0.000377059
0.000356037
0.000335427
0.000315258
0.000295606
0.000276563
0.000258217
0.000240653
0.000223934
0.000208108
0.000193204
0.000179233
0.000166194
0.000154065
0.000142817
0.000132415
0.000122813
0.000113963
0.000105816
9.83157e-05
Residual: 
0.00142559
0.00214047
0.00363324
0.0059325
Residual: 
0.00704214
0.0066432
0.00626661
0.00591117
Residual: 
0.0968418
0.0915597
0.0865672
0.0818481
Residual: 
0.0182553
0.0108601
0.0108315
0.0130996
Residual: 
0.00141144
0.000824647
0.000695385
0.000652211
0.000684291
0.000750534
0.000808917
0.000847933
0.000872275
0.000889123
0.000902757
0.000914247
0.000922902
0.000927603
0.000927437
0.000921818
0.000910409
0.000893043
0.000869696
0.000840514
0.000805837
0.000766212
0.000722376
0.000675214
0.000625707
0.000574868
0.00052369
0.000473097
0.000423912
0.000376831
0.000332419
0.000291098
0.000253165
0.000218793
0.000188051
0.000160917
0.000137289
0.000117005
9.98476e-05
Residual: 
0.0182553
0.0108601
0.0108315
0.0130996
Residual: 
0.0772219
0.0730079
0.0690249
0.0652601
Residual: 
0.0617012
0.0583364
0.0551551
0.0521468
Residual: 
0.0105933
0.0064277
0.00653156
0.00784022
Residual: 
0.000691046
0.000321724
0.00028048
0.000274398
0.000281291
0.000301361
0.000322686
0.000338628
0.000349023
0.000355893
0.0003609
0.000364738
0.000367432
0.000368758
0.000368479
0.000366412
0.000362419
0.000356384
0.000348225
0.000337911
0.000325486
0.000311087
0.000294937
0.000277336
0.000258639
0.000239228
0.000219491
0.000199798
0.000180489
0.000161856
0.000144142
0.000127536
0.000112176
9.81486e-05
Residual: 
0.0105933
0.0064277
0.00653156
0.00784022
Residual: 
0.0492153
0.0465262
0.0439842
0.0415807
Residual: 
0.0393081
0.0371591
0.0351268
0.0332048
Residual: 
0.00609928
0.00806207
0.0131444
0.0213851
Residual: 
0.0151644
0.0163265
0.0195085
0.0229515
0.0260809
0.0287993
0.0311244
0.0330658
0.0346047
0.0357091
0.0363542
0.0365335
0.0362627
0.0355764
0.0345236
0.0331615
0.0315503
0.0297501
0.0278172
0.0258032
0.0237536
0.0217077
0.0196988
0.0177539
0.0158948
0.014138
0.0124959
0.0109767
0.00958531
0.00832363
0.00719131
0.00618598
0.0053037
0.00453924
0.00388628
0.00333753
0.00288463
0.00251803
0.00222688
0.00199925
0.00182259
0.00168468
0.00157454
0.00148309
0.00140345
0.00133076
0.00126189
0.00119499
0.00112917
0.00106411
0.000999895
0.000936805
0.000875231
0.000815558
0.000758161
0.000703346
0.000651351
0.000602356
0.000556436
0.000513635
0.000473921
0.000437221
0.000403421
0.000372379
0.000343929
0.000317897
0.000294099
0.000272363
0.000252497
0.000234333
0.000217708
0.000202487
0.000188513
0.000175678
0.000163864
0.000152966
0.0001429
0.000133588
0.000124959
0.000116953
0.000109515
0.000102597
9.61569e-05
Residual: 
0.00609928
0.00806207
0.0131444
0.0213851
Residual: 
0.0313106
0.0295924
0.027968
0.0264323
Residual: 
0.0249801
0.023607
0.0223086
0.0210807
Residual: 
0.00373959
0.00526202
0.0087795
0.0143408
Residual: 
0.010085
0.0108188
0.0128854
0.0151284
0.0171744
0.0189588
0.0204908
0.0217745
0.0227957
0.0235322
0.0239663
0.0240926
0.0239207
0.0234729
0.0227813
0.0218836
0.02082
0.0196305
0.0183527
0.0170213
0.0156667
0.0143151
0.0129887
0.0117054
0.0104796
0.00932231
0.00824148
0.00724244
0.0063283
0.00550027
0.00475795
0.00409972
0.00352286
0.00302379
0.00259823
0.00224118
0.00194689
0.00170879
0.0015195
0.00137097
0.00125492
0.0011634
0.0010894
0.00102721
0.000972509
0.000922275
0.000874566
0.000828239
0.000782736
0.000737865
0.000693683
0.000650368
0.000608166
0.000567321
0.000528063
0.000490589
0.000455044
0.000421533
0.000390103
0.000360773
0.000333527
0.000308301
0.000285023
0.000263593
0.00024391
0.000225852
0.000209298
0.000194131
0.000180231
0.000167489
0.000155797
0.000145057
0.000135175
0.000126076
0.000117682
0.000109928
0.00010275
9.61048e-05
Residual: 
0.00373959
0.00526202
0.0087795
0.0143408
Residual: 
0.019889
0.018789
0.0177495
0.016767
Residual: 
0.0158384
0.0149605
0.0141305
0.0133461
Residual: 
0.0023126
0.00339809
0.00573875
0.00938183
Residual: 
0.00655445
0.00700801
0.00832643
0.00976132
0.0110741
0.0122232
0.0132136
0.0140467
0.0147124
0.0151953
0.0154831
0.0155717
0.0154666
0.0151821
0.0147385
0.0141603
0.0134737
0.0127046
0.0118778
0.0110158
0.0101386
0.00926339
0.00840464
0.00757413
0.0067812
0.00603298
0.00533462
0.00468957
0.00409981
0.00356608
0.00308809
0.00266473
0.00229419
0.00197409
0.00170157
0.00147326
0.00128532
0.0011333
0.00101231
0.000917037
0.000842121
0.000782507
0.000733784
0.000692394
0.000655689
0.000621807
0.000589552
0.00055824
0.000527527
0.000497303
0.000467609
0.000438555
0.000410288
0.000382971
0.000356743
0.00033172
0.000307995
0.000285625
0.00026464
0.000245049
0.000226829
0.000209946
0.000194346
0.000179966
0.000166733
0.000154574
0.000143407
0.000133156
0.000123743
0.000115099
0.00010715
9.98363e-05
Residual: 
0.0023126
0.00339809
0.00573875
0.00938183
Residual: 
0.0125911
0.0118881
0.0112239
0.0105965
Residual: 
0.0100037
0.00944344
0.00891418
0.00841406
Residual: 
0.00143306
0.00215384
0.003656
0.00597486
Residual: 
0.00415669
0.00443443
0.00526081
0.00616147
0.0069871
0.00771197
0.00833895
0.00886838
0.00929318
0.00960307
0.00978979
0.00985033
0.00978787
0.00961115
0.00933302
0.00896895
0.00853549
0.00804923
0.00752592
0.00697999
0.00642422
0.00586961
0.00532541
0.00479916
0.00429685
0.00382301
0.00338094
0.00297284
0.00259996
0.00226276
0.00196104
0.00169408
0.0014607
0.00125936
0.00108819
0.000944994
0.000827233
0.000732022
0.000656163
0.00059625
0.00054889
0.000510913
0.0004796
0.000452775
0.000428816
0.000406607
0.000385426
0.000364865
0.000344715
0.000324919
0.000305501
0.000286536
0.000268114
0.000250332
0.000233276
0.000217016
0.000201606
0.000187082
0.000173457
0.000160738
0.000148904
0.000137931
0.000127786
0.000118428
0.000109807
0.000101876
9.45865e-05
Residual: 
0.00143306
0.00215384
0.003656
0.00597486
Residual: 
0.00793268
0.007485
0.00706221
0.00666316
Residual: 
0.0611522
0.0577999
0.0546324
0.0516393
Residual: 
0.00999436
0.00564146
0.00502087
0.00498026
Residual: 
0.000585013
0.000369278
0.000321255
0.00033119
0.000376966
0.000427686
0.000468936
0.000500165
0.000524841
0.000545623
0.000563368
0.000577753
0.000588091
0.000593807
0.000594577
0.000590308
0.000581078
0.000567092
0.000548669
0.000526233
0.000500304
0.000471491
0.000440458
0.000407901
0.000374514
0.000340958
0.000307839
0.000275689
0.000244954
0.000215992
0.00018907
0.000164371
0.000142002
0.000122001
0.000104348
8.8974e-05
Residual: 
0.00999436
0.00564146
0.00502087
0.00498026
Residual: 
0.0487377
0.0460654
0.0435406
0.0411545
Residual: 
0.0388994
0.0367677
0.0347527
0.0328475
Residual: 
0.00559547
0.00305939
0.00272966
0.00266118
Residual: 
0.000261674
0.000151047
0.000133237
0.000135997
0.000151817
0.000170857
0.000186868
0.00019901
0.000208499
0.000216464
0.000223343
0.000229055
0.000233329
0.000235913
0.000236654
0.000235484
0.000232406
0.000227473
0.000220779
0.000212466
0.000202714
0.000191744
0.000179808
0.000167174
0.000154114
0.000140896
0.000127765
0.000114943
0.000102618
9.09417e-05
Residual: 
0.00559547
0.00305939
0.00272966
0.00266118
Residual: 
0.0310023
0.0292998
0.0276907
0.0261694
Residual: 
0.0247311
0.0233712
0.0220852
0.020869
Residual: 
0.00309676
0.00409279
0.00664424
0.0107978
Residual: 
0.00775412
0.00836654
0.00999902
0.0117712
0.0133703
0.0147337
0.0158686
0.0167862
0.0174862
0.0179618
0.0182082
0.0182278
0.0180322
0.0176411
0.0170795
0.016376
0.0155598
0.0146592
0.0137007
0.0127081
0.0117022
0.0107008
0.00971891
0.00876866
0.00785976
0.00699968
0.00619388
0.00544605
0.00475838
0.00413174
0.00356593
0.00305986
0.00261172
0.00221917
0.00187947
0.00158955
0.00134609
0.00114549
0.000983755
0.000856392
0.000758358
0.000684127
0.000628088
0.000585011
0.000550489
0.000521163
0.000494661
0.000469497
0.000444815
0.000420209
0.000395587
0.000371013
0.000346657
0.000322719
0.000299403
0.000276903
0.000255382
0.000234965
0.000215742
0.000197774
0.000181088
0.000165674
0.000151518
0.000138571
0.000126779
0.000116073
0.00010638
9.76163e-05
Residual: 
0.00309676
0.00409279
0.00664424
0.0107978
Residual: 
0.0196333
0.0185502
0.017526
0.0165578
Residual: 
0.0156422
0.0147763
0.0139577
0.0131834
Residual: 
0.00182136
0.00256422
0.00426751
0.00697406
Residual: 
0.00495794
0.00533059
0.00635351
0.00746556
0.00847375
0.00934012
0.0100687
0.0106646
0.0111254
0.0114449
0.011618
0.0116451
0.0115324
0.011292
0.0109396
0.0104936
0.00997288
0.00939614
0.00878078
0.00814255
0.00749529
0.00685082
0.00621902
0.00560797
0.00502405
0.00447211
0.0039557
0.00347719
0.00303795
0.00263848
0.00227862
0.00195761
0.00167423
0.00142692
0.00121387
0.00103301
0.000882061
0.000758517
0.000659533
0.0005819
0.000522088
0.000476386
0.0004412
0.000413354
0.000390271
0.000370041
0.000351371
0.00033345
0.000315835
0.000298333
0.000280912
0.000263628
0.000246594
0.000229935
0.000213785
0.000198247
0.000183421
0.000169377
0.000156164
0.000143807
0.00013232
0.000121693
0.000111905
0.000102923
9.47053e-05
Residual: 
0.00182136
0.00256422
0.00426751
0.00697406
Residual: 
0.0124023
0.011712
0.0110595
0.0104426
Residual: 
0.00985946
0.00930814
0.0087871
0.00829458
Residual: 
0.00109506
0.000672864
0.000771289
0.000971673
Residual: 
7.71766e-05
Residual: 
0.00109506
0.000672864
0.000771289
0.000971673
Residual: 
0.00781115
0.00737238
0.00695766
0.00656563
Residual: 
0.0301574
0.0284809
0.0268987
0.0254053
Residual: 
0.00412927
0.00252365
0.0025957
0.00281431
Residual: 
0.000342107
0.000231734
0.00018682
0.000191438
0.000212119
0.00023265
0.000250378
0.000266028
0.000280081
0.000292303
0.000302138
0.000309071
0.000312782
0.000313158
0.000310252
0.000304236
0.000295366
0.000283963
0.000270396
0.000255067
0.000238398
0.000220811
0.000202718
0.000184503
0.000166513
0.000149049
0.000132362
0.000116651
0.000102065
8.87066e-05
Residual: 
0.00412927
0.00252365
0.0025957
0.00281431
Residual: 
0.0239579
0.0226274
0.0213713
0.0201855
Residual: 
0.0190657
0.018008
0.017009
0.0160653
Residual: 
0.00215622
0.00128596
0.00132141
0.00141266
Residual: 
0.000162771
0.000107858
8.19896e-05
Residual: 
0.00215622
0.00128596
0.00132141
0.00141266
Residual: 
0.0151518
0.0143098
0.0135144
0.0127629
Residual: 
0.0120527
0.0113815
0.0107473
0.0101479
Residual: 
0.00108919
0.000628173
0.000632953
0.000654252
Residual: 
7.05395e-05
Residual: 
0.00108919
0.000628173
0.000632953
0.000654252
Residual: 
0.00956626
0.00903158
0.00852627
0.00804864
Residual: 
0.00759715
0.00717039
0.00676711
0.00638588
Residual: 
0.000537636
0.000297808
0.000287889
0.000278115
Residual: 
2.9229e-05
Residual: 
0.000537636
0.000297808
0.000287889
0.000278115
Residual: 
0.00601564
0.00567582
0.0053547
0.00505131
Residual: 
0.0084126
0.00792542
0.00746752
0.00703701
Residual: 
0.00113968
0.00116859
0.00157947
0.00213546
Residual: 
0.000203902
0.000115117
9.30546e-05
Residual: 
0.00113968
0.00116859
0.00157947
0.00213546
Residual: 
0.00661353
0.00623232
0.00587356
0.00553608
Residual: 
0.00527475
0.00497508
0.00469276
0.00442676
Residual: 
0.000635054
0.000530166
0.000662048
0.000841453
Residual: 
6.98935e-05
Residual: 
0.000635054
0.000530166
0.000662048
0.000841453
Residual: 
0.00417038
0.0039337
0.00371063
0.00350019
Residual: 
0.00282655
0.00266825
0.0025188
0.00237774
Residual: 
0.000265083
0.000164628
0.000170968
0.000181073
Residual: 
1.33058e-05
Residual: 
0.000265083
0.000164628
0.000170968
0.000181073
Residual: 
0.00224148
0.00211552
0.00199676
0.00188461
Residual: 
0.00132158
0.0012448
0.00117247
0.00110445
Residual: 
8.03676e-05
7.18263e-05
0.000101825
0.000147003
Residual: 
1.24482e-05
Residual: 
8.03676e-05
7.18263e-05
0.000101825
0.000147003
Residual: 
0.00104189
0.000981541
0.000924402
0.000870734
Residual: 
0.000559291
0.000521763
0.000486758
0.00045423
Residual: 
6.33055e-05
7.816e-05
0.00011081
0.000155316
Residual: 
1.1881e-05
Residual: 
6.33055e-05
7.816e-05
0.00011081
0.000155316
Residual: 
0.000428715
0.000400082
0.000373549
0.000348913
Residual: 
0.000289931
0.000269721
0.000250715
0.000233016
Residual: 
6.19498e-05
5.86149e-05
7.68133e-05
0.000102444
Residual: 
7.35839e-06
Residual: 
6.19498e-05
5.86149e-05
7.68133e-05
0.000102444
Residual: 
0.000219212
0.000203624
0.000189444
0.000176258
Residual: 
0.000251529
0.000236737
0.000222726
0.000209478
Residual: 
4.46986e-05
3.3853e-05
4.02029e-05
5.01477e-05
Residual: 
3.76998e-06
Residual: 
4.46986e-05
3.3853e-05
4.02029e-05
5.01477e-05
Residual: 
0.000197088
0.000185399
0.000174565
0.000164322
Residual: 
0.000217593
0.000205196
0.000193706
0.000182677
Residual: 
2.64242e-05
1.64369e-05
1.70099e-05
1.88475e-05
Residual: 
1.8942e-06
Residual: 
2.64242e-05
1.64369e-05
1.70099e-05
1.88475e-05
Residual: 
0.000172032
0.000162434
0.000153225
0.000144571
