0.0
0.0
0.0
0.0
-4.440892098500626e-16
0.0
0.0
0.5646759680542957
1.0832828980860842
1.5433399713737694
1.9403615134087264
2.270570114078436
2.5307392355784506
2.7184293005444324
2.831672907876107
2.869604401089358
2.831672907876107
2.7184293005444324
2.5307392355784506
2.270570114078436
1.9403615134087264
1.5433399713737694
1.0832828980860842
0.5646759680542957
0.0
0.0
-4.440892098500626e-16
0.0
0.0
0.0
0.0
0.0
0.0
0.0
0.0
-4.440892098500626e-16
0.0
0.0
0.46710527030931104
0.9766189772479539
1.428609437151338
1.8186696270611185
2.143088369749213
2.3986957013333026
2.583094819853585
2.6943528205037692
2.7316192251690836
2.6943528205037692
2.583094819853585
2.3986957013333026
2.143088369749213
1.8186696270611185
1.428609437151338
0.9766189772479539
0.46710527030931104
0.0
0.0
-4.440892098500626e-16
0.0
0.0
0.0
0.0
0.0
0.0
0.0
0.0
0.0
0.0
0.0
0.3703864885760497
0.8708863677987466
1.314880646089474
1.6980402653123141
2.0167197028264914
2.2678050747096847
2.448941980923059
2.5582317117578777
2.5948388349422995
2.5582317117578777
2.448941980923059
2.2678050747096847
2.0167197028264914
1.6980402653123141
1.314880646089474
0.8708863677987466
0.3703864885760497
0.0
0.0
0.0
0.0
0.0
0.0
0.0
0.0
0.0
0.0
0.0
0.0
0.0
0.0
0.27451962285451437
0.7660850697384678
1.202153598188179
1.5784734281623134
1.8914641133102759
2.138067355707597
2.315970783752853
2.4233095816384376
2.459263230409009
2.4233095816384376
2.315970783752853
2.138067355707597
1.8914641133102759
1.5784734281623134
1.202153598188179
0.7660850697384678
0.27451962285451437
0.0
0.0
0.0
0.0
0.0
0.0
0.0
0.0
0.0
0.0
0.0
0.0
0.0
0.0
0.17950467314470586
0.6622150830671174
1.0904282934474532
1.4599691156111216
1.7673216012005648
2.0094825443270423
2.1841812283429682
2.289586430145449
2.3248924115692127
2.289586430145449
2.1841812283429682
2.0094825443270423
1.7673216012005648
1.4599691156111216
1.0904282934474532
0.6622150830671174
0.17950467314470586
0.0
0.0
0.0
0.0
0.0
0.0
0.0
0.0
0.0
0.0
0.0
4.440892098500626e-16
0.0
0.0
0.08534163944662154
0.5592764077846901
0.9797047318672938
1.34252732765873
1.6442921664973547
1.882050640568016
2.053573314693403
2.1570622572789073
2.1917263784229064
2.1570622572789073
2.053573314693403
1.882050640568016
1.6442921664973547
1.34252732765873
0.9797047318672938
0.5592764077846901
0.08534163944662154
0.0
0.0
4.440892098500626e-16
0.0
0.0
0.0
0.0
0.0
0.0
0.0
0.0
-4.440892098500626e-16
0.0
0.0
0.0
0.4572690438911913
0.8699829134477026
1.2261480643051437
1.522375809200649
1.7557716444305207
1.9241470428041563
2.0257370630388163
2.059765130970092
2.0257370630388163
1.9241470428041563
1.7557716444305207
1.522375809200649
1.2261480643051437
0.8699829134477026
0.4572690438911913
0.0
0.0
0.0
-4.440892098500626e-16
0.0
0.0
0.0
0.0
0.0
0.0
0.0
0.0
0.0
-4.440892098500626e-16
0.0
0.0
0.3561929913866191
0.7612628381886806
1.1108313255503646
1.4015725293104477
1.6306455559145556
1.7959024126752334
1.895610847425175
1.9290086692107717
1.895610847425175
1.7959024126752334
1.6306455559145556
1.4015725293104477
1.1108313255503646
0.7612628381886806
0.3561929913866191
0.0
0.0
-4.440892098500626e-16
0.0
0.0
0.0
0.0
0.0
0.0
0.0
2.220446049250313e-16
0.0
0.0
-4.440892098500626e-16
0.0
0.0
0.2560482502709718
0.6535445060902259
0.9965771113943891
1.2818823268267519
1.5066723750201216
1.6688394243066291
1.7666836104379833
1.7994569931449433
1.7666836104379833
1.6688394243066291
1.5066723750201216
1.2818823268267519
0.9965771113943891
0.6535445060902259
0.2560482502709718
0.0
0.0
-4.440892098500626e-16
0.0
0.0
2.220446049250313e-16
0.0
0.0
0.0
0.0
2.220446049250313e-16
0.0
0.0
0.0
0.0
0.0
0.1568348205442529
0.5468279171523402
0.8833854218372172
1.1633052017495569
1.3838521017472196
1.542958077698346
1.638955352077243
1.671110102772607
1.638955352077243
1.542958077698346
1.3838521017472196
1.1633052017495569
0.8833854218372172
0.5468279171523402
0.1568348205442529
0.0
0.0
0.0
0.0
0.0
2.220446049250313e-16
0.0
0.0
0.0
0.0
0.0
0.0
0.0
4.440892098500626e-16
0.0
0.0
0.05855270220645892
0.4411130713750211
0.7712562568788517
1.0458411540788664
1.2621847360958443
1.4182583728503824
1.5124260723429508
1.5439679980937626
1.5124260723429508
1.4182583728503824
1.2621847360958443
1.0458411540788664
0.7712562568788517
0.4411130713750211
0.05855270220645892
0.0
0.0
4.440892098500626e-16
0.0
0.0
0.0
0.0
0.0
0.0
0.0
0.0
0.0
0.0
-4.440892098500626e-16
0.0
0.0
0.0
0.33639996875827194
0.6601896165192906
0.9294901838146803
1.1416702780660044
1.294740309762739
1.38709577123511
1.418030679108412
1.38709577123511
1.294740309762739
1.1416702780660044
0.9294901838146803
0.6601896165192906
0.33639996875827194
0.0
0.0
0.0
-4.440892098500626e-16
0.0
0.0
0.0
0.0
0.0
0.0
0.0
-2.220446049250313e-16
0.0
0.0
0.0
0.0
0.0
0.0
0.23268860930208923
0.550185500758535
0.8142522909569978
1.022308727657693
1.1724038884354178
1.262964448753717
1.2932981458165536
1.262964448753717
1.1724038884354178
1.022308727657693
0.8142522909569978
0.550185500758535
0.23268860930208923
0.0
0.0
0.0
0.0
0.0
0.0
-2.220446049250313e-16
0.0
0.0
0.0
0.0
0.0
0.0
0.0
0.0
-4.440892098500626e-16
0.0
0.0
0.12997899300647564
0.441243909596583
0.700127475505818
0.9041000848709118
1.051249108868415
1.1400321048987747
1.1697703982181862
1.1400321048987747
1.051249108868415
0.9041000848709118
0.700127475505818
0.441243909596583
0.12997899300647564
0.0
0.0
-4.440892098500626e-16
0.0
0.0
0.0
0.0
0.0
0.0
0.0
0.0
0.0
0.0
0.0
0.0
0.0
0.0
0.0
0.028271119871429384
0.3333648430334364
0.5871157374611427
0.7870443497056607
0.9312759710617327
1.0182987396702812
1.0474474363133117
1.0182987396702812
0.9312759710617327
0.7870443497056607
0.5871157374611427
0.3333648430334364
0.028271119871429384
0.0
0.0
0.0
0.0
0.0
0.0
0.0
0.0
0.0
0.0
0.0
-2.220446049250313e-16
0.0
0.0
-4.440892098500626e-16
-4.440892098500626e-16
0.0
0.0
0.0
0.2265483010690943
0.4752170768229709
0.6711415221619408
0.8124844750153715
0.8977643530682382
0.9263292601019293
0.8977643530682382
0.8124844750153715
0.6711415221619408
0.4752170768229709
0.2265483010690943
0.0
0.0
0.0
-4.440892098500626e-16
-4.440892098500626e-16
0.0
0.0
-2.220446049250313e-16
0.0
0.0
0.0
0.0
0.0
0.0
0.0
0.0
-4.440892098500626e-16
0.0
0.0
0.0
0.12079428370355672
0.36443149359130267
0.556391602239751
0.6948746207293306
0.778428945092644
0.8064158695840398
0.778428945092644
0.6948746207293306
0.556391602239751
0.36443149359130267
0.12079428370355672
0.0
0.0
0.0
-4.440892098500626e-16
0.0
0.0
0.0
0.0
0.0
0.0
0.0
0.0
0.0
0.0
0.0
0.0
0.0
0.0
0.0
0.0
0.016102790936823652
0.2547589877661389
0.4427945899390915
0.5784464082036092
0.6602925157435013
0.6877072647596423
0.6602925157435013
0.5784464082036092
0.4427945899390915
0.2547589877661389
0.016102790936823652
0.0
0.0
0.0
0.0
0.0
0.0
0.0
0.0
0.0
0.0
0.0
0.0
0.0
0.0
0.0
0.0
0.0
0.0
0.0
0.0
0.0
0.14619955934747875
0.3303504852599648
0.4631998374382098
0.5433550650208065
0.5702034456287377
0.5433550650208065
0.4631998374382098
0.3303504852599648
0.14619955934747875
0.0
0.0
0.0
0.0
0.0
0.0
0.0
0.0
0.0
0.0
0.0
0.0
0.0
0.0
0.0
0.0
0.0
0.0
-4.440892098500626e-16
0.0
0.0
0.0
0.038753208335321254
0.21905928820236564
0.349134908433129
0.42761659292456144
0.45390441219132427
0.42761659292456144
0.349134908433129
0.21905928820236564
0.038753208335321254
0.0
0.0
0.0
-4.440892098500626e-16
0.0
0.0
0.0
0.0
0.0
0.0
0.0
0.0
0.0
0.0
0.0
0.0
0.0
0.0
0.0
0.0
0.0
0.0
0.0
0.10892099876629935
0.2362516211883703
0.3130770994547678
0.33881016444740464
0.3130770994547678
0.2362516211883703
0.10892099876629935
0.0
0.0
0.0
0.0
0.0
0.0
0.0
0.0
0.0
0.0
0.0
0.0
0.0
0.0
0.0
0.0
0.0
0.0
-4.440892098500626e-16
0.0
0.0
0.0
0.0
0.0
0.0
0.124549975703931
0.19973658461142207
0.22492070239697615
0.19973658461142207
0.124549975703931
0.0
0.0
0.0
0.0
0.0
0.0
-4.440892098500626e-16
0.0
0.0
0.0
0.0
0.0
0.0
0.0
0.0
0.0
0.0
0.0
0.0
4.440892098500626e-16
0.0
0.0
0.0
0.0
0.0
0.0
0.014029971979811151
0.08759504839452692
0.11223602604004057
0.08759504839452692
0.014029971979811151
0.0
0.0
0.0
0.0
0.0
0.0
4.440892098500626e-16
0.0
0.0
0.0
0.0
0.0
0.0
0.0
0.0
0.0
-2.220446049250313e-16
0.0
0.0
0.0
0.0
-4.440892098500626e-16
0.0
0.0
0.0
0.0
0.0
0.0
0.0007561353765970225
0.0
0.0
0.0
0.0
0.0
0.0
-4.440892098500626e-16
0.0
0.0
0.0
0.0
-2.220446049250313e-16
0.0
0.0
0.0
0.0
-1.1102230246251565e-16
0.0
-2.220446049250313e-16
0.0
0.0
0.0
-4.440892098500626e-16
-4.440892098500626e-16
0.0
0.0
0.0
0.0
0.0
0.0
0.0
0.0
0.0
0.0
0.0
0.0
0.0
-4.440892098500626e-16
-4.440892098500626e-16
0.0
0.0
0.0
-2.220446049250313e-16
0.0
-1.1102230246251565e-16
0.0
0.0
0.0
0.0
-2.220446049250313e-16
0.0
0.0
0.0
0.0
0.0
0.0
0.0
0.0
0.0
0.0
0.0
0.0
0.0
0.0
0.0
0.0
0.0
0.0
0.0
0.0
0.0
0.0
0.0
-2.220446049250313e-16
0.0
0.0
0.0
0.0
0.0
0.0
-2.220446049250313e-16
0.0
0.0
0.0
0.0
0.0
0.0
0.0
0.0
0.0
0.0
0.0
0.0
0.0
0.0
0.0
0.0
0.0
0.0
0.0
0.0
0.0
0.0
0.0
-2.220446049250313e-16
0.0
0.0
0.0
0.0
0.0
0.0
0.0
0.0
0.0
0.0
0.0
0.0
0.0
0.0
0.0
0.0
0.0
0.0
0.0
0.0
0.0
0.0
0.0
0.0
0.0
0.0
0.0
0.0
0.0
0.0
0.0
0.0
0.0
0.0
-5.551115123125783e-17
0.0
0.0
0.0
0.0
0.0
0.0
0.0
0.0
0.0
-4.440892098500626e-16
0.0
0.0
0.0
0.0
0.0
0.0
0.0
0.0
0.0
-4.440892098500626e-16
0.0
0.0
0.0
0.0
0.0
0.0
0.0
0.0
0.0
-5.551115123125783e-17
-5.551115123125783e-17
0.0
0.0
-2.220446049250313e-16
0.0
0.0
0.0
0.0
-4.440892098500626e-16
0.0
0.0
0.0
0.0
0.0
0.0
0.0
0.0
0.0
0.0
0.0
0.0
0.0
-4.440892098500626e-16
0.0
0.0
0.0
0.0
-2.220446049250313e-16
0.0
0.0
-5.551115123125783e-17
-5.551115123125783e-17
-1.1102230246251565e-16
0.0
0.0
0.0
0.0
0.0
0.0
0.0
-4.440892098500626e-16
0.0
-4.440892098500626e-16
0.0
0.0
0.0
0.0
0.0
0.0
0.0
-4.440892098500626e-16
0.0
-4.440892098500626e-16
0.0
0.0
0.0
0.0
0.0
0.0
0.0
-1.1102230246251565e-16
-5.551115123125783e-17
0.0
0.0
0.0
0.0
-2.220446049250313e-16
0.0
0.0
0.0
0.0
0.0
0.0
0.0
0.0
0.0
0.0
0.0
0.0
0.0
0.0
0.0
0.0
0.0
0.0
0.0
0.0
0.0
-2.220446049250313e-16
0.0
0.0
0.0
0.0
5.551115123125783e-17
0.0
0.0
0.0
0.0
0.0
0.0
0.0
0.0
0.0
0.0
0.0
0.0
-4.440892098500626e-16
0.0
0.0
0.0
-4.440892098500626e-16
0.0
0.0
0.0
0.0
0.0
0.0
0.0
0.0
0.0
0.0
0.0
0.0
5.551115123125783e-17
0.0
0.0
0.0
0.0
0.0
0.0
0.0
0.0
0.0
0.0
-4.440892098500626e-16
0.0
-4.440892098500626e-16
0.0
0.0
0.0
0.0
0.0
-4.440892098500626e-16
0.0
-4.440892098500626e-16
0.0
0.0
0.0
0.0
0.0
0.0
0.0
0.0
0.0
0.0
0.0
0.0
0.0
0.0
0.0
0.0
0.0
0.0
0.0
-4.440892098500626e-16
-4.440892098500626e-16
0.0
0.0
0.0
0.0
0.0
0.0
0.0
0.0
0.0
-4.440892098500626e-16
-4.440892098500626e-16
0.0
0.0
0.0
0.0
0.0
0.0
0.0
0.0
0.0
0.0
0.0
0.0
0.0
0.0
0.0
0.0
0.0
0.0
0.0
0.0
0.0
0.0
0.0
-4.440892098500626e-16
0.0
-4.440892098500626e-16
0.0
0.0
0.0
0.0
0.0
0.0
0.0
0.0
0.0
0.0
0.0
0.0
0.0
0.0
0.0
0.0
0.0
0.0
0.0
0.0
0.0
0.0
0.0
0.0
-4.440892098500626e-16
-4.440892098500626e-16
0.0
0.0
0.0
0.0
0.0
0.0
0.0
-4.440892098500626e-16
-4.440892098500626e-16
0.0
0.0
0.0
0.0
0.0
0.0
0.0
0.0
0.0
0.0
0.0
0.0
0.0
0.0
0.0
-2.220446049250313e-16
0.0
0.0
0.0
0.0
0.0
0.0
0.0
0.0
-4.440892098500626e-16
-4.440892098500626e-16
-4.440892098500626e-16
0.0
0.0
0.0
0.0
0.0
0.0
0.0
0.0
-2.220446049250313e-16
0.0
0.0
0.0
0.0
0.0
0.0
0.0
0.0
0.0
-2.220446049250313e-16
-2.220446049250313e-16
0.0
0.0
0.0
0.0
0.0
0.0
-4.440892098500626e-16
0.0
0.0
-4.440892098500626e-16
0.0
0.0
-4.440892098500626e-16
0.0
0.0
0.0
0.0
0.0
0.0
-2.220446049250313e-16
-2.220446049250313e-16
0.0
0.0
0.0
0.0
0.0
0.0
0.0
0.0
0.0
0.0
0.0
0.0
0.0
0.0
0.0
0.0
4.440892098500626e-16
-4.440892098500626e-16
-4.440892098500626e-16
0.0
-4.440892098500626e-16
-4.440892098500626e-16
4.440892098500626e-16
0.0
0.0
0.0
0.0
0.0
0.0
0.0
0.0
0.0
0.0
0.0
0.0
0.0
0.0
0.0
0.0
0.0
0.0
0.0
0.0
0.0
0.0
0.0
0.0
-4.440892098500626e-16
0.0
-4.440892098500626e-16
0.0
-4.440892098500626e-16
0.0
-4.440892098500626e-16
0.0
0.0
0.0
0.0
0.0
0.0
0.0
0.0
0.0
0.0
0.0
0.0
0.0
0.0
1.1102230246251565e-16
0.0
0.0
0.0
0.0
0.0
0.0
0.0
0.0
0.0
0.0
-4.440892098500626e-16
0.0
0.0
0.0
-4.440892098500626e-16
0.0
0.0
0.0
0.0
0.0
0.0
0.0
0.0
0.0
0.0
1.1102230246251565e-16
0.0
0.0
0.0
0.0
0.0
0.0
0.0
0.0
0.0
0.0
0.0
0.0
0.0
0.0
0.0
0.0
0.0
0.0
0.0
0.0
0.0
0.0
0.0
0.0
0.0
0.0
0.0
0.0
0.0
0.0
0.0
0.0
0.0
0.0
0.0
0.0
0.0
0.0
0.0
0.0
0.0
0.0
0.0
0.0
0.0
0.0
0.0
0.0
0.0
0.0
0.0
0.0
0.0
0.0
0.0
0.0
0.0
0.0
0.0
0.0
0.0
0.0
0.0
0.0
0.0
0.0
-1.1102230246251565e-16
0.0
0.0
0.0
0.0
0.0
0.0
0.0
0.0
0.0
0.0
0.0
0.0
0.0
0.0
0.0
0.0
0.0
0.0
0.0
0.0
0.0
0.0
0.0
0.0
0.0
-1.1102230246251565e-16
0.0
0.0
0.0
0.0
0.0
0.0
0.0
2.220446049250313e-16
-2.220446049250313e-16
0.0
0.0
0.0
0.0
0.0
0.0
0.0
0.0
0.0
0.0
0.0
0.0
0.0
0.0
0.0
0.0
0.0
-2.220446049250313e-16
2.220446049250313e-16
0.0
0.0
0.0
0.0
0.0
0.0
0.0
-1.1102230246251565e-16
0.0
0.0
0.0
-2.220446049250313e-16
0.0
0.0
0.0
0.0
0.0
0.0
0.0
0.0
0.0
0.0
0.0
0.0
0.0
0.0
0.0
0.0
0.0
-2.220446049250313e-16
0.0
0.0
0.0
-1.1102230246251565e-16
0.0
0.0
0.0
0.0
0.0
0.0
0.0
0.0
0.0
0.0
0.0
0.0
0.0
0.0
0.0
0.0
0.0
0.0
0.0
0.0
0.0
0.0
0.0
0.0
0.0
0.0
0.0
0.0
0.0
0.0
0.0
0.0
0.0
0.0
0.0
0.0
0.0
0.0
0.0
0.0
0.0
0.0
0.0
0.0
0.0
0.0
0.0
0.0
-4.440892098500626e-16
0.0
0.0
0.0
0.0
0.0
0.0
0.0
0.0
0.0
0.0
0.0
0.0
0.0
0.0
0.0
-2.7755575615628914e-17
-5.551115123125783e-17
0.0
1.1102230246251565e-16
-2.220446049250313e-16
0.0
0.0
0.0
0.0
0.0
0.0
0.0
0.0
0.0
0.0
0.0
0.0
0.0
0.0
0.0
0.0
0.0
0.0
0.0
0.0
0.0
-2.220446049250313e-16
1.1102230246251565e-16
0.0
-5.551115123125783e-17
-2.7755575615628914e-17
0.0
0.0
0.0
-1.1102230246251565e-16
0.0
0.0
0.0
0.0
-2.220446049250313e-16
0.0
0.0
0.0
0.0
-4.440892098500626e-16
0.0
0.0
0.0
-4.440892098500626e-16
0.0
0.0
0.0
0.0
-2.220446049250313e-16
0.0
0.0
0.0
0.0
-1.1102230246251565e-16
0.0
0.0
0.0
0.0
0.0
0.0
0.0
0.0
0.0
0.0
-2.220446049250313e-16
0.0
-2.220446049250313e-16
0.0
0.0
0.0
0.0
0.0
0.0
0.0
0.0
0.0
0.0
0.0
-2.220446049250313e-16
0.0
-2.220446049250313e-16
0.0
0.0
0.0
0.0
0.0
0.0
0.0
-2.7755575615628914e-17
0.0
0.0
0.0
0.0
0.0
0.0
0.0
0.0
0.0
0.0
0.0
0.0
0.0
0.0
0.0
0.0
0.0
0.0
0.0
0.0
0.0
0.0
0.0
0.0
0.0
0.0
0.0
0.0
0.0
-2.7755575615628914e-17
-2.7755575615628914e-17
0.0
0.0
0.0
0.0
0.0
0.0
0.0
0.0
0.0
0.0
0.0
0.0
0.0
0.0
0.0
0.0
0.0
0.0
0.0
0.0
0.0
0.0
0.0
0.0
0.0
0.0
0.0
0.0
0.0
-2.7755575615628914e-17
0.0
-5.551115123125783e-17
0.0
-1.1102230246251565e-16
0.0
0.0
0.0
0.0
-2.220446049250313e-16
-2.220446049250313e-16
0.0
0.0
0.0
0.0
0.0
0.0
0.0
0.0
0.0
0.0
0.0
-2.220446049250313e-16
-2.220446049250313e-16
0.0
0.0
0.0
0.0
-1.1102230246251565e-16
0.0
-5.551115123125783e-17
0.0
-2.7755575615628914e-17
0.0
0.0
1.1102230246251565e-16
0.0
0.0
0.0
0.0
0.0
0.0
0.0
0.0
-2.220446049250313e-16
0.0
0.0
0.0
0.0
0.0
-2.220446049250313e-16
0.0
0.0
0.0
0.0
0.0
0.0
0.0
0.0
1.1102230246251565e-16
0.0
0.0
-2.7755575615628914e-17
0.0
0.0
0.0
0.0
-1.1102230246251565e-16
0.0
0.0
0.0
0.0
-2.220446049250313e-16
0.0
0.0
-2.220446049250313e-16
0.0
0.0
-2.220446049250313e-16
0.0
0.0
-2.220446049250313e-16
0.0
0.0
-2.220446049250313e-16
0.0
0.0
0.0
0.0
-1.1102230246251565e-16
0.0
0.0
0.0
0.0
0.0
0.0
0.0
0.0
-1.1102230246251565e-16
0.0
0.0
0.0
0.0
2.220446049250313e-16
-2.220446049250313e-16
-2.220446049250313e-16
0.0
-2.220446049250313e-16
0.0
0.0
0.0
-2.220446049250313e-16
0.0
-2.220446049250313e-16
-2.220446049250313e-16
2.220446049250313e-16
0.0
0.0
0.0
0.0
-1.1102230246251565e-16
0.0
0.0
0.0
0.0
0.0
0.0
0.0
0.0
-1.1102230246251565e-16
0.0
0.0
0.0
0.0
0.0
0.0
-2.220446049250313e-16
-2.220446049250313e-16
2.220446049250313e-16
0.0
0.0
0.0
2.220446049250313e-16
-2.220446049250313e-16
-2.220446049250313e-16
0.0
0.0
0.0
0.0
0.0
0.0
-1.1102230246251565e-16
0.0
0.0
0.0
0.0
0.0
0.0
0.0
0.0
0.0
-1.1102230246251565e-16
0.0
0.0
0.0
0.0
2.220446049250313e-16
0.0
0.0
0.0
-2.220446049250313e-16
0.0
-2.220446049250313e-16
0.0
0.0
0.0
2.220446049250313e-16
0.0
0.0
0.0
0.0
-1.1102230246251565e-16
0.0
0.0
0.0
0.0
0.0
0.0
0.0
0.0
0.0
0.0
0.0
0.0
0.0
0.0
0.0
0.0
-2.220446049250313e-16
0.0
0.0
0.0
-2.220446049250313e-16
0.0
0.0
0.0
-2.220446049250313e-16
0.0
0.0
0.0
0.0
0.0
0.0
0.0
0.0
0.0
0.0
0.0
0.0
0.0
-5.551115123125783e-17
0.0
0.0
-1.1102230246251565e-16
0.0
0.0
0.0
0.0
0.0
0.0
0.0
0.0
-2.220446049250313e-16
0.0
-2.220446049250313e-16
0.0
0.0
0.0
0.0
0.0
0.0
0.0
0.0
-1.1102230246251565e-16
0.0
0.0
-5.551115123125783e-17
0.0
0.0
0.0
0.0
0.0
0.0
-1.1102230246251565e-16
0.0
0.0
0.0
0.0
0.0
0.0
0.0
0.0
0.0
0.0
0.0
0.0
0.0
0.0
0.0
0.0
0.0
0.0
0.0
0.0
0.0
-1.1102230246251565e-16
0.0
0.0
0.0
0.0
0.0
0.0
0.0
0.0
0.0
0.0
0.0
0.0
0.0
0.0
0.0
0.0
0.0
0.0
0.0
0.0
0.0
0.0
0.0
0.0
0.0
0.0
0.0
0.0
0.0
0.0
0.0
0.0
0.0
0.0
0.0
0.0
0.0
-5.551115123125783e-17
0.0
0.0
0.0
0.0
0.0
0.0
0.0
0.0
0.0
0.0
0.0
0.0
0.0
0.0
0.0
0.0
0.0
0.0
0.0
0.0
0.0
0.0
0.0
0.0
0.0
-5.551115123125783e-17
0.0
0.0
0.0
0.0
-5.551115123125783e-17
0.0
0.0
0.0
-1.1102230246251565e-16
0.0
0.0
0.0
0.0
0.0
0.0
0.0
0.0
0.0
0.0
0.0
0.0
0.0
0.0
0.0
0.0
0.0
-1.1102230246251565e-16
0.0
0.0
0.0
-5.551115123125783e-17
0.0
0.0
0.0
0.0
-5.551115123125783e-17
0.0
0.0
0.0
0.0
0.0
0.0
0.0
0.0
0.0
0.0
0.0
0.0
0.0
0.0
0.0
0.0
0.0
0.0
0.0
0.0
0.0
0.0
0.0
0.0
0.0
-5.551115123125783e-17
0.0
0.0
0.0
0.0
0.0
0.0
0.0
0.0
0.0
0.0
0.0
0.0
0.0
0.0
0.0
0.0
0.0
0.0
0.0
0.0
0.0
0.0
0.0
0.0
0.0
0.0
0.0
0.0
0.0
0.0
0.0
0.0
0.0
0.0
2.7755575615628914e-17
0.0
-5.551115123125783e-17
0.0
0.0
0.0
0.0
0.0
0.0
0.0
0.0
0.0
0.0
0.0
0.0
0.0
0.0
0.0
0.0
0.0
0.0
0.0
0.0
0.0
0.0
0.0
-5.551115123125783e-17
0.0
2.7755575615628914e-17
0.0
0.0
-2.7755575615628914e-17
0.0
0.0
0.0
0.0
0.0
1.1102230246251565e-16
-1.1102230246251565e-16
0.0
0.0
0.0
0.0
0.0
0.0
0.0
0.0
0.0
0.0
0.0
0.0
0.0
-1.1102230246251565e-16
1.1102230246251565e-16
0.0
0.0
0.0
0.0
0.0
-2.7755575615628914e-17
0.0
-1.3877787807814457e-17
0.0
0.0
0.0
0.0
0.0
0.0
0.0
0.0
-1.1102230246251565e-16
0.0
0.0
0.0
0.0
0.0
0.0
0.0
0.0
0.0
0.0
0.0
-1.1102230246251565e-16
0.0
0.0
0.0
0.0
0.0
0.0
0.0
0.0
-1.3877787807814457e-17
0.0
0.0
0.0
0.0
0.0
0.0
0.0
0.0
-1.1102230246251565e-16
0.0
0.0
-1.1102230246251565e-16
0.0
0.0
0.0
0.0
0.0
0.0
0.0
-1.1102230246251565e-16
0.0
0.0
-1.1102230246251565e-16
0.0
0.0
0.0
0.0
0.0
0.0
0.0
0.0
0.0
-2.7755575615628914e-17
0.0
0.0
0.0
0.0
0.0
0.0
0.0
0.0
-1.1102230246251565e-16
0.0
0.0
0.0
0.0
0.0
0.0
0.0
0.0
0.0
-1.1102230246251565e-16
0.0
0.0
0.0
0.0
0.0
0.0
0.0
0.0
-2.7755575615628914e-17
0.0
0.0
-2.7755575615628914e-17
0.0
0.0
0.0
0.0
0.0
0.0
0.0
0.0
-1.1102230246251565e-16
-1.1102230246251565e-16
-1.1102230246251565e-16
-1.1102230246251565e-16
0.0
0.0
0.0
-1.1102230246251565e-16
-1.1102230246251565e-16
-1.1102230246251565e-16
-1.1102230246251565e-16
0.0
0.0
0.0
0.0
0.0
0.0
0.0
0.0
-2.7755575615628914e-17
0.0
0.0
0.0
0.0
0.0
0.0
0.0
0.0
0.0
0.0
0.0
0.0
-1.1102230246251565e-16
0.0
0.0
0.0
-1.1102230246251565e-16
0.0
0.0
0.0
-1.1102230246251565e-16
0.0
0.0
0.0
0.0
0.0
0.0
0.0
0.0
0.0
0.0
0.0
0.0
0.0
0.0
0.0
-5.551115123125783e-17
0.0
0.0
0.0
0.0
0.0
0.0
-1.1102230246251565e-16
0.0
0.0
0.0
0.0
0.0
0.0
0.0
-1.1102230246251565e-16
0.0
0.0
0.0
0.0
0.0
0.0
-5.551115123125783e-17
0.0
0.0
0.0
0.0
0.0
0.0
0.0
0.0
0.0
-5.551115123125783e-17
0.0
0.0
0.0
0.0
0.0
0.0
0.0
-1.1102230246251565e-16
0.0
0.0
0.0
-1.1102230246251565e-16
0.0
0.0
0.0
0.0
0.0
0.0
0.0
-5.551115123125783e-17
0.0
0.0
0.0
0.0
0.0
0.0
0.0
-2.7755575615628914e-17
0.0
0.0
-5.551115123125783e-17
0.0
0.0
0.0
0.0
0.0
0.0
0.0
0.0
-1.1102230246251565e-16
0.0
-1.1102230246251565e-16
0.0
0.0
0.0
0.0
0.0
0.0
0.0
0.0
-5.551115123125783e-17
0.0
0.0
-2.7755575615628914e-17
0.0
0.0
0.0
0.0
-2.7755575615628914e-17
0.0
0.0
-5.551115123125783e-17
0.0
0.0
0.0
0.0
0.0
0.0
0.0
0.0
0.0
0.0
0.0
0.0
0.0
0.0
0.0
0.0
0.0
0.0
0.0
-5.551115123125783e-17
0.0
0.0
-2.7755575615628914e-17
0.0
0.0
0.0
0.0
0.0
0.0
0.0
0.0
0.0
0.0
0.0
0.0
0.0
0.0
0.0
0.0
0.0
0.0
0.0
0.0
0.0
0.0
0.0
0.0
0.0
0.0
0.0
0.0
0.0
0.0
0.0
0.0
0.0
0.0
0.0
0.0
2.7755575615628914e-17
0.0
0.0
5.551115123125783e-17
0.0
0.0
0.0
0.0
0.0
0.0
0.0
0.0
0.0
0.0
0.0
0.0
0.0
0.0
0.0
0.0
0.0
5.551115123125783e-17
0.0
0.0
2.7755575615628914e-17
0.0
0.0
0.0
0.0
0.0
0.0
0.0
0.0
0.0
0.0
0.0
-5.551115123125783e-17
0.0
0.0
0.0
0.0
0.0
0.0
0.0
0.0
0.0
0.0
0.0
0.0
0.0
-5.551115123125783e-17
0.0
0.0
0.0
0.0
0.0
0.0
0.0
0.0
-6.938893903907228e-18
-1.3877787807814457e-17
0.0
-2.7755575615628914e-17
0.0
0.0
0.0
0.0
-5.551115123125783e-17
-5.551115123125783e-17
0.0
0.0
0.0
0.0
0.0
0.0
0.0
0.0
0.0
0.0
0.0
-5.551115123125783e-17
-5.551115123125783e-17
0.0
0.0
0.0
0.0
-2.7755575615628914e-17
0.0
-1.3877787807814457e-17
-6.938893903907228e-18
0.0
0.0
0.0
0.0
-2.7755575615628914e-17
0.0
0.0
0.0
0.0
-5.551115123125783e-17
0.0
-5.551115123125783e-17
0.0
0.0
0.0
0.0
0.0
0.0
0.0
-5.551115123125783e-17
0.0
-5.551115123125783e-17
0.0
0.0
0.0
0.0
-2.7755575615628914e-17
0.0
0.0
0.0
0.0
0.0
0.0
0.0
0.0
0.0
0.0
0.0
0.0
0.0
0.0
-5.551115123125783e-17
0.0
0.0
0.0
-5.551115123125783e-17
0.0
-5.551115123125783e-17
0.0
0.0
0.0
-5.551115123125783e-17
0.0
0.0
0.0
0.0
0.0
0.0
0.0
0.0
0.0
0.0
0.0
0.0
0.0
0.0
-2.7755575615628914e-17
-2.7755575615628914e-17
0.0
0.0
0.0
0.0
0.0
0.0
-5.551115123125783e-17
0.0
0.0
0.0
0.0
0.0
-5.551115123125783e-17
0.0
0.0
0.0
0.0
0.0
0.0
-2.7755575615628914e-17
-2.7755575615628914e-17
0.0
0.0
0.0
0.0
0.0
0.0
0.0
0.0
0.0
0.0
0.0
0.0
0.0
0.0
0.0
0.0
0.0
0.0
-5.551115123125783e-17
-5.551115123125783e-17
-5.551115123125783e-17
0.0
0.0
0.0
0.0
0.0
0.0
0.0
0.0
0.0
0.0
0.0
0.0
0.0
0.0
0.0
0.0
-1.3877787807814457e-17
0.0
0.0
0.0
0.0
0.0
0.0
0.0
0.0
0.0
0.0
0.0
0.0
0.0
0.0
0.0
0.0
0.0
0.0
0.0
0.0
0.0
0.0
0.0
0.0
0.0
-1.3877787807814457e-17
0.0
0.0
0.0
0.0
0.0
0.0
0.0
0.0
-2.7755575615628914e-17
-2.7755575615628914e-17
0.0
0.0
0.0
0.0
0.0
0.0
0.0
0.0
0.0
0.0
0.0
0.0
0.0
0.0
0.0
-2.7755575615628914e-17
-2.7755575615628914e-17
0.0
0.0
0.0
0.0
0.0
0.0
0.0
0.0
0.0
0.0
0.0
0.0
0.0
0.0
0.0
0.0
0.0
0.0
0.0
0.0
0.0
0.0
0.0
0.0
0.0
0.0
0.0
0.0
0.0
0.0
0.0
0.0
0.0
0.0
0.0
0.0
0.0
0.0
0.0
0.0
-1.3877787807814457e-17
0.0
0.0
0.0
0.0
-2.7755575615628914e-17
-2.7755575615628914e-17
0.0
0.0
0.0
0.0
0.0
0.0
0.0
0.0
0.0
0.0
0.0
-2.7755575615628914e-17
-2.7755575615628914e-17
0.0
0.0
0.0
0.0
-1.3877787807814457e-17
0.0
0.0
0.0
0.0
0.0
0.0
0.0
0.0
0.0
0.0
0.0
0.0
-2.7755575615628914e-17
0.0
-2.7755575615628914e-17
0.0
0.0
0.0
-2.7755575615628914e-17
0.0
0.0
0.0
-2.7755575615628914e-17
0.0
-2.7755575615628914e-17
0.0
0.0
0.0
0.0
0.0
0.0
0.0
0.0
0.0
0.0
0.0
0.0
0.0
-1.3877787807814457e-17
-1.3877787807814457e-17
0.0
0.0
0.0
0.0
0.0
-2.7755575615628914e-17
-2.7755575615628914e-17
0.0
-2.7755575615628914e-17
0.0
-2.7755575615628914e-17
0.0
-2.7755575615628914e-17
-2.7755575615628914e-17
0.0
0.0
0.0
0.0
0.0
-1.3877787807814457e-17
-1.3877787807814457e-17
0.0
0.0
0.0
0.0
0.0
0.0
-6.938893903907228e-18
0.0
0.0
0.0
1.3877787807814457e-17
0.0
0.0
0.0
0.0
0.0
0.0
0.0
0.0
0.0
0.0
0.0
0.0
0.0
0.0
0.0
0.0
0.0
1.3877787807814457e-17
0.0
0.0
0.0
-6.938893903907228e-18
0.0
0.0
0.0
0.0
0.0
0.0
0.0
0.0
0.0
0.0
0.0
0.0
0.0
0.0
0.0
0.0
0.0
0.0
0.0
0.0
0.0
0.0
0.0
0.0
0.0
0.0
0.0
0.0
0.0
0.0
0.0
0.0
0.0
0.0
0.0
0.0
0.0
0.0
0.0
0.0
0.0
0.0
0.0
0.0
0.0
0.0
0.0
0.0
0.0
0.0
0.0
0.0
0.0
0.0
0.0
0.0
0.0
0.0
0.0
0.0
0.0
0.0
0.0
0.0
0.0
0.0
0.0
0.0
0.0
0.0
0.0
0.0
0.0
0.0
0.0
0.0
0.0
-1.3877787807814457e-17
1.3877787807814457e-17
0.0
1.3877787807814457e-17
-1.3877787807814457e-17
0.0
0.0
0.0
0.0
0.0
0.0
0.0
0.0
0.0
0.0
0.0
0.0
0.0
0.0
0.0
-3.469446951953614e-18
0.0
0.0
0.0
0.0
0.0
0.0
0.0
0.0
0.0
0.0
0.0
0.0
0.0
0.0
0.0
0.0
0.0
0.0
0.0
0.0
0.0
0.0
0.0
0.0
0.0
-3.469446951953614e-18
0.0
0.0
-8.673617379884035e-19
0.0
0.0
0.0
0.0
0.0
0.0
0.0
-6.938893903907228e-18
0.0
0.0
0.0
0.0
0.0
0.0
0.0
0.0
0.0
0.0
0.0
0.0
0.0
-6.938893903907228e-18
0.0
0.0
0.0
0.0
0.0
0.0
0.0
-8.673617379884035e-19
0.0
0.0
0.0
0.0
-3.469446951953614e-18
0.0
0.0
0.0
0.0
0.0
0.0
0.0
0.0
0.0
-6.938893903907228e-18
0.0
-6.938893903907228e-18
0.0
0.0
0.0
0.0
0.0
0.0
0.0
0.0
0.0
-3.469446951953614e-18
0.0
0.0
0.0
0.0
0.0
0.0
0.0
0.0
0.0
0.0
0.0
0.0
0.0
0.0
0.0
0.0
0.0
0.0
0.0
0.0
0.0
0.0
0.0
0.0
0.0
0.0
0.0
0.0
0.0
0.0
0.0
0.0
0.0
0.0
0.0
-2.168404344971009e-19
0.0
0.0
-8.673617379884035e-19
0.0
0.0
0.0
0.0
0.0
-1.734723475976807e-18
1.734723475976807e-18
0.0
0.0
0.0
0.0
0.0
0.0
0.0
0.0
0.0
1.734723475976807e-18
-1.734723475976807e-18
0.0
0.0
0.0
0.0
0.0
-8.673617379884035e-19
0.0
0.0
-2.168404344971009e-19
0.0
0.0
0.0
0.0
0.0
0.0
0.0
0.0
0.0
0.0
-1.0842021724855044e-19
-1.0842021724855044e-19
-1.0842021724855044e-19
0.0
-1.0842021724855044e-19
0.0
-1.0842021724855044e-19
0.0
-1.0842021724855044e-19
-1.0842021724855044e-19
-1.0842021724855044e-19
0.0
0.0
0.0
0.0
0.0
0.0
0.0
0.0
0.0
0.0
0.0
0.0
0.0
0.0
-8.673617379884035e-19
0.0
0.0
0.0
0.0
0.0
1.734723475976807e-18
0.0
0.0
0.0
0.0
0.0
0.0
0.0
0.0
0.0
1.734723475976807e-18
0.0
0.0
0.0
0.0
0.0
-8.673617379884035e-19
0.0
0.0
0.0
0.0
0.0
0.0
0.0
0.0
0.0
1.734723475976807e-18
0.0
0.0
0.0
0.0
3.469446951953614e-18
0.0
0.0
-3.469446951953614e-18
0.0
3.469446951953614e-18
0.0
-3.469446951953614e-18
0.0
0.0
3.469446951953614e-18
0.0
0.0
0.0
0.0
1.734723475976807e-18
0.0
0.0
0.0
0.0
0.0
0.0
0.0
0.0
0.0
0.0
0.0
0.0
3.469446951953614e-18
0.0
0.0
0.0
0.0
0.0
0.0
0.0
0.0
0.0
0.0
0.0
0.0
0.0
0.0
0.0
3.469446951953614e-18
0.0
0.0
0.0
0.0
0.0
0.0
0.0
0.0
0.0
0.0
0.0
0.0
3.469446951953614e-18
0.0
0.0
0.0
0.0
0.0
0.0
0.0
0.0
0.0
0.0
0.0
0.0
0.0
0.0
0.0
0.0
0.0
0.0
0.0
3.469446951953614e-18
0.0
0.0
0.0
0.0
0.0
0.0
0.0
0.0
0.0
3.469446951953614e-18
0.0
0.0
0.0
0.0
6.938893903907228e-18
0.0
0.0
0.0
0.0
0.0
-6.938893903907228e-18
0.0
0.0
0.0
0.0
0.0
6.938893903907228e-18
0.0
0.0
0.0
0.0
3.469446951953614e-18
0.0
0.0
0.0
0.0
0.0
-1.734723475976807e-18
0.0
0.0
0.0
0.0
0.0
6.938893903907228e-18
6.938893903907228e-18
6.938893903907228e-18
0.0
0.0
0.0
0.0
0.0
0.0
0.0
0.0
0.0
0.0
0.0
6.938893903907228e-18
6.938893903907228e-18
6.938893903907228e-18
0.0
0.0
0.0
0.0
0.0
-1.734723475976807e-18
0.0
0.0
1.734723475976807e-18
0.0
3.469446951953614e-18
0.0
0.0
0.0
0.0
0.0
0.0
0.0
0.0
0.0
0.0
0.0
0.0
0.0
0.0
0.0
0.0
0.0
0.0
0.0
0.0
0.0
0.0
0.0
3.469446951953614e-18
0.0
1.734723475976807e-18
0.0
0.0
0.0
0.0
0.0
0.0
0.0
0.0
0.0
0.0
0.0
0.0
0.0
0.0
0.0
0.0
0.0
0.0
0.0
0.0
0.0
0.0
0.0
0.0
0.0
0.0
0.0
0.0
0.0
0.0
0.0
0.0
0.0
0.0
0.0
0.0
0.0
0.0
0.0
0.0
0.0
0.0
0.0
0.0
0.0
0.0
0.0
0.0
0.0
0.0
0.0
0.0
0.0
0.0
0.0
0.0
0.0
0.0
0.0
0.0
0.0
0.0
0.0
0.0
0.0
0.0
0.0
0.0
0.0
0.0
0.0
0.0
0.0
0.0
0.0
0.0
0.0
0.0
0.0
0.0
0.0
0.0
0.0
0.0
0.0
0.0
0.0
0.0
0.0
0.0
0.0
0.0
0.0
0.0
0.0
0.0
0.0
0.0
0.0
0.0
0.0
0.0
0.0
0.0
1.3877787807814457e-17
0.0
0.0
0.0
0.0
0.0
0.0
0.0
0.0
0.0
1.3877787807814457e-17
0.0
0.0
0.0
0.0
0.0
0.0
0.0
0.0
0.0
0.0
0.0
0.0
0.0
0.0
0.0
0.0
0.0
0.0
0.0
0.0
0.0
0.0
0.0
0.0
0.0
1.3877787807814457e-17
0.0
0.0
0.0
0.0
0.0
0.0
0.0
0.0
0.0
0.0
0.0
0.0
0.0
0.0
0.0
0.0
0.0
0.0
0.0
0.0
0.0
0.0
0.0
0.0
0.0
0.0
0.0
0.0
1.3877787807814457e-17
1.3877787807814457e-17
-1.3877787807814457e-17
1.3877787807814457e-17
1.3877787807814457e-17
0.0
0.0
0.0
0.0
0.0
0.0
0.0
0.0
0.0
0.0
0.0
0.0
0.0
0.0
0.0
0.0
0.0
0.0
0.0
0.0
0.0
0.0
0.0
0.0
0.0
1.3877787807814457e-17
0.0
0.0
1.3877787807814457e-17
0.0
0.0
1.3877787807814457e-17
0.0
0.0
0.0
0.0
0.0
0.0
0.0
0.0
0.0
0.0
0.0
0.0
0.0
0.0
0.0
0.0
0.0
0.0
0.0
0.0
0.0
0.0
0.0
0.0
0.0
0.0
0.0
0.0
0.0
0.0
0.0
0.0
0.0
0.0
0.0
0.0
0.0
0.0
0.0
0.0
0.0
0.0
0.0
0.0
0.0
3.469446951953614e-18
0.0
0.0
0.0
6.938893903907228e-18
0.0
0.0
0.0
0.0
0.0
0.0
0.0
0.0
0.0
0.0
0.0
0.0
0.0
0.0
0.0
0.0
0.0
6.938893903907228e-18
0.0
0.0
0.0
3.469446951953614e-18
0.0
0.0
0.0
0.0
0.0
0.0
0.0
6.938893903907228e-18
6.938893903907228e-18
0.0
0.0
0.0
0.0
0.0
0.0
0.0
0.0
0.0
0.0
0.0
0.0
0.0
0.0
0.0
0.0
0.0
6.938893903907228e-18
6.938893903907228e-18
0.0
0.0
0.0
0.0
0.0
0.0
0.0
0.0
0.0
0.0
0.0
0.0
0.0
0.0
0.0
0.0
0.0
1.3877787807814457e-17
0.0
0.0
0.0
0.0
0.0
1.3877787807814457e-17
0.0
0.0
0.0
0.0
0.0
0.0
0.0
0.0
0.0
0.0
0.0
0.0
0.0
0.0
0.0
0.0
0.0
0.0
0.0
6.938893903907228e-18
0.0
0.0
0.0
0.0
0.0
0.0
0.0
0.0
0.0
0.0
0.0
0.0
0.0
0.0
0.0
6.938893903907228e-18
0.0
0.0
0.0
0.0
0.0
0.0
0.0
0.0
0.0
0.0
3.469446951953614e-18
0.0
0.0
0.0
0.0
0.0
0.0
0.0
0.0
0.0
0.0
0.0
0.0
0.0
0.0
0.0
0.0
0.0
0.0
0.0
0.0
0.0
0.0
0.0
3.469446951953614e-18
0.0
0.0
0.0
8.673617379884035e-19
1.734723475976807e-18
0.0
0.0
0.0
0.0
0.0
0.0
0.0
0.0
0.0
6.938893903907228e-18
0.0
0.0
0.0
0.0
0.0
0.0
0.0
6.938893903907228e-18
0.0
0.0
0.0
0.0
0.0
0.0
0.0
0.0
0.0
1.734723475976807e-18
8.673617379884035e-19
0.0
0.0
0.0
0.0
0.0
0.0
0.0
0.0
0.0
0.0
6.938893903907228e-18
0.0
0.0
6.938893903907228e-18
0.0
0.0
0.0
6.938893903907228e-18
0.0
0.0
6.938893903907228e-18
0.0
0.0
0.0
0.0
0.0
0.0
0.0
0.0
0.0
0.0
0.0
0.0
0.0
0.0
0.0
0.0
0.0
0.0
0.0
0.0
0.0
0.0
0.0
0.0
0.0
0.0
0.0
0.0
0.0
0.0
0.0
0.0
0.0
0.0
0.0
0.0
0.0
0.0
0.0
0.0
0.0
0.0
0.0
0.0
0.0
1.734723475976807e-18
0.0
0.0
0.0
0.0
0.0
3.469446951953614e-18
0.0
0.0
-3.469446951953614e-18
0.0
0.0
0.0
-3.469446951953614e-18
0.0
0.0
3.469446951953614e-18
0.0
0.0
0.0
0.0
0.0
1.734723475976807e-18
0.0
0.0
0.0
0.0
0.0
0.0
0.0
0.0
8.673617379884035e-19
0.0
0.0
0.0
0.0
-1.734723475976807e-18
1.734723475976807e-18
0.0
-1.734723475976807e-18
0.0
-1.734723475976807e-18
1.734723475976807e-18
-1.734723475976807e-18
0.0
-1.734723475976807e-18
0.0
1.734723475976807e-18
-1.734723475976807e-18
0.0
0.0
0.0
0.0
8.673617379884035e-19
0.0
0.0
0.0
0.0
0.0
0.0
0.0
0.0
0.0
0.0
0.0
0.0
0.0
0.0
0.0
0.0
0.0
0.0
0.0
0.0
0.0
0.0
0.0
0.0
0.0
0.0
0.0
0.0
0.0
0.0
0.0
0.0
0.0
0.0
0.0
