5.0
5.0
5.0
5.0
5.0
5.0
5.0
5.0
5.0
5.0
5.0
5.0
5.0
5.0
5.0
5.0
5.0
5.0
5.0
5.0
5.0
5.0
5.0
5.0
4.88981
4.78069
4.67278
4.56607
4.46058
4.35629
4.25322
4.15135
4.05069
3.9512400000000003
3.85299
3.75595
3.6601199999999996
3.5655
3.4720800000000005
3.37986
3.28885
3.19905
3.11045
3.0230599999999996
2.93688
2.8519
2.7681299999999998
2.6855599999999997
2.6042
2.52405
2.4451
2.3673599999999997
2.29083
2.2155
2.14137
2.06845
1.9967400000000002
1.9262299999999999
1.85693
1.78883
1.72193
1.6562400000000002
1.59176
1.5284799999999998
1.46641
1.40554
1.34588
1.2874299999999999
1.2301799999999998
1.17413
1.11929
1.06565
1.01322
0.961986
0.911956
0.8631270000000001
0.815501
0.769079
0.7238600000000001
0.679845
0.637034
0.595427
0.5550229999999999
0.515825
0.47783100000000006
0.441042
0.405457
0.371076
0.337901
0.30593000000000004
0.275167
0.245613
0.217265
0.19012
0.164184
0.139453
0.115932
0.0936201
0.0725192
0.05262909999999999
0.0339492
0.0164823
0.000223991
-0.014817600000000002
-0.0286548
-0.0412804
-0.052706600000000006
-0.0629345
-0.0719631
-0.07979320000000001
-0.08642310000000002
-0.09184869999999999
-0.09607450000000001
-0.0991112
-0.10094500000000001
-0.10158400000000001
-0.101016
-0.0992335
-0.0962463
-0.0920696
-0.0866811
-0.0800727
-0.0722558
-0.06322190000000001
-0.05298440000000001
-0.0415454
-0.0289017
-0.0150531
0.0
