0.09802
0.19509
0.29028
0.38268
0.4714
0.55557
0.63439
0.70711
0.77301
0.83147
0.88192
0.92388
0.95694
0.98079
0.99518
1.0
0.99518
0.98079
0.95694
0.92388
0.88192
0.83147
0.77301
0.70711
0.63439
0.55557
0.4714
0.38268
0.29028
0.19509
0.09802
0.09649442016601562
0.19205362609863283
0.28576209228515626
0.37672398193359374
0.4640631469726562
0.5469231280517578
0.6245163763427735
0.6961045648193359
0.7609788995361327
0.8185290301513672
0.868193828125
0.9095007641601562
0.9420462194824218
0.9655250189208985
0.9796910534667969
0.98443603515625
0.9796910534667969
0.9655250189208985
0.9420462194824218
0.9095007641601562
0.868193828125
0.8185290301513672
0.7609788995361327
0.6961045648193359
0.6245163763427735
0.5469231280517578
0.4640631469726562
0.37672398193359374
0.28576209228515626
0.19205362609863283
0.09649442016601562
0.0949808056640625
0.18904106689453126
0.281279619140625
0.37081467773437504
0.456783837890625
0.5383440747070313
0.6147201928710938
0.6851854467773437
0.7490421606445312
0.8056895581054688
0.8545753125000001
0.8952343066406251
0.9272692529296875
0.9503797631835939
0.9643235888671875
0.968994140625
0.9643235888671875
0.9503797631835939
0.9272692529296875
0.8952343066406251
0.8545753125000001
0.8056895581054688
0.7490421606445312
0.6851854467773437
0.6147201928710938
0.5383440747070313
0.456783837890625
0.37081467773437504
0.281279619140625
0.18904106689453126
0.0949808056640625
0.09347915649414062
0.1860523223876953
0.27683258056640625
0.36495208740234375
0.44956207275390625
0.5298328399658203
0.6050014495849609
0.6743526458740234
0.7371997833251953
0.7929515838623047
0.841064453125
0.8810806274414062
0.9126091003417969
0.9353542327880859
0.9490776062011719
0.95367431640625
0.9490776062011719
0.9353542327880859
0.9126091003417969
0.8810806274414062
0.841064453125
0.7929515838623047
0.7371997833251953
0.6743526458740234
0.6050014495849609
0.5298328399658203
0.44956207275390625
0.36495208740234375
0.27683258056640625
0.1860523223876953
0.09347915649414062
0.09198947265625
0.183087392578125
0.2724209765625
0.35913621093750003
0.4423978515625
0.521389423828125
0.595360146484375
0.6636061621093751
0.725451767578125
0.780315107421875
0.82766125
0.8670397265625001
0.89806576171875
0.9204484277343751
0.93395310546875
0.9384765625
0.93395310546875
0.9204484277343751
0.89806576171875
0.8670397265625001
0.82766125
0.780315107421875
0.725451767578125
0.6636061621093751
0.595360146484375
0.521389423828125
0.4423978515625
0.35913621093750003
0.2724209765625
0.183087392578125
0.09198947265625
0.09051175415039062
0.18014627746582032
0.2680448071289062
0.3533670483398438
0.43529117431640624
0.5130138262939453
0.585796283569336
0.6529459954833985
0.7137981134033203
0.7677801287841797
0.814365703125
0.8531116040039063
0.8836392370605469
0.905662348022461
0.9189500866699218
0.92340087890625
0.9189500866699218
0.905662348022461
0.8836392370605469
0.8531116040039063
0.814365703125
0.7677801287841797
0.7137981134033203
0.6529459954833985
0.585796283569336
0.5130138262939453
0.43529117431640624
0.3533670483398438
0.2680448071289062
0.18014627746582032
0.09051175415039062
0.0890460009765625
0.17722897705078125
0.263704072265625
0.347644599609375
0.42824204101562496
0.5047060473632813
0.5763098608398438
0.6423721459960937
0.7022388208007813
0.7553466479492188
0.8011778125000001
0.839296259765625
0.8693295263671875
0.8909959936523438
0.9040685498046874
0.908447265625
0.9040685498046874
0.8909959936523438
0.8693295263671875
0.839296259765625
0.8011778125000001
0.7553466479492188
0.7022388208007813
0.6423721459960937
0.5763098608398438
0.5047060473632813
0.42824204101562496
0.347644599609375
0.263704072265625
0.17722897705078125
0.0890460009765625
0.08759221313476562
0.17433549133300782
0.25939877197265626
0.3419688647460938
0.42125045166015623
0.4964660870361328
0.5669008782958984
0.631884613647461
0.6907738897705078
0.7430146649169922
0.788097578125
0.8255936938476562
0.8551366296386719
0.8764493646240235
0.8893084948730469
0.89361572265625
0.8893084948730469
0.8764493646240235
0.8551366296386719
0.8255936938476562
0.788097578125
0.7430146649169922
0.6907738897705078
0.631884613647461
0.5669008782958984
0.4964660870361328
0.42125045166015623
0.3419688647460938
0.25939877197265626
0.17433549133300782
0.08759221313476562
0.08615039062499999
0.17146582031250002
0.25512890625
0.33633984375000003
0.41431640625
0.48829394531250003
0.5575693359375
0.6214833984375
0.6794033203125
0.7307841796875001
0.7751250000000001
0.8120039062500001
0.841060546875
0.8620224609375
0.8746699218749999
0.87890625
0.8746699218749999
0.8620224609375
0.841060546875
0.8120039062500001
0.7751250000000001
0.7307841796875001
0.6794033203125
0.6214833984375
0.5575693359375
0.48829394531250003
0.41431640625
0.33633984375000003
0.25512890625
0.17146582031250002
0.08615039062499999
0.08472053344726563
0.16861996398925783
0.2508944750976562
0.33075753662109375
0.40743990478515624
0.4801896221923828
0.5483152337646484
0.611168500366211
0.6681271124267578
0.7186551922607423
0.7622600781250001
0.7985268969726563
0.8271012780761718
0.8477152825927735
0.8601528308105468
0.86431884765625
0.8601528308105468
0.8477152825927735
0.8271012780761718
0.7985268969726563
0.7622600781250001
0.7186551922607423
0.6681271124267578
0.611168500366211
0.5483152337646484
0.4801896221923828
0.40743990478515624
0.33075753662109375
0.2508944750976562
0.16861996398925783
0.08472053344726563
0.08330264160156249
0.16579792236328125
0.24669547851562498
0.32522194335937504
0.40062094726562497
0.4721531176757813
0.5391385717773438
0.6009399194335938
0.6569452661132812
0.7066277026367188
0.7495028125000001
0.785162666015625
0.8132588232421875
0.8335278295898438
0.8457572216796875
0.849853515625
0.8457572216796875
0.8335278295898438
0.8132588232421875
0.785162666015625
0.7495028125000001
0.7066277026367188
0.6569452661132812
0.6009399194335938
0.5391385717773438
0.4721531176757813
0.40062094726562497
0.32522194335937504
0.24669547851562498
0.16579792236328125
0.08330264160156249
0.08189671508789062
0.16299969543457032
0.24253191650390624
0.31973306396484374
0.39385953369140625
0.4641844317626953
0.530039349975586
0.5907976556396485
0.6458577813720703
0.6947017108154298
0.736853203125
0.7719112133789062
0.7995331823730469
0.819460101928711
0.8314830944824219
0.83551025390625
0.8314830944824219
0.819460101928711
0.7995331823730469
0.7719112133789062
0.736853203125
0.6947017108154298
0.6458577813720703
0.5907976556396485
0.530039349975586
0.4641844317626953
0.39385953369140625
0.31973306396484374
0.24253191650390624
0.16299969543457032
0.08189671508789062
0.08050275390625
0.160225283203125
0.23840378906249998
0.3142908984375
0.3871556640625
0.456283564453125
0.521017568359375
0.580741708984375
0.634864658203125
0.6828772167968751
0.7243112500000001
0.7587725390625
0.7859243554687501
0.8055120996093751
0.81733044921875
0.8212890625
0.81733044921875
0.8055120996093751
0.7859243554687501
0.7587725390625
0.7243112500000001
0.6828772167968751
0.634864658203125
0.580741708984375
0.521017568359375
0.456283564453125
0.3871556640625
0.3142908984375
0.23840378906249998
0.160225283203125
0.08050275390625
0.07912075805664062
0.15747468566894532
0.23431109619140625
0.30889544677734376
0.3805093383789062
0.44845051574707034
0.5120732269287109
0.5707720794677734
0.6239658966064453
0.6711542205810547
0.711876953125
0.7457466430664063
0.7724323425292969
0.791683822631836
0.8032992858886718
0.80718994140625
0.8032992858886718
0.791683822631836
0.7724323425292969
0.7457466430664063
0.711876953125
0.6711542205810547
0.6239658966064453
0.5707720794677734
0.5120732269287109
0.44845051574707034
0.3805093383789062
0.30889544677734376
0.23431109619140625
0.15747468566894532
0.07912075805664062
0.0777507275390625
0.15474790283203127
0.23025383789062498
0.303546708984375
0.373920556640625
0.44068528564453124
0.5032063256835938
0.5608887670898438
0.6131614965820312
0.6595327221679688
0.6995503125
0.7328335253906251
0.7590571435546876
0.7779752709960938
0.7893896044921874
0.793212890625
0.7893896044921874
0.7779752709960938
0.7590571435546876
0.7328335253906251
0.6995503125
0.6595327221679688
0.6131614965820312
0.5608887670898438
0.5032063256835938
0.44068528564453124
0.373920556640625
0.303546708984375
0.23025383789062498
0.15474790283203127
0.0777507275390625
0.07639266235351562
0.1520449346923828
0.22623201416015623
0.29824468505859375
0.36738931884765624
0.4329878741455078
0.49441686462402346
0.551091771850586
0.6024514581298828
0.6480127215576172
0.687331328125
0.7200331860351563
0.7457987585449218
0.7643864447021484
0.7756014050292969
0.77935791015625
0.7756014050292969
0.7643864447021484
0.7457987585449218
0.7200331860351563
0.687331328125
0.6480127215576172
0.6024514581298828
0.551091771850586
0.49441686462402346
0.4329878741455078
0.36738931884765624
0.29824468505859375
0.22623201416015623
0.1520449346923828
0.07639266235351562
0.0750465625
0.14936578125000002
0.22224562499999997
0.292989375
0.36091562499999996
0.42535828125
0.48570484375
0.54138109375
0.59183578125
0.63659421875
0.67522
0.707345625
0.7326571875
0.7509173437500001
0.7619346874999999
0.765625
0.7619346874999999
0.7509173437500001
0.7326571875
0.707345625
0.67522
0.63659421875
0.59183578125
0.54138109375
0.48570484375
0.42535828125
0.36091562499999996
0.292989375
0.22224562499999997
0.14936578125000002
0.0750465625
0.07371242797851563
0.14671044250488283
0.21829467041015624
0.28778077880859376
0.3544994750976562
0.4177965069580078
0.47707026306152345
0.531756732788086
0.5813144659423828
0.6252772137451172
0.663216328125
0.6947708422851563
0.7196324304199219
0.7375679681396484
0.7483894519042968
0.75201416015625
0.7483894519042968
0.7375679681396484
0.7196324304199219
0.6947708422851563
0.663216328125
0.6252772137451172
0.5813144659423828
0.531756732788086
0.47707026306152345
0.4177965069580078
0.3544994750976562
0.28778077880859376
0.21829467041015624
0.14671044250488283
0.07371242797851563
0.0723902587890625
0.14407891845703125
0.214379150390625
0.282618896484375
0.348140869140625
0.41030255126953125
0.46851312255859373
0.5222186889648438
0.5708875122070313
0.6140617065429688
0.6513203125
0.682308837890625
0.7067244873046875
0.7243383178710938
0.7349656982421875
0.738525390625
0.7349656982421875
0.7243383178710938
0.7067244873046875
0.682308837890625
0.6513203125
0.6140617065429688
0.5708875122070313
0.5222186889648438
0.46851312255859373
0.41030255126953125
0.348140869140625
0.282618896484375
0.214379150390625
0.14407891845703125
0.0723902587890625
0.07108005493164062
0.1414712091064453
0.21049906494140624
0.27750372802734374
0.3418398071289062
0.4028764141845703
0.46003342224121097
0.5127669622802734
0.5605549200439452
0.6029476971435547
0.639531953125
0.6699596118164063
0.6939333581542969
0.7112283929443359
0.7216634265136719
0.72515869140625
0.7216634265136719
0.7112283929443359
0.6939333581542969
0.6699596118164063
0.639531953125
0.6029476971435547
0.5605549200439452
0.5127669622802734
0.46003342224121097
0.4028764141845703
0.3418398071289062
0.27750372802734374
0.21049906494140624
0.1414712091064453
0.07108005493164062
0.06978181640625
0.13888731445312502
0.20665441406249999
0.2724352734375
0.3355962890625
0.395518095703125
0.451631162109375
0.503401552734375
0.550316689453125
0.5919351855468751
0.62785125
0.6577231640625
0.6812590429687501
0.698238193359375
0.70848263671875
0.7119140625
0.70848263671875
0.698238193359375
0.6812590429687501
0.6577231640625
0.62785125
0.5919351855468751
0.550316689453125
0.503401552734375
0.451631162109375
0.395518095703125
0.3355962890625
0.2724352734375
0.20665441406249999
0.13888731445312502
0.06978181640625
0.06849554321289063
0.13632723449707032
0.20284519775390625
0.26741353271484375
0.3294103149414062
0.38822759582519534
0.44330634216308595
0.49412246032714846
0.5401728204345703
0.5810241717529298
0.616278203125
0.6455994946289063
0.6687015417480469
0.685367719116211
0.6954233288574219
0.69879150390625
0.6954233288574219
0.685367719116211
0.6687015417480469
0.6455994946289063
0.616278203125
0.5810241717529298
0.5401728204345703
0.49412246032714846
0.44330634216308595
0.38822759582519534
0.3294103149414062
0.26741353271484375
0.20284519775390625
0.13632723449707032
0.06849554321289063
0.06722123535156249
0.13379096923828127
0.19907141601562497
0.262438505859375
0.32328188476562497
0.3810049145507813
0.43505896240234376
0.48492968505859374
0.5301233129882812
0.5702146557617188
0.6048128125000001
0.6335886035156251
0.6562608544921875
0.6726169702148438
0.6824855029296875
0.685791015625
0.6824855029296875
0.6726169702148438
0.6562608544921875
0.6335886035156251
0.6048128125000001
0.5702146557617188
0.5301233129882812
0.48492968505859374
0.43505896240234376
0.3810049145507813
0.32328188476562497
0.262438505859375
0.19907141601562497
0.13379096923828127
0.06722123535156249
0.06595889282226562
0.13127851867675783
0.19533306884765625
0.2575101928710938
0.3172109985351562
0.3738500518798828
0.42688902282714847
0.47582322692871093
0.5201681671142578
0.5595066375732423
0.593455078125
0.6216904907226563
0.6439369812011719
0.6599859466552734
0.6696691589355468
0.67291259765625
0.6696691589355468
0.6599859466552734
0.6439369812011719
0.6216904907226563
0.593455078125
0.5595066375732423
0.5201681671142578
0.47582322692871093
0.42688902282714847
0.3738500518798828
0.3172109985351562
0.2575101928710938
0.19533306884765625
0.13127851867675783
0.06595889282226562
0.06470851562499999
0.1287898828125
0.19163015625
0.25262859375
0.31119765625
0.3667630078125
0.4187965234375
0.46680308593750003
0.5103073828125
0.5489001171875
0.582205
0.60990515625
0.631729921875
0.6474746484375
0.656974296875
0.66015625
0.656974296875
0.6474746484375
0.631729921875
0.60990515625
0.582205
0.5489001171875
0.5103073828125
0.46680308593750003
0.4187965234375
0.3667630078125
0.31119765625
0.25262859375
0.19163015625
0.1287898828125
0.06470851562499999
0.06347010375976563
0.12632506164550783
0.18796267822265625
0.24779370849609375
0.30524185791015623
0.3597437823486328
0.41078146423339845
0.4578692620849609
0.5005409600830077
0.5383950946044922
0.571062578125
0.5982326000976562
0.6196396765136719
0.6350830755615234
0.6444009167480469
0.64752197265625
0.6444009167480469
0.6350830755615234
0.6196396765136719
0.5982326000976562
0.571062578125
0.5383950946044922
0.5005409600830077
0.4578692620849609
0.41078146423339845
0.3597437823486328
0.30524185791015623
0.24779370849609375
0.18796267822265625
0.12632506164550783
0.06347010375976563
0.0622436572265625
0.12388405517578126
0.184330634765625
0.243005537109375
0.299343603515625
0.35279237548828124
0.40284384521484373
0.44902175537109373
0.4908688989257812
0.5279915698242188
0.5600278125
0.586672822265625
0.6076662451171875
0.6228112280273438
0.6319490185546874
0.635009765625
0.6319490185546874
0.6228112280273438
0.6076662451171875
0.586672822265625
0.5600278125
0.5279915698242188
0.4908688989257812
0.44902175537109373
0.40284384521484373
0.35279237548828124
0.299343603515625
0.243005537109375
0.184330634765625
0.12388405517578126
0.0622436572265625
0.061029176025390625
0.12146686340332032
0.18073402587890625
0.23826407958984377
0.29350289306640626
0.3459087872314453
0.39498366638183596
0.44026056579589845
0.4812911993408203
0.5176895428466797
0.549100703125
0.5752258227539063
0.5958096276855469
0.610659105834961
0.6196186022949218
0.62261962890625
0.6196186022949218
0.610659105834961
0.5958096276855469
0.5752258227539063
0.549100703125
0.5176895428466797
0.4812911993408203
0.44026056579589845
0.39498366638183596
0.3459087872314453
0.29350289306640626
0.23826407958984377
0.18073402587890625
0.12146686340332032
0.061029176025390625
0.059826660156249996
0.119073486328125
0.17717285156249998
0.2335693359375
0.2877197265625
0.339093017578125
0.38720092773437503
0.431585693359375
0.47180786132812497
0.507489013671875
0.53828125
0.5638916015625001
0.58406982421875
0.598626708984375
0.60740966796875
0.6103515625
0.60740966796875
0.598626708984375
0.58406982421875
0.5638916015625001
0.53828125
0.507489013671875
0.47180786132812497
0.431585693359375
0.38720092773437503
0.339093017578125
0.2877197265625
0.2335693359375
0.17717285156249998
0.119073486328125
0.059826660156249996
0.05863610961914062
0.11670392395019533
0.17364711181640624
0.22892130615234377
0.28199410400390623
0.3323450665283203
0.37949562927246094
0.42299713806152345
0.4624188848876953
0.4973899822998047
0.527569453125
0.5526701586914062
0.5724468347167969
0.5867140374755859
0.5953222155761718
0.59820556640625
0.5953222155761718
0.5867140374755859
0.5724468347167969
0.5526701586914062
0.527569453125
0.4973899822998047
0.4624188848876953
0.42299713806152345
0.37949562927246094
0.3323450665283203
0.28199410400390623
0.22892130615234377
0.17364711181640624
0.11670392395019533
0.05863610961914062
0.057457524414062495
0.11435817626953126
0.170156806640625
0.22431999023437502
0.276326025390625
0.32566493408203123
0.37186777099609375
0.4144948999023438
0.45312427001953126
0.4873924487304688
0.5169653125
0.541561494140625
0.5609406591796875
0.5749210913085938
0.5833562451171874
0.586181640625
0.5833562451171874
0.5749210913085938
0.5609406591796875
0.541561494140625
0.5169653125
0.4873924487304688
0.45312427001953126
0.4144948999023438
0.37186777099609375
0.32566493408203123
0.276326025390625
0.22431999023437502
0.170156806640625
0.11435817626953126
0.057457524414062495
0.056290904541015624
0.11203624328613282
0.16670193603515623
0.21976538818359376
0.2707154907226562
0.31905262023925784
0.36431735290527345
0.406078978881836
0.4439240167236328
0.4774964129638672
0.506468828125
0.5305656079101563
0.5495512976074218
0.5632478704833984
0.5715117565917969
0.57427978515625
0.5715117565917969
0.5632478704833984
0.5495512976074218
0.5305656079101563
0.506468828125
0.4774964129638672
0.4439240167236328
0.406078978881836
0.36431735290527345
0.31905262023925784
0.2707154907226562
0.21976538818359376
0.16670193603515623
0.11203624328613282
0.056290904541015624
0.05513625
0.109738125
0.1632825
0.21525750000000002
0.26516249999999997
0.312508125
0.356844375
0.397749375
0.434818125
0.46770187500000004
0.49608
0.5196825
0.53827875
0.5516943750000001
0.55978875
0.5625
0.55978875
0.5516943750000001
0.53827875
0.5196825
0.49608
0.46770187500000004
0.434818125
0.397749375
0.356844375
0.312508125
0.26516249999999997
0.21525750000000002
0.1632825
0.109738125
0.05513625
0.053993560791015624
0.10746382141113282
0.15989849853515625
0.21079632568359377
0.25966705322265626
0.30603144836425783
0.3494488372802734
0.38950608825683597
0.4258065948486328
0.45800883483886723
0.485798828125
0.5089121704101562
0.5271230163574219
0.5402606048583984
0.5481872253417969
0.55084228515625
0.5481872253417969
0.5402606048583984
0.5271230163574219
0.5089121704101562
0.485798828125
0.45800883483886723
0.4258065948486328
0.38950608825683597
0.3494488372802734
0.30603144836425783
0.25966705322265626
0.21079632568359377
0.15989849853515625
0.10746382141113282
0.053993560791015624
0.052862836914062496
0.10521333251953126
0.156549931640625
0.20638186523437502
0.254229150390625
0.29962259033203126
0.34213073974609376
0.3813491186523438
0.41688942626953124
0.4484172924804688
0.4756253125
0.498254619140625
0.5160840966796875
0.5289465600585938
0.5367071826171875
0.539306640625
0.5367071826171875
0.5289465600585938
0.5160840966796875
0.498254619140625
0.4756253125
0.4484172924804688
0.41688942626953124
0.3813491186523438
0.34213073974609376
0.29962259033203126
0.254229150390625
0.20638186523437502
0.156549931640625
0.10521333251953126
0.052862836914062496
0.05174407836914062
0.10298665832519532
0.15323679931640624
0.20201411865234375
0.24884879150390624
0.2932815509033203
0.33489008239746093
0.37327846618652344
0.4080666192626953
0.4389272479248047
0.465559453125
0.4877098461914063
0.5051619909667969
0.517752240600586
0.5253486218261718
0.52789306640625
0.5253486218261718
0.517752240600586
0.5051619909667969
0.4877098461914063
0.465559453125
0.4389272479248047
0.4080666192626953
0.37327846618652344
0.33489008239746093
0.2932815509033203
0.24884879150390624
0.20201411865234375
0.15323679931640624
0.10298665832519532
0.05174407836914062
0.050637285156249996
0.100783798828125
0.1499591015625
0.1976930859375
0.2435259765625
0.287008330078125
0.327726865234375
0.365294130859375
0.399338173828125
0.42953870117187504
0.45560125
0.4772778515625
0.49435669921875003
0.5066776464843751
0.51411154296875
0.5166015625
0.51411154296875
0.5066776464843751
0.49435669921875003
0.4772778515625
0.45560125
0.42953870117187504
0.399338173828125
0.365294130859375
0.327726865234375
0.287008330078125
0.2435259765625
0.1976930859375
0.1499591015625
0.100783798828125
0.050637285156249996
0.049542457275390625
0.09860475402832032
0.14671683837890623
0.19341876708984376
0.23826070556640624
0.28080292785644534
0.32064108825683596
0.35739611267089844
0.3907040899658203
0.4202516522216797
0.44575070312500004
0.46695863525390624
0.4836682214355469
0.495722777709961
0.5029959460449218
0.50543212890625
0.5029959460449218
0.495722777709961
0.4836682214355469
0.46695863525390624
0.44575070312500004
0.4202516522216797
0.3907040899658203
0.35739611267089844
0.32064108825683596
0.28080292785644534
0.23826070556640624
0.19341876708984376
0.14671683837890623
0.09860475402832032
0.049542457275390625
0.0484595947265625
0.09644952392578125
0.143510009765625
0.189191162109375
0.23305297851562498
0.27466534423828126
0.31363275146484376
0.34958441162109377
0.3821643676757812
0.41106610107421876
0.43600781250000004
0.456752197265625
0.4730965576171875
0.48488763427734377
0.4920018310546875
0.494384765625
0.4920018310546875
0.48488763427734377
0.4730965576171875
0.456752197265625
0.43600781250000004
0.41106610107421876
0.3821643676757812
0.34958441162109377
0.31363275146484376
0.27466534423828126
0.23305297851562498
0.189191162109375
0.143510009765625
0.09644952392578125
0.0484595947265625
0.047388697509765626
0.09431810852050782
0.14033861572265624
0.18501027099609377
0.22790279541015623
0.2685955792236328
0.30670185485839846
0.34185902770996096
0.3737190069580078
0.4019820477294922
0.426372578125
0.4466585375976563
0.46264170776367186
0.47417221618652344
0.4811291979980469
0.48345947265625
0.4811291979980469
0.47417221618652344
0.46264170776367186
0.4466585375976563
0.426372578125
0.4019820477294922
0.3737190069580078
0.34185902770996096
0.30670185485839846
0.2685955792236328
0.22790279541015623
0.18501027099609377
0.14033861572265624
0.09431810852050782
0.047388697509765626
0.046329765625
0.09221050781250001
0.13720265625
0.18087609375000002
0.22281015625
0.2625936328125
0.2998483984375
0.3342199609375
0.3653680078125
0.3929994921875
0.416845
0.43667765625
0.452303671875
0.4635765234375
0.47037804687499996
0.47265625
0.47037804687499996
0.4635765234375
0.452303671875
0.43667765625
0.416845
0.3929994921875
0.3653680078125
0.3342199609375
0.2998483984375
0.2625936328125
0.22281015625
0.18087609375000002
0.13720265625
0.09221050781250001
0.046329765625
0.04528279907226562
0.09012672180175782
0.13410213134765625
0.17678863037109377
0.21777506103515623
0.2566595050048828
0.29307238220214843
0.32666721130371096
0.3571113702392578
0.38411843444824223
0.407425078125
0.4268095532226563
0.4420824499511719
0.45310055603027344
0.4597483776855468
0.46197509765625
0.4597483776855468
0.45310055603027344
0.4420824499511719
0.4268095532226563
0.407425078125
0.38411843444824223
0.3571113702392578
0.32666721130371096
0.29307238220214843
0.2566595050048828
0.21777506103515623
0.17678863037109377
0.13410213134765625
0.09012672180175782
0.04528279907226562
0.0442477978515625
0.08806675048828126
0.131037041015625
0.172747880859375
0.212797509765625
0.25079319580078124
0.28637380615234376
0.31920077880859377
0.34894909423828124
0.37533887451171877
0.3981128125
0.417054228515625
0.4319780419921875
0.44274431396484376
0.4492401904296875
0.451416015625
0.4492401904296875
0.44274431396484376
0.4319780419921875
0.417054228515625
0.3981128125
0.37533887451171877
0.34894909423828124
0.31920077880859377
0.28637380615234376
0.25079319580078124
0.212797509765625
0.172747880859375
0.131037041015625
0.08806675048828126
0.0442477978515625
0.04322476196289062
0.08603059387207032
0.12800738525390623
0.16875384521484377
0.20787750244140624
0.2449947052001953
0.2797526702880859
0.3118206634521484
0.3408811798095703
0.3666608123779297
0.388908203125
0.40741168212890627
0.42199044799804686
0.43250779724121097
0.43885348510742184
0.44097900390625
0.43885348510742184
0.43250779724121097
0.42199044799804686
0.40741168212890627
0.388908203125
0.3666608123779297
0.3408811798095703
0.3118206634521484
0.2797526702880859
0.2449947052001953
0.20787750244140624
0.16875384521484377
0.12800738525390623
0.08603059387207032
0.04322476196289062
0.04221369140625
0.08401825195312501
0.1250131640625
0.16480652343750002
0.20301503906249999
0.239264033203125
0.273208974609375
0.304526865234375
0.332907626953125
0.358084248046875
0.37981125
0.3978819140625
0.41211966796875
0.422391005859375
0.42858826171875
0.4306640625
0.42858826171875
0.422391005859375
0.41211966796875
0.3978819140625
0.37981125
0.358084248046875
0.332907626953125
0.304526865234375
0.273208974609375
0.239264033203125
0.20301503906249999
0.16480652343750002
0.1250131640625
0.08401825195312501
0.04221369140625
0.041214586181640624
0.08202972473144532
0.12205437744140624
0.16090591552734376
0.19821011962890625
0.23360117980957032
0.26674271911621095
0.2973193841552734
0.3250284356689453
0.3496091815185547
0.370821953125
0.3884649243164063
0.4023657019042969
0.412393939819336
0.41844452026367185
0.42047119140625
0.41844452026367185
0.412393939819336
0.4023657019042969
0.3884649243164063
0.370821953125
0.3496091815185547
0.3250284356689453
0.2973193841552734
0.26674271911621095
0.23360117980957032
0.19821011962890625
0.16090591552734376
0.12205437744140624
0.08202972473144532
0.041214586181640624
0.040227446289062496
0.08006501220703126
0.11913102539062499
0.157052021484375
0.193462744140625
0.22800614501953126
0.26035390380859375
0.29019822021484376
0.3172436059570312
0.34123561279296877
0.3619403125
0.37916071289062503
0.3927285498046875
0.4025165991210938
0.40842226074218746
0.410400390625
0.40842226074218746
0.4025165991210938
0.3927285498046875
0.37916071289062503
0.3619403125
0.34123561279296877
0.3172436059570312
0.29019822021484376
0.26035390380859375
0.22800614501953126
0.193462744140625
0.157052021484375
0.11913102539062499
0.08006501220703126
0.040227446289062496
0.03925227172851562
0.07812411437988281
0.11624310791015624
0.15324484130859375
0.18877291259765624
0.22247892883300782
0.25404252868652344
0.28316337341308595
0.3095531378173828
0.33296354187011723
0.35316632812500004
0.36996927978515626
0.38320821166992186
0.39275898376464846
0.39852148315429686
0.40045166015625
0.39852148315429686
0.39275898376464846
0.38320821166992186
0.36996927978515626
0.35316632812500004
0.33296354187011723
0.3095531378173828
0.28316337341308595
0.25404252868652344
0.22247892883300782
0.18877291259765624
0.15324484130859375
0.11624310791015624
0.07812411437988281
0.03925227172851562
0.0382890625
0.07620703125
0.113390625
0.149484375
0.184140625
0.21701953125
0.24780859375
0.27621484375
0.30195703125
0.32479296875
0.34450000000000003
0.360890625
0.3738046875
0.38312109375000003
0.3887421875
0.390625
0.3887421875
0.38312109375000003
0.3738046875
0.360890625
0.34450000000000003
0.32479296875
0.30195703125
0.27621484375
0.24780859375
0.21701953125
0.184140625
0.149484375
0.113390625
0.07620703125
0.0382890625
0.03733781860351562
0.07431376281738282
0.11057357666015624
0.14577062255859377
0.17956588134765625
0.21162795227050782
0.24165209899902343
0.26935263122558595
0.2944552862548828
0.3167238934326172
0.335941328125
0.35192474853515626
0.36451797729492186
0.3736029290771485
0.3790843737792969
0.38092041015625
0.3790843737792969
0.3736029290771485
0.36451797729492186
0.35192474853515626
0.335941328125
0.3167238934326172
0.2944552862548828
0.26935263122558595
0.24165209899902343
0.21162795227050782
0.17956588134765625
0.14577062255859377
0.11057357666015624
0.07431376281738282
0.03733781860351562
0.036398540039062496
0.07244430908203126
0.107791962890625
0.142103583984375
0.17504868164062498
0.20630419189453125
0.23557304443359375
0.26257673583984376
0.28704790283203124
0.30875631591796876
0.3274903125
0.34307165039062504
0.3553480810546875
0.36420448974609376
0.3695480419921875
0.371337890625
0.3695480419921875
0.36420448974609376
0.3553480810546875
0.34307165039062504
0.3274903125
0.30875631591796876
0.28704790283203124
0.26257673583984376
0.23557304443359375
0.20630419189453125
0.17504868164062498
0.142103583984375
0.107791962890625
0.07244430908203126
0.036398540039062496
0.035471226806640624
0.07059867004394532
0.10504578369140624
0.13848325927734376
0.17058902587890626
0.2010482501220703
0.22957143005371095
0.2558871575927734
0.2797348809814453
0.3008902362060547
0.319146953125
0.33433133056640624
0.34629499877929687
0.354925775756836
0.36013319213867184
0.36187744140625
0.36013319213867184
0.354925775756836
0.34629499877929687
0.33433133056640624
0.319146953125
0.3008902362060547
0.2797348809814453
0.2558871575927734
0.22957143005371095
0.2010482501220703
0.17058902587890626
0.13848325927734376
0.10504578369140624
0.07059867004394532
0.035471226806640624
0.03455587890625
0.068776845703125
0.1023350390625
0.1349096484375
0.1661869140625
0.195860126953125
0.223647255859375
0.24928389648437502
0.272516220703125
0.29312565429687504
0.31091125000000003
0.3257037890625
0.33735873046875
0.34576678710937503
0.35083982421875
0.3525390625
0.35083982421875
0.34576678710937503
0.33735873046875
0.3257037890625
0.31091125000000003
0.29312565429687504
0.272516220703125
0.24928389648437502
0.223647255859375
0.195860126953125
0.1661869140625
0.1349096484375
0.1023350390625
0.068776845703125
0.03455587890625
0.03365249633789062
0.06697883605957032
0.09965972900390624
0.13138275146484377
0.16184234619140625
0.19073982238769532
0.21780052185058593
0.24276695251464844
0.2653919219970703
0.2854625701904297
0.302783203125
0.31718902587890624
0.3285392761230469
0.33672752380371096
0.34166793823242186
0.34332275390625
0.34166793823242186
0.33672752380371096
0.3285392761230469
0.31718902587890624
0.302783203125
0.2854625701904297
0.2653919219970703
0.24276695251464844
0.21780052185058593
0.19073982238769532
0.16184234619140625
0.13138275146484377
0.09965972900390624
0.06697883605957032
0.03365249633789062
0.0327610791015625
0.06520464111328125
0.09701985351562499
0.127902568359375
0.157555322265625
0.18568733642578125
0.21203122802734375
0.23633632568359375
0.25836198486328127
0.27790098388671874
0.2947628125
0.308787041015625
0.3198366357421875
0.3278079858398438
0.3326175341796875
0.334228515625
0.3326175341796875
0.3278079858398438
0.3198366357421875
0.308787041015625
0.2947628125
0.27790098388671874
0.25836198486328127
0.23633632568359375
0.21203122802734375
0.18568733642578125
0.157555322265625
0.127902568359375
0.09701985351562499
0.06520464111328125
0.0327610791015625
0.03188162719726562
0.06345426086425782
0.09441541259765625
0.12446909912109376
0.15332584228515625
0.1807026690673828
0.20633937438964844
0.22999201599121094
0.2514264093017578
0.2704408953857422
0.286850078125
0.30049783447265627
0.3112508093261719
0.31900817321777347
0.3236886120605469
0.32525634765625
0.3236886120605469
0.31900817321777347
0.3112508093261719
0.30049783447265627
0.286850078125
0.2704408953857422
0.2514264093017578
0.22999201599121094
0.20633937438964844
0.1807026690673828
0.15332584228515625
0.12446909912109376
0.09441541259765625
0.06345426086425782
0.03188162719726562
0.031014140625
0.061727695312500004
0.09184640625
0.12108234375
0.14915390625
0.1757858203125
0.2007249609375
0.2237340234375
0.2445851953125
0.2630823046875
0.279045
0.29232140625
0.302781796875
0.3103280859375
0.314881171875
0.31640625
0.314881171875
0.3103280859375
0.302781796875
0.29232140625
0.279045
0.2630823046875
0.2445851953125
0.2237340234375
0.2007249609375
0.1757858203125
0.14915390625
0.12108234375
0.09184640625
0.061727695312500004
0.031014140625
0.030158619384765623
0.060024944458007816
0.08931283447265624
0.11774230224609375
0.14503951416015626
0.1709367901611328
0.19518798767089843
0.21756234802246094
0.23783834289550781
0.2558252117919922
0.271347578125
0.28425775634765627
0.2944295983886719
0.30176772399902346
0.30619521362304686
0.30767822265625
0.30619521362304686
0.30176772399902346
0.2944295983886719
0.28425775634765627
0.271347578125
0.2558252117919922
0.23783834289550781
0.21756234802246094
0.19518798767089843
0.1709367901611328
0.14503951416015626
0.11774230224609375
0.08931283447265624
0.060024944458007816
0.030158619384765623
0.0293150634765625
0.05834600830078125
0.08681469726562499
0.114448974609375
0.140982666015625
0.16615557861328126
0.18972845458984375
0.21147698974609375
0.23118585205078124
0.24866961669921878
0.2637578125
0.276306884765625
0.2861942138671875
0.29332708740234376
0.2976307373046875
0.299072265625
0.2976307373046875
0.29332708740234376
0.2861942138671875
0.276306884765625
0.2637578125
0.24866961669921878
0.23118585205078124
0.21147698974609375
0.18972845458984375
0.16615557861328126
0.140982666015625
0.114448974609375
0.08681469726562499
0.05834600830078125
0.0293150634765625
0.028483472900390622
0.05669088684082032
0.08435199462890625
0.11120236083984375
0.13698336181640625
0.1614421856689453
0.18434636169433594
0.20547794860839844
0.2246277227783203
0.2416155194091797
0.25627570312500003
0.26846879150390623
0.2780756433105469
0.28500617614746093
0.2891877429199219
0.29058837890625
0.2891877429199219
0.28500617614746093
0.2780756433105469
0.26846879150390623
0.25627570312500003
0.2416155194091797
0.2246277227783203
0.20547794860839844
0.18434636169433594
0.1614421856689453
0.13698336181640625
0.11120236083984375
0.08435199462890625
0.05669088684082032
0.028483472900390622
0.027663847656249997
0.055059580078125
0.0819247265625
0.1080024609375
0.1330416015625
0.156796611328125
0.179041708984375
0.199565224609375
0.218163955078125
0.23466291992187502
0.24890125000000002
0.2607434765625
0.27007388671875
0.276804990234375
0.28086623046875
0.2822265625
0.28086623046875
0.276804990234375
0.27007388671875
0.2607434765625
0.24890125000000002
0.23466291992187502
0.218163955078125
0.199565224609375
0.179041708984375
0.156796611328125
0.1330416015625
0.1080024609375
0.0819247265625
0.055059580078125
0.027663847656249997
0.026856187744140624
0.05345208801269532
0.07953289306640625
0.10484927490234376
0.12915738525390624
0.15221885559082032
0.17381449645996094
0.19373881774902343
0.2117945489501953
0.2278118182373047
0.241634453125
0.2531309399414063
0.2621889440917969
0.26872352966308594
0.27266619995117186
0.27398681640625
0.27266619995117186
0.26872352966308594
0.2621889440917969
0.2531309399414063
0.241634453125
0.2278118182373047
0.2117945489501953
0.19373881774902343
0.17381449645996094
0.15221885559082032
0.12915738525390624
0.10484927490234376
0.07953289306640625
0.05345208801269532
0.026856187744140624
0.0260604931640625
0.05186841064453125
0.077176494140625
0.101742802734375
0.125330712890625
0.14770891845703124
0.16866472412109376
0.18799872802734374
0.20551950439453123
0.22106221435546877
0.2344753125
0.245631181640625
0.25442081542968753
0.26076179443359376
0.2645876513671875
0.265869140625
0.2645876513671875
0.26076179443359376
0.25442081542968753
0.245631181640625
0.2344753125
0.22106221435546877
0.20551950439453123
0.18799872802734374
0.16866472412109376
0.14770891845703124
0.125330712890625
0.101742802734375
0.077176494140625
0.05186841064453125
0.0260604931640625
0.025276763916015625
0.050308547973632815
0.07485552978515625
0.09868304443359376
0.12156158447265625
0.1432667999267578
0.16359239196777345
0.18234495544433593
0.1993388214111328
0.2144141082763672
0.227423828125
0.23824420166015625
0.24676950073242188
0.2529197845458985
0.25663058471679684
0.25787353515625
0.25663058471679684
0.2529197845458985
0.24676950073242188
0.23824420166015625
0.227423828125
0.2144141082763672
0.1993388214111328
0.18234495544433593
0.16359239196777345
0.1432667999267578
0.12156158447265625
0.09868304443359376
0.07485552978515625
0.050308547973632815
0.025276763916015625
0.024505
0.0487725
0.07257
0.09567
0.11785
0.1388925
0.1585975
0.1767775
0.1932525
0.2078675
0.22048
0.23097
0.239235
0.2451975
0.248795
0.25
0.248795
0.2451975
0.239235
0.23097
0.22048
0.2078675
0.1932525
0.1767775
0.1585975
0.1388925
0.11785
0.09567
0.07257
0.0487725
0.024505
0.023745201416015625
0.047260266723632816
0.07031990478515625
0.09270366943359376
0.11419595947265625
0.13458601867675782
0.15368004821777345
0.17129636169433593
0.1872605401611328
0.2014223895263672
0.21364382812500002
0.22380857666015627
0.23181731323242188
0.23759494079589846
0.24108089721679687
0.24224853515625
0.24108089721679687
0.23759494079589846
0.23181731323242188
0.22380857666015627
0.21364382812500002
0.2014223895263672
0.1872605401611328
0.17129636169433593
0.15368004821777345
0.13458601867675782
0.11419595947265625
0.09270366943359376
0.07031990478515625
0.047260266723632816
0.023745201416015625
0.0229973681640625
0.04577184814453125
0.068105244140625
0.08978405273437501
0.110599462890625
0.13034735595703126
0.14884003662109374
0.16590154052734377
0.18136294189453125
0.19507877685546876
0.2069153125
0.21675993164062501
0.2245164404296875
0.23011210693359377
0.2334882763671875
0.234619140625
0.2334882763671875
0.23011210693359377
0.2245164404296875
0.21675993164062501
0.2069153125
0.19507877685546876
0.18136294189453125
0.16590154052734377
0.14884003662109374
0.13034735595703126
0.110599462890625
0.08978405273437501
0.068105244140625
0.04577184814453125
0.0229973681640625
0.022261500244140624
0.04430724426269531
0.06592601806640624
0.08691114990234375
0.10706051025390624
0.12617651184082032
0.14407746520996095
0.16059303649902343
0.17555970520019532
0.1888366619873047
0.20029445312500002
0.20982406494140626
0.21733238159179688
0.22274899841308596
0.22601713745117186
0.22711181640625
0.22601713745117186
0.22274899841308596
0.21733238159179688
0.20982406494140626
0.20029445312500002
0.1888366619873047
0.17555970520019532
0.16059303649902343
0.14407746520996095
0.12617651184082032
0.10706051025390624
0.08691114990234375
0.06592601806640624
0.04430724426269531
0.022261500244140624
0.021537597656249997
0.042866455078125004
0.0637822265625
0.08408496093750001
0.1035791015625
0.12207348632812501
0.139392333984375
0.155370849609375
0.169850830078125
0.18269604492187502
0.19378125000000002
0.20300097656250002
0.21026513671875
0.215505615234375
0.21866748046874998
0.2197265625
0.21866748046874998
0.215505615234375
0.21026513671875
0.20300097656250002
0.19378125000000002
0.18269604492187502
0.169850830078125
0.155370849609375
0.139392333984375
0.12207348632812501
0.1035791015625
0.08408496093750001
0.0637822265625
0.042866455078125004
0.021537597656249997
0.020825660400390623
0.04144948059082031
0.061673869628906246
0.08130548583984376
0.10015523681640624
0.11803827941894532
0.13478464294433595
0.15023497985839845
0.1642363165283203
0.1766569256591797
0.18737570312500001
0.19629066650390625
0.20331470581054686
0.20838195739746096
0.21143930541992187
0.21246337890625
0.21143930541992187
0.20838195739746096
0.20331470581054686
0.19629066650390625
0.18737570312500001
0.1766569256591797
0.1642363165283203
0.15023497985839845
0.13478464294433595
0.11803827941894532
0.10015523681640624
0.08130548583984376
0.061673869628906246
0.04144948059082031
0.020825660400390623
0.0201256884765625
0.04005632080078125
0.059600947265624996
0.078572724609375
0.096788916015625
0.11407089111328125
0.13025439208984374
0.14518542724609376
0.15871616455078125
0.17071930419921877
0.18107781250000002
0.189693134765625
0.19648108886718751
0.20137802490234377
0.2043326123046875
0.205322265625
0.2043326123046875
0.20137802490234377
0.19648108886718751
0.189693134765625
0.18107781250000002
0.17071930419921877
0.15871616455078125
0.14518542724609376
0.13025439208984374
0.11407089111328125
0.096788916015625
0.078572724609375
0.059600947265624996
0.04005632080078125
0.0201256884765625
0.019437681884765624
0.03868697570800782
0.057563459472656245
0.07588667724609376
0.09348013916015625
0.11017132141113281
0.12580158142089845
0.14022219177246095
0.1532903741455078
0.1648831805419922
0.174887578125
0.18320838134765627
0.1897642858886719
0.19449381774902344
0.19734740112304686
0.19830322265625
0.19734740112304686
0.19449381774902344
0.1897642858886719
0.18320838134765627
0.174887578125
0.1648831805419922
0.1532903741455078
0.14022219177246095
0.12580158142089845
0.11017132141113281
0.09348013916015625
0.07588667724609376
0.057563459472656245
0.03868697570800782
0.019437681884765624
0.018761640625
0.037341445312500006
0.055561406249999994
0.07324734375
0.09022890624999999
0.1063395703125
0.1214262109375
0.1353452734375
0.1479589453125
0.1591485546875
0.168805
0.17683640625
0.183164296875
0.18772933593750002
0.19048367187499998
0.19140625
0.19048367187499998
0.18772933593750002
0.183164296875
0.17683640625
0.168805
0.1591485546875
0.1479589453125
0.1353452734375
0.1214262109375
0.1063395703125
0.09022890624999999
0.07324734375
0.055561406249999994
0.037341445312500006
0.018761640625
0.018097564697265624
0.03601972961425781
0.05359478759765625
0.07065472412109375
0.08703521728515624
0.10257563781738281
0.11712828063964843
0.13055467224121095
0.14272187805175782
0.1535154266357422
0.162830078125
0.17057720947265625
0.17668112182617188
0.18108457946777345
0.18374142456054687
0.18463134765625
0.18374142456054687
0.18108457946777345
0.17668112182617188
0.17057720947265625
0.162830078125
0.1535154266357422
0.14272187805175782
0.13055467224121095
0.11712828063964843
0.10257563781738281
0.08703521728515624
0.07065472412109375
0.05359478759765625
0.03601972961425781
0.018097564697265624
0.0174454541015625
0.034721828613281255
0.051663603515624996
0.068108818359375
0.083899072265625
0.09887952392578125
0.11290779052734375
0.12585038818359376
0.13757917236328124
0.14798379638671877
0.1569628125
0.164430791015625
0.17031476074218752
0.17455954833984375
0.1771206591796875
0.177978515625
0.1771206591796875
0.17455954833984375
0.17031476074218752
0.164430791015625
0.1569628125
0.14798379638671877
0.13757917236328124
0.12585038818359376
0.11290779052734375
0.09887952392578125
0.083899072265625
0.068108818359375
0.051663603515624996
0.034721828613281255
0.0174454541015625
0.016805308837890623
0.033447742309570316
0.049767854003906244
0.06560962646484375
0.08082047119140624
0.09525122863769532
0.10876474060058594
0.12123242126464844
0.1325308282470703
0.1425536639404297
0.15120320312500002
0.15839715087890627
0.16406521362304688
0.16815424255371095
0.17062137573242186
0.17144775390625
0.17062137573242186
0.16815424255371095
0.16406521362304688
0.15839715087890627
0.15120320312500002
0.1425536639404297
0.1325308282470703
0.12123242126464844
0.10876474060058594
0.09525122863769532
0.08082047119140624
0.06560962646484375
0.049767854003906244
0.033447742309570316
0.016805308837890623
0.016177128906249998
0.032197470703125
0.0479075390625
0.0631571484375
0.0777994140625
0.091690751953125
0.104699130859375
0.11670077148437501
0.127576845703125
0.137225029296875
0.14555125
0.1524762890625
0.15793248046875
0.161868662109375
0.16424357421875
0.1650390625
0.16424357421875
0.161868662109375
0.15793248046875
0.1524762890625
0.14555125
0.137225029296875
0.127576845703125
0.11670077148437501
0.104699130859375
0.091690751953125
0.0777994140625
0.0631571484375
0.0479075390625
0.032197470703125
0.016177128906249998
0.015560914306640625
0.030971013793945314
0.04608265869140625
0.06075138427734375
0.07483590087890625
0.08819809387207031
0.10071096130371093
0.11225543884277343
0.1227172247314453
0.1319978924560547
0.140006953125
0.14666820556640625
0.15191656127929687
0.15570280700683595
0.15798725463867186
0.15875244140625
0.15798725463867186
0.15570280700683595
0.15191656127929687
0.14666820556640625
0.140006953125
0.1319978924560547
0.1227172247314453
0.11225543884277343
0.10071096130371093
0.08819809387207031
0.07483590087890625
0.06075138427734375
0.04608265869140625
0.030971013793945314
0.015560914306640625
0.014956665039062499
0.02976837158203125
0.044293212890624996
0.058392333984375
0.071929931640625
0.08477325439453125
0.09680023193359376
0.10789642333984376
0.11795196533203124
0.12687225341796876
0.1345703125
0.14097290039062502
0.1460174560546875
0.14965667724609374
0.1518524169921875
0.152587890625
0.1518524169921875
0.14965667724609374
0.1460174560546875
0.14097290039062502
0.1345703125
0.12687225341796876
0.11795196533203124
0.10789642333984376
0.09680023193359376
0.08477325439453125
0.071929931640625
0.058392333984375
0.044293212890624996
0.02976837158203125
0.014956665039062499
0.014364381103515624
0.028589544067382816
0.04253920166015625
0.056079997558593754
0.06908150634765625
0.08141623352050781
0.09296694274902344
0.10362372497558595
0.11328106750488282
0.1218481121826172
0.129241328125
0.13539037353515626
0.14023516479492187
0.14373027282714845
0.14583906127929686
0.14654541015625
0.14583906127929686
0.14373027282714845
0.14023516479492187
0.13539037353515626
0.129241328125
0.1218481121826172
0.11328106750488282
0.10362372497558595
0.09296694274902344
0.08141623352050781
0.06908150634765625
0.056079997558593754
0.04253920166015625
0.028589544067382816
0.014364381103515624
0.0137840625
0.02743453125
0.040820625
0.053814375000000005
0.06629062499999999
0.07812703125
0.08921109375
0.09943734375
0.10870453125
0.11692546875000001
0.12402
0.129920625
0.1345696875
0.13792359375000002
0.1399471875
0.140625
0.1399471875
0.13792359375000002
0.1345696875
0.129920625
0.12402
0.11692546875000001
0.10870453125
0.09943734375
0.08921109375
0.07812703125
0.06629062499999999
0.053814375000000005
0.040820625
0.02743453125
0.0137840625
0.013215709228515624
0.026303333129882814
0.03913748291015625
0.051595466308593754
0.06355728759765625
0.07490564758300781
0.08553268493652344
0.09533727966308594
0.10422235656738281
0.1121043231201172
0.118906328125
0.12456365478515626
0.12902102416992187
0.13223664001464844
0.13417679565429688
0.13482666015625
0.13417679565429688
0.13223664001464844
0.12902102416992187
0.12456365478515626
0.118906328125
0.1121043231201172
0.10422235656738281
0.09533727966308594
0.08553268493652344
0.07490564758300781
0.06355728759765625
0.051595466308593754
0.03913748291015625
0.026303333129882814
0.013215709228515624
0.012659321289062499
0.02519594970703125
0.037489775390625
0.049423271484375
0.060881494140625
0.07175208251953125
0.08193171630859375
0.09132353271484375
0.09983454345703124
0.10738467529296876
0.1139003125
0.119319462890625
0.12358917480468751
0.12666941162109377
0.1285278857421875
0.129150390625
0.1285278857421875
0.12666941162109377
0.12358917480468751
0.119319462890625
0.1139003125
0.10738467529296876
0.09983454345703124
0.09132353271484375
0.08193171630859375
0.07175208251953125
0.060881494140625
0.049423271484375
0.037489775390625
0.02519594970703125
0.012659321289062499
0.012114898681640625
0.024112380981445313
0.03587750244140625
0.04729779052734375
0.058263244628906245
0.06866633605957032
0.07840818786621094
0.08739610290527344
0.0955410919189453
0.10276652526855469
0.10900195312500001
0.11418804931640625
0.11827413940429687
0.12122190856933594
0.12300045776367187
0.12359619140625
0.12300045776367187
0.12122190856933594
0.11827413940429687
0.11418804931640625
0.10900195312500001
0.10276652526855469
0.0955410919189453
0.08739610290527344
0.07840818786621094
0.06866633605957032
0.058263244628906245
0.04729779052734375
0.03587750244140625
0.024112380981445313
0.012114898681640625
0.01158244140625
0.023052626953125002
0.0343006640625
0.045219023437500006
0.0557025390625
0.065648408203125
0.074962099609375
0.083554990234375
0.091342001953125
0.098249873046875
0.10421125
0.1091694140625
0.11307591796875
0.115894130859375
0.11759451171874999
0.1181640625
0.11759451171874999
0.115894130859375
0.11307591796875
0.1091694140625
0.10421125
0.098249873046875
0.091342001953125
0.083554990234375
0.074962099609375
0.065648408203125
0.0557025390625
0.045219023437500006
0.0343006640625
0.023052626953125002
0.01158244140625
0.011061949462890625
0.022016687622070315
0.03275926025390625
0.04318697021484375
0.05319937744140625
0.06269829895019531
0.07159345153808594
0.07980019470214844
0.08723727355957031
0.09383471862792969
0.099528203125
0.10426355712890625
0.10799451049804687
0.11068607849121094
0.11231004760742187
0.11285400390625
0.11231004760742187
0.11068607849121094
0.10799451049804687
0.10426355712890625
0.099528203125
0.09383471862792969
0.08723727355957031
0.07980019470214844
0.07159345153808594
0.06269829895019531
0.05319937744140625
0.04318697021484375
0.03275926025390625
0.022016687622070315
0.011061949462890625
0.0105534228515625
0.021004562988281253
0.031253291015625
0.041201630859375005
0.050753759765624996
0.05981600830078125
0.06830224365234375
0.07613171630859375
0.08322690673828124
0.08952106201171875
0.0949528125
0.099470478515625
0.1030299169921875
0.10559775146484375
0.1071470654296875
0.107666015625
0.1071470654296875
0.10559775146484375
0.1030299169921875
0.099470478515625
0.0949528125
0.08952106201171875
0.08322690673828124
0.07613171630859375
0.06830224365234375
0.05981600830078125
0.050753759765624996
0.041201630859375005
0.031253291015625
0.021004562988281253
0.0105534228515625
0.010056861572265624
0.020016253051757815
0.029782756347656248
0.03926300537109375
0.04836568603515625
0.057001536254882815
0.06508847595214844
0.07254955505371094
0.0793109014892578
0.08530890319824219
0.090485078125
0.09479017822265626
0.09818213745117188
0.10062914978027344
0.10210556518554686
0.10260009765625
0.10210556518554686
0.10062914978027344
0.09818213745117188
0.09479017822265626
0.090485078125
0.08530890319824219
0.0793109014892578
0.07254955505371094
0.06508847595214844
0.057001536254882815
0.04836568603515625
0.03926300537109375
0.029782756347656248
0.020016253051757815
0.010056861572265624
0.009572265625
0.0190517578125
0.02834765625
0.03737109375
0.04603515625
0.0542548828125
0.0619521484375
0.0690537109375
0.0754892578125
0.0811982421875
0.08612500000000001
0.09022265625
0.093451171875
0.09578027343750001
0.097185546875
0.09765625
0.097185546875
0.09578027343750001
0.093451171875
0.09022265625
0.08612500000000001
0.0811982421875
0.0754892578125
0.0690537109375
0.0619521484375
0.0542548828125
0.04603515625
0.03737109375
0.02834765625
0.0190517578125
0.009572265625
0.009099635009765624
0.018111077270507814
0.02694799072265625
0.03552589599609375
0.043762170410156245
0.05157604797363281
0.05889326110839844
0.06564418395996094
0.07176197570800781
0.07718907897949219
0.081872578125
0.08576791259765626
0.08883702026367188
0.09105112243652344
0.09238701049804687
0.09283447265625
0.09238701049804687
0.09105112243652344
0.08883702026367188
0.08576791259765626
0.081872578125
0.07718907897949219
0.07176197570800781
0.06564418395996094
0.05889326110839844
0.05157604797363281
0.043762170410156245
0.03552589599609375
0.02694799072265625
0.018111077270507814
0.009099635009765624
0.0086389697265625
0.01719421142578125
0.025583759765625
0.033727412109375
0.041546728515625
0.04896503173828125
0.05591181396484375
0.062320974121093754
0.06812905517578124
0.07328141357421876
0.07772781250000001
0.081425947265625
0.0843396826171875
0.08644169677734376
0.0877099560546875
0.088134765625
0.0877099560546875
0.08644169677734376
0.0843396826171875
0.081425947265625
0.07772781250000001
0.07328141357421876
0.06812905517578124
0.062320974121093754
0.05591181396484375
0.04896503173828125
0.041546728515625
0.033727412109375
0.025583759765625
0.01719421142578125
0.0086389697265625
0.008190269775390625
0.016301160278320313
0.024254963378906248
0.03197564208984375
0.03938883056640625
0.04642183410644531
0.05300780700683594
0.05908408142089844
0.06459049621582032
0.06947524597167969
0.073690703125
0.07719676025390625
0.07995915893554688
0.08195199645996094
0.08315438354492187
0.08355712890625
0.08315438354492187
0.08195199645996094
0.07995915893554688
0.07719676025390625
0.073690703125
0.06947524597167969
0.06459049621582032
0.05908408142089844
0.05300780700683594
0.04642183410644531
0.03938883056640625
0.03197564208984375
0.024254963378906248
0.016301160278320313
0.008190269775390625
0.00775353515625
0.015431923828125001
0.0229616015625
0.0302705859375
0.0372884765625
0.043946455078125
0.050181240234375
0.055933505859375
0.061146298828125
0.065770576171875
0.06976125
0.0730803515625
0.07569544921875
0.077582021484375
0.07872029296875
0.0791015625
0.07872029296875
0.077582021484375
0.07569544921875
0.0730803515625
0.06976125
0.065770576171875
0.061146298828125
0.055933505859375
0.050181240234375
0.043946455078125
0.0372884765625
0.0302705859375
0.0229616015625
0.015431923828125001
0.00775353515625
0.007328765869140625
0.014586502075195313
0.021703674316406248
0.02861224365234375
0.03524566650390625
0.041538894653320314
0.04743211364746094
0.05286924743652344
0.05779646301269531
0.062167404174804694
0.065939453125
0.06907672119140625
0.07154855346679688
0.07333177185058594
0.07440768432617187
0.07476806640625
0.07440768432617187
0.07333177185058594
0.07154855346679688
0.06907672119140625
0.065939453125
0.062167404174804694
0.05779646301269531
0.05286924743652344
0.04743211364746094
0.041538894653320314
0.03524566650390625
0.02861224365234375
0.021703674316406248
0.014586502075195313
0.007328765869140625
0.006915961914062499
0.01376489501953125
0.020481181640625
0.027000615234375
0.033260400390625
0.03919915283203125
0.04476042724609375
0.04989130615234375
0.05454098876953125
0.058665729980468755
0.062225312500000005
0.065185869140625
0.0675184716796875
0.06920124755859375
0.0702165576171875
0.070556640625
0.0702165576171875
0.06920124755859375
0.0675184716796875
0.065185869140625
0.062225312500000005
0.058665729980468755
0.05454098876953125
0.04989130615234375
0.04476042724609375
0.03919915283203125
0.033260400390625
0.027000615234375
0.020481181640625
0.01376489501953125
0.006915961914062499
0.006515123291015625
0.012967102661132813
0.01929412353515625
0.02543570068359375
0.03133267822265625
0.03692722961425781
0.04216618103027344
0.046999682006835936
0.05137987609863281
0.05526555358886719
0.058618828125
0.06140779541015625
0.06360520385742188
0.06519044860839844
0.06614691284179687
0.06646728515625
0.06614691284179687
0.06519044860839844
0.06360520385742188
0.06140779541015625
0.058618828125
0.05526555358886719
0.05137987609863281
0.046999682006835936
0.04216618103027344
0.03692722961425781
0.03133267822265625
0.02543570068359375
0.01929412353515625
0.012967102661132813
0.006515123291015625
0.00612625
0.012193125
0.0181425
0.0239175
0.0294625
0.034723125
0.039649375
0.044194375
0.048313125
0.051966875
0.05512
0.0577425
0.05980875
0.061299375
0.06219875
0.0625
0.06219875
0.061299375
0.05980875
0.0577425
0.05512
0.051966875
0.048313125
0.044194375
0.039649375
0.034723125
0.0294625
0.0239175
0.0181425
0.012193125
0.00612625
0.005749342041015625
0.011442962036132813
0.01702631103515625
0.022446013183593752
0.02764986572265625
0.032586838989257814
0.037210009155273435
0.04147538513183594
0.045340735473632814
0.04876969421386719
0.051728828125
0.054189982910156254
0.05612911010742187
0.05752802673339844
0.058372069091796874
0.05865478515625
0.058372069091796874
0.05752802673339844
0.05612911010742187
0.054189982910156254
0.051728828125
0.04876969421386719
0.045340735473632814
0.04147538513183594
0.037210009155273435
0.032586838989257814
0.02764986572265625
0.022446013183593752
0.01702631103515625
0.011442962036132813
0.005749342041015625
0.005384399414062499
0.010716613769531251
0.015945556640625
0.021021240234375002
0.025894775390625
0.030518371582031252
0.03484808349609375
0.03884271240234375
0.04246270751953125
0.045674011230468756
0.048445312500000004
0.050750244140625005
0.0525662841796875
0.05387640380859375
0.054666870117187495
0.054931640625
0.054666870117187495
0.05387640380859375
0.0525662841796875
0.050750244140625005
0.048445312500000004
0.045674011230468756
0.04246270751953125
0.03884271240234375
0.03484808349609375
0.030518371582031252
0.025894775390625
0.021021240234375002
0.015945556640625
0.010716613769531251
0.005384399414062499
0.005031422119140625
0.010014080200195313
0.014900236816406249
0.01964318115234375
0.02419722900390625
0.028517722778320313
0.032563598022460935
0.03629635681152344
0.03967904113769531
0.04267982604980469
0.045269453125000005
0.04742328369140625
0.04912027221679688
0.05034450622558594
0.051083153076171874
0.05133056640625
0.051083153076171874
0.05034450622558594
0.04912027221679688
0.04742328369140625
0.045269453125000005
0.04267982604980469
0.03967904113769531
0.03629635681152344
0.032563598022460935
0.028517722778320313
0.02419722900390625
0.01964318115234375
0.014900236816406249
0.010014080200195313
0.005031422119140625
0.00469041015625
0.009335361328125001
0.013890351562499998
0.0183118359375
0.022557226562499998
0.026584892578125
0.030356552734375
0.033836318359375
0.036989736328125
0.039787138671875
0.04220125
0.0442091015625
0.04579107421875
0.046932333984375005
0.047620917968749996
0.0478515625
0.047620917968749996
0.046932333984375005
0.04579107421875
0.0442091015625
0.04220125
0.039787138671875
0.036989736328125
0.033836318359375
0.030356552734375
0.026584892578125
0.022557226562499998
0.0183118359375
0.013890351562499998
0.009335361328125001
0.00469041015625
0.004361363525390625
0.008680457153320314
0.012915900878906249
0.01702720458984375
0.02097476806640625
0.024719880981445314
0.028226947631835936
0.03146259704589844
0.03439479309082031
0.03699594909667969
0.039240703125
0.04110769775390625
0.04257869018554688
0.043639887084960936
0.044280164794921875
0.04449462890625
0.044280164794921875
0.043639887084960936
0.04257869018554688
0.04110769775390625
0.039240703125
0.03699594909667969
0.03439479309082031
0.03146259704589844
0.028226947631835936
0.024719880981445314
0.02097476806640625
0.01702720458984375
0.012915900878906249
0.008680457153320314
0.004361363525390625
0.004044282226562499
0.00804936767578125
0.011976884765625
0.015789287109375
0.019449853515625
0.02292268798828125
0.02617478271484375
0.029175192871093752
0.03189421142578125
0.03430625732421875
0.0363878125
0.038119072265625
0.0394831201171875
0.04046716552734375
0.0410608935546875
0.041259765625
0.0410608935546875
0.04046716552734375
0.0394831201171875
0.038119072265625
0.0363878125
0.03430625732421875
0.03189421142578125
0.029175192871093752
0.02617478271484375
0.02292268798828125
0.019449853515625
0.015789287109375
0.011976884765625
0.00804936767578125
0.004044282226562499
0.0037391662597656247
0.007442092895507813
0.011073303222656249
0.01459808349609375
0.01798248291015625
0.021193313598632812
0.02420005798339844
0.02697410583496094
0.02948799133300781
0.03171806335449219
0.033642578125
0.035243225097656254
0.036504364013671874
0.037414169311523436
0.03796310424804687
0.03814697265625
0.03796310424804687
0.037414169311523436
0.036504364013671874
0.035243225097656254
0.033642578125
0.03171806335449219
0.02948799133300781
0.02697410583496094
0.02420005798339844
0.021193313598632812
0.01798248291015625
0.01459808349609375
0.011073303222656249
0.007442092895507813
0.0037391662597656247
0.003446015625
0.0068586328125
0.01020515625
0.013453593750000001
0.016572656249999998
0.0195317578125
0.0223027734375
0.0248593359375
0.0271761328125
0.029231367187500003
0.031005
0.03248015625
0.033642421875
0.034480898437500004
0.034986796875
0.03515625
0.034986796875
0.034480898437500004
0.033642421875
0.03248015625
0.031005
0.029231367187500003
0.0271761328125
0.0248593359375
0.0223027734375
0.0195317578125
0.016572656249999998
0.013453593750000001
0.01020515625
0.0068586328125
0.003446015625
0.0031648303222656248
0.006298987426757813
0.00937244384765625
0.01235581787109375
0.01522037353515625
0.01793802062988281
0.020482929077148437
0.022830883178710938
0.02495863586425781
0.02684616882324219
0.028475078125
0.02982986572265625
0.030897293701171877
0.03166735290527344
0.03213197143554687
0.03228759765625
0.03213197143554687
0.03166735290527344
0.030897293701171877
0.02982986572265625
0.028475078125
0.02684616882324219
0.02495863586425781
0.022830883178710938
0.020482929077148437
0.01793802062988281
0.01522037353515625
0.01235581787109375
0.00937244384765625
0.006298987426757813
0.0031648303222656248
0.0028956103515625
0.0057631567382812506
0.008575166015625
0.011304755859375001
0.013925634765625
0.01641210205078125
0.01874052490234375
0.02088874755859375
0.02283550048828125
0.02456246826171875
0.0260528125
0.027292353515625
0.0282689794921875
0.02897353271484375
0.029398627929687497
0.029541015625
0.029398627929687497
0.02897353271484375
0.0282689794921875
0.027292353515625
0.0260528125
0.02456246826171875
0.02283550048828125
0.02088874755859375
0.01874052490234375
0.01641210205078125
0.013925634765625
0.011304755859375001
0.008575166015625
0.0057631567382812506
0.0028956103515625
0.002638355712890625
0.005251140747070313
0.00781332275390625
0.010300407714843751
0.012688439941406249
0.014954002075195313
0.017075560913085937
0.019032929077148437
0.02080672668457031
0.022380265502929687
0.023738203125
0.02486761962890625
0.025757479248046874
0.026399437866210938
0.026786766357421873
0.02691650390625
0.026786766357421873
0.026399437866210938
0.025757479248046874
0.02486761962890625
0.023738203125
0.022380265502929687
0.02080672668457031
0.019032929077148437
0.017075560913085937
0.014954002075195313
0.012688439941406249
0.010300407714843751
0.00781332275390625
0.005251140747070313
0.002638355712890625
0.00239306640625
0.004762939453125
0.0070869140625
0.0093427734375
0.0115087890625
0.013563720703125
0.015488037109375
0.017263427734375
0.018872314453125
0.020299560546875
0.021531250000000002
0.0225556640625
0.02336279296875
0.023945068359375002
0.02429638671875
0.0244140625
0.02429638671875
0.023945068359375002
0.02336279296875
0.0225556640625
0.021531250000000002
0.020299560546875
0.018872314453125
0.017263427734375
0.015488037109375
0.013563720703125
0.0115087890625
0.0093427734375
0.0070869140625
0.004762939453125
0.00239306640625
0.002159742431640625
0.004298552856445313
0.00639593994140625
0.00843185302734375
0.01038668212890625
0.012241257934570312
0.013977953491210938
0.015580243530273439
0.01703226379394531
0.01832035339355469
0.019431953125000002
0.02035648681640625
0.021084920654296874
0.02161042419433594
0.021927489013671874
0.02203369140625
0.021927489013671874
0.02161042419433594
0.021084920654296874
0.02035648681640625
0.019431953125000002
0.01832035339355469
0.01703226379394531
0.015580243530273439
0.013977953491210938
0.012241257934570312
0.01038668212890625
0.00843185302734375
0.00639593994140625
0.004298552856445313
0.002159742431640625
0.0019383837890625
0.0038579809570312503
0.005740400390625
0.007567646484375
0.009322119140625
0.01098661376953125
0.01254531005859375
0.01398337646484375
0.01528657470703125
0.01644264404296875
0.0174403125
0.018270087890625
0.0189238623046875
0.01939550537109375
0.0196800732421875
0.019775390625
0.0196800732421875
0.01939550537109375
0.0189238623046875
0.018270087890625
0.0174403125
0.01644264404296875
0.01528657470703125
0.01398337646484375
0.01254531005859375
0.01098661376953125
0.009322119140625
0.007567646484375
0.005740400390625
0.0038579809570312503
0.0019383837890625
0.0017289904785156248
0.0034412237548828127
0.00512029541015625
0.00675015380859375
0.00831510009765625
0.009799788208007813
0.011190106811523437
0.012472826538085938
0.013635247192382812
0.014666432495117189
0.015556328125000001
0.01629646728515625
0.016879617919921874
0.017300311889648437
0.017554139404296874
0.01763916015625
0.017554139404296874
0.017300311889648437
0.016879617919921874
0.01629646728515625
0.015556328125000001
0.014666432495117189
0.013635247192382812
0.012472826538085938
0.011190106811523437
0.009799788208007813
0.00831510009765625
0.00675015380859375
0.00512029541015625
0.0034412237548828127
0.0017289904785156248
0.0015315625
0.00304828125
0.004535625
0.005979375
0.007365625
0.00868078125
0.00991234375
0.01104859375
0.01207828125
0.01299171875
0.01378
0.014435625
0.0149521875
0.01532484375
0.0155496875
0.015625
0.0155496875
0.01532484375
0.0149521875
0.014435625
0.01378
0.01299171875
0.01207828125
0.01104859375
0.00991234375
0.00868078125
0.007365625
0.005979375
0.004535625
0.00304828125
0.0015315625
0.0013460998535156248
0.0026791534423828128
0.00398638916015625
0.0052553100585937505
0.00647369384765625
0.007629592895507813
0.008712020874023438
0.009710678100585938
0.010615676879882812
0.011418502807617189
0.012111328125000001
0.012687561035156251
0.013141571044921875
0.013469100952148438
0.013666717529296874
0.01373291015625
0.013666717529296874
0.013469100952148438
0.013141571044921875
0.012687561035156251
0.012111328125000001
0.011418502807617189
0.010615676879882812
0.009710678100585938
0.008712020874023438
0.007629592895507813
0.00647369384765625
0.0052553100585937505
0.00398638916015625
0.0026791534423828128
0.0013460998535156248
0.0011726025390625
0.0023338403320312504
0.0034725878906249996
0.004577958984375
0.005639306640624999
0.00664622314453125
0.00758913818359375
0.00845907958984375
0.00924743408203125
0.00994678466796875
0.0105503125
0.011052275390625
0.0114477685546875
0.011733083496093751
0.011905229492187499
0.011962890625
0.011905229492187499
0.011733083496093751
0.0114477685546875
0.011052275390625
0.0105503125
0.00994678466796875
0.00924743408203125
0.00845907958984375
0.00758913818359375
0.00664622314453125
0.005639306640624999
0.004577958984375
0.0034725878906249996
0.0023338403320312504
0.0011726025390625
0.0010110705566406249
0.0020123419189453126
0.00299422119140625
0.00394732177734375
0.00486246337890625
0.005730671997070312
0.006543695678710938
0.007293798217773438
0.007973552856445312
0.008576564331054687
0.009096953125
0.00952976806640625
0.009870780029296875
0.010116791381835938
0.010265223388671875
0.01031494140625
0.010265223388671875
0.010116791381835938
0.009870780029296875
0.00952976806640625
0.009096953125
0.008576564331054687
0.007973552856445312
0.007293798217773438
0.006543695678710938
0.005730671997070312
0.00486246337890625
0.00394732177734375
0.00299422119140625
0.0020123419189453126
0.0010110705566406249
0.00086150390625
0.001714658203125
0.0025512890625
0.0033633984375000003
0.0041431640624999995
0.004882939453125
0.005575693359375
0.006214833984375
0.006794033203125
0.007307841796875001
0.00775125
0.0081200390625
0.00841060546875
0.008620224609375001
0.00874669921875
0.0087890625
0.00874669921875
0.008620224609375001
0.00841060546875
0.0081200390625
0.00775125
0.007307841796875001
0.006794033203125
0.006214833984375
0.005575693359375
0.004882939453125
0.0041431640624999995
0.0033633984375000003
0.0025512890625
0.001714658203125
0.00086150390625
0.000723902587890625
0.0014407891845703126
0.00214379150390625
0.0028261889648437503
0.00348140869140625
0.004103025512695312
0.0046851312255859374
0.005222186889648438
0.005708875122070313
0.006140617065429688
0.006513203125
0.00682308837890625
0.007067244873046875
0.0072433831787109375
0.007349656982421874
0.00738525390625
0.007349656982421874
0.0072433831787109375
0.007067244873046875
0.00682308837890625
0.006513203125
0.006140617065429688
0.005708875122070313
0.005222186889648438
0.0046851312255859374
0.004103025512695312
0.00348140869140625
0.0028261889648437503
0.00214379150390625
0.0014407891845703126
0.000723902587890625
0.0005982666015625
0.00119073486328125
0.001771728515625
0.002335693359375
0.002877197265625
0.00339093017578125
0.00387200927734375
0.00431585693359375
0.00471807861328125
0.00507489013671875
0.0053828125000000004
0.005638916015625
0.0058406982421875
0.0059862670898437505
0.0060740966796875
0.006103515625
0.0060740966796875
0.0059862670898437505
0.0058406982421875
0.005638916015625
0.0053828125000000004
0.00507489013671875
0.00471807861328125
0.00431585693359375
0.00387200927734375
0.00339093017578125
0.002877197265625
0.002335693359375
0.001771728515625
0.00119073486328125
0.0005982666015625
0.000484595947265625
0.0009644952392578126
0.00143510009765625
0.00189191162109375
0.00233052978515625
0.0027466534423828126
0.0031363275146484375
0.0034958441162109377
0.0038216436767578126
0.004110661010742187
0.004360078125
0.00456752197265625
0.004730965576171875
0.0048488763427734375
0.004920018310546875
0.00494384765625
0.004920018310546875
0.0048488763427734375
0.004730965576171875
0.00456752197265625
0.004360078125
0.004110661010742187
0.0038216436767578126
0.0034958441162109377
0.0031363275146484375
0.0027466534423828126
0.00233052978515625
0.00189191162109375
0.00143510009765625
0.0009644952392578126
0.000484595947265625
0.000382890625
0.0007620703125
0.00113390625
0.00149484375
0.00184140625
0.0021701953125
0.0024780859375
0.0027621484375
0.0030195703125
0.0032479296875
0.003445
0.00360890625
0.003738046875
0.0038312109375
0.003887421875
0.00390625
0.003887421875
0.0038312109375
0.003738046875
0.00360890625
0.003445
0.0032479296875
0.0030195703125
0.0027621484375
0.0024780859375
0.0021701953125
0.00184140625
0.00149484375
0.00113390625
0.0007620703125
0.000382890625
0.000293150634765625
0.0005834600830078126
0.0008681469726562499
0.00114448974609375
0.0014098266601562499
0.0016615557861328126
0.0018972845458984375
0.0021147698974609374
0.0023118585205078126
0.0024866961669921875
0.002637578125
0.00276306884765625
0.002861942138671875
0.002933270874023438
0.0029763073730468747
0.00299072265625
0.0029763073730468747
0.002933270874023438
0.002861942138671875
0.00276306884765625
0.002637578125
0.0024866961669921875
0.0023118585205078126
0.0021147698974609374
0.0018972845458984375
0.0016615557861328126
0.0014098266601562499
0.00114448974609375
0.0008681469726562499
0.0005834600830078126
0.000293150634765625
0.0002153759765625
0.00042866455078125
0.000637822265625
0.0008408496093750001
0.0010357910156249999
0.00122073486328125
0.00139392333984375
0.00155370849609375
0.00169850830078125
0.0018269604492187502
0.0019378125
0.002030009765625
0.0021026513671875
0.0021550561523437503
0.0021866748046875
0.002197265625
0.0021866748046875
0.0021550561523437503
0.0021026513671875
0.002030009765625
0.0019378125
0.0018269604492187502
0.00169850830078125
0.00155370849609375
0.00139392333984375
0.00122073486328125
0.0010357910156249999
0.0008408496093750001
0.000637822265625
0.00042866455078125
0.0002153759765625
0.000149566650390625
0.0002976837158203125
0.00044293212890625
0.00058392333984375
0.00071929931640625
0.0008477325439453125
0.0009680023193359375
0.0010789642333984375
0.0011795196533203125
0.0012687225341796876
0.0013457031250000001
0.00140972900390625
0.001460174560546875
0.0014965667724609376
0.001518524169921875
0.00152587890625
0.001518524169921875
0.0014965667724609376
0.001460174560546875
0.00140972900390625
0.0013457031250000001
0.0012687225341796876
0.0011795196533203125
0.0010789642333984375
0.0009680023193359375
0.0008477325439453125
0.00071929931640625
0.00058392333984375
0.00044293212890625
0.0002976837158203125
0.000149566650390625
9.572265625e-05
0.000190517578125
0.0002834765625
0.0003737109375
0.0004603515625
0.000542548828125
0.000619521484375
0.000690537109375
0.000754892578125
0.000811982421875
0.00086125
0.0009022265625
0.00093451171875
0.000957802734375
0.00097185546875
0.0009765625
0.00097185546875
0.000957802734375
0.00093451171875
0.0009022265625
0.00086125
0.000811982421875
0.000754892578125
0.000690537109375
0.000619521484375
0.000542548828125
0.0004603515625
0.0003737109375
0.0002834765625
0.000190517578125
9.572265625e-05
5.3843994140625e-05
0.0001071661376953125
0.00015945556640625
0.00021021240234375002
0.00025894775390624997
0.0003051837158203125
0.0003484808349609375
0.0003884271240234375
0.0004246270751953125
0.00045674011230468754
0.000484453125
0.00050750244140625
0.000525662841796875
0.0005387640380859376
0.000546668701171875
0.00054931640625
0.000546668701171875
0.0005387640380859376
0.000525662841796875
0.00050750244140625
0.000484453125
0.00045674011230468754
0.0004246270751953125
0.0003884271240234375
0.0003484808349609375
0.0003051837158203125
0.00025894775390624997
0.00021021240234375002
0.00015945556640625
0.0001071661376953125
5.3843994140625e-05
2.39306640625e-05
4.762939453125e-05
7.0869140625e-05
9.3427734375e-05
0.000115087890625
0.00013563720703125
0.00015488037109375
0.00017263427734375
0.00018872314453125
0.00020299560546875
0.0002153125
0.000225556640625
0.0002336279296875
0.00023945068359375
0.0002429638671875
0.000244140625
0.0002429638671875
0.00023945068359375
0.0002336279296875
0.000225556640625
0.0002153125
0.00020299560546875
0.00018872314453125
0.00017263427734375
0.00015488037109375
0.00013563720703125
0.000115087890625
9.3427734375e-05
7.0869140625e-05
4.762939453125e-05
2.39306640625e-05
5.982666015625e-06
1.19073486328125e-05
1.771728515625e-05
2.335693359375e-05
2.877197265625e-05
3.39093017578125e-05
3.87200927734375e-05
4.31585693359375e-05
4.71807861328125e-05
5.07489013671875e-05
5.3828125e-05
5.638916015625e-05
5.8406982421875e-05
5.98626708984375e-05
6.0740966796875e-05
6.103515625e-05
6.0740966796875e-05
5.98626708984375e-05
5.8406982421875e-05
5.638916015625e-05
5.3828125e-05
5.07489013671875e-05
4.71807861328125e-05
4.31585693359375e-05
3.87200927734375e-05
3.39093017578125e-05
2.877197265625e-05
2.335693359375e-05
1.771728515625e-05
1.19073486328125e-05
5.982666015625e-06
0.0
0.0
0.0
0.0
0.0
0.0
0.0
0.0
0.0
0.0
0.0
0.0
0.0
0.0
0.0
0.0
0.0
0.0
0.0
0.0
0.0
0.0
0.0
0.0
0.0
0.0
0.0
0.0
0.0
0.0
0.0
