1.0
0.98455
0.9692139999999999
0.9539920000000001
0.9388850000000001
0.9238930000000001
0.9090159999999999
0.8942549999999999
0.87961
0.865081
0.850669
0.836374
0.822197
0.808137
0.794196
0.780373
0.7666689999999999
0.753083
0.739617
0.72627
0.713042
0.6999340000000001
0.6869460000000001
0.674076
0.661326
0.648696
0.636188
0.6238
0.611534
0.599388
0.587364
0.575461
0.563679
0.5520189999999999
0.5404800000000001
0.5290630000000001
0.517767
0.5065930000000001
0.495541
0.48461000000000004
0.47380200000000006
0.46311499999999994
0.45255
0.44210699999999997
0.43178500000000003
0.42158599999999996
0.411509
0.401553
0.39171999999999996
0.382009
0.372419
0.362953
0.353608
0.344385
0.335285
0.326308
0.317452
0.308719
0.300108
0.291619
0.28325300000000003
0.275009
0.266887
0.258887
0.25101
0.24325500000000003
0.23562199999999997
0.22811199999999998
0.220723
0.213457
0.206314
0.199293
0.192394
0.185617
0.17896199999999998
0.17243
0.16602
0.15973199999999999
0.153566
0.14752200000000001
0.141601
0.135801
0.130123
0.12456700000000001
0.11913299999999999
0.113821
0.10862999999999999
0.10356099999999999
0.09861410000000001
0.09378869999999999
0.089085
0.08450310000000001
0.08004299999999999
0.0757047
0.07148810000000001
0.0673931
0.0634198
0.059568399999999994
0.05583869999999999
0.0522311
0.04874559999999999
0.0453823
0.0421413
0.0390228
0.036026800000000005
0.0331534
0.030402600000000002
0.0277745
0.025269
0.022886
0.020625499999999998
0.0184874
0.0164716
0.0145777
0.0128059
0.0111561
0.00962831
0.00822264
0.00693903
0.00577682
0.00473642
0.00381793
0.00302142
0.00234707
0.00179488
0.0013648
0.00105683
0.000871279
3.57228e-06
