1.0
0.98455
0.9692139999999999
0.9539920000000001
0.9388850000000001
0.9238930000000001
0.9090159999999999
0.8942549999999999
0.87961
0.865081
0.850668
0.836374
0.8221959999999999
0.808137
0.794195
0.7803720000000001
0.766668
0.7530819999999999
0.7396159999999999
0.7262689999999999
0.713041
0.699933
0.686944
0.674074
0.661324
0.648695
0.6361859999999999
0.623799
0.611532
0.599386
0.5873619999999999
0.575459
0.5636770000000001
0.552017
0.540478
0.529061
0.517766
0.506592
0.49554
0.48461000000000004
0.473801
0.46311499999999994
0.45255
0.44210699999999997
0.43178599999999995
0.421587
0.41151000000000004
0.401555
0.39172199999999996
0.382011
0.372422
0.362956
0.353612
0.34439000000000003
0.335291
0.326314
0.317459
0.308727
0.300117
0.29163
0.28326399999999996
0.275021
0.2669
0.258902
0.251025
0.24327100000000002
0.235639
0.228129
0.220742
0.213477
0.20633400000000002
0.19931300000000002
0.192415
0.185639
0.17898499999999998
0.172454
0.166044
0.15975699999999998
0.153592
0.147548
0.141627
0.135828
0.13015
0.12459500000000001
0.11916099999999999
0.113849
0.10865799999999999
0.10359000000000002
0.0986422
0.0938165
0.0891124
0.08453
0.0800694
0.0757304
0.07151310000000001
0.0674173
0.0634432
0.05959069999999999
0.0558601
0.0522514
0.048764800000000004
0.0454004
0.0421584
0.0390389
0.0360419
0.033167800000000004
0.0304163
0.0277876
0.025281400000000002
0.022897999999999998
0.0206371
0.0184985
0.0164822
0.014587899999999999
0.0128155
0.0111652
0.00963669
0.0082303
0.00694589
0.00578303
0.00474193
0.00382273
0.00302547
0.00235035
0.00179736
0.00136648
0.00105769
0.00087111
7.80922e-06
