1.0
0.98455
0.9692139999999999
0.9539920000000001
0.9388850000000001
0.9238930000000001
0.9090159999999999
0.8942549999999999
0.87961
0.865081
0.850668
0.836374
0.8221959999999999
0.808137
0.794195
0.7803720000000001
0.766668
0.7530819999999999
0.7396159999999999
0.7262689999999999
0.713041
0.699933
0.686944
0.674074
0.661324
0.648695
0.6361859999999999
0.623799
0.611532
0.599386
0.5873619999999999
0.575459
0.5636770000000001
0.552017
0.540479
0.529061
0.517766
0.506592
0.49554
0.48461000000000004
0.473801
0.46311499999999994
0.45255
0.44210699999999997
0.43178599999999995
0.421587
0.41151000000000004
0.401555
0.39172199999999996
0.382011
0.372423
0.362956
0.353612
0.344391
0.335291
0.326314
0.317459
0.308727
0.300117
0.29163
0.28326399999999996
0.275021
0.2669
0.258902
0.251025
0.24327100000000002
0.235639
0.22813000000000003
0.220742
0.213477
0.20633400000000002
0.19931300000000002
0.192415
0.185639
0.17898499999999998
0.172453
0.166044
0.15975699999999998
0.153591
0.147548
0.141627
0.135828
0.13015
0.12459400000000001
0.11915999999999999
0.113848
0.10865799999999999
0.10358900000000001
0.0986414
0.0938158
0.0891117
0.0845294
0.0800689
0.07572999999999999
0.0715127
0.06741699999999999
0.0634429
0.0595905
0.055859900000000004
0.0522513
0.0487647
0.045400300000000005
0.0421582
0.0390386
0.0360416
0.03316740000000001
0.030415800000000003
0.027787
0.0252808
0.022897499999999998
0.020636599999999998
0.0184982
0.0164821
0.014587899999999999
0.0128156
0.0111655
0.00963736
0.00823142
0.00694746
0.00578428
0.00474287
0.00382326
0.0030256
0.00235009
0.00179671
0.00136538
0.00105614
0.0008697589999999999
6.65567e-06
