0.19153999103152916
0.38122359569823533
0.5672335094535023
0.7477915095689205
0.9211584551342874
1.0856342870576072
1.2396557326106081
1.3817572236105344
1.5105318146019422
1.62476796922042
1.7233518556470742
1.8053455102449416
1.8699477557407829
1.9165528239523923
1.9446721921521852
1.9540909103400241
1.9446721921521852
1.9165528239523923
1.8699477557407829
1.8053455102449416
1.7233518556470742
1.62476796922042
1.5105318146019422
1.3817572236105344
1.2396557326106081
1.0856342870576072
0.9211584551342874
0.7477915095689205
0.5672335094535023
0.38122359569823533
0.19153999103152916
0.18852835774826254
0.3752295175791527
0.5583147488998741
0.7360337884422068
0.9066748402625073
1.0685645757417082
1.220164301896759
1.3600314940560492
1.4867813285348341
1.5992213182712496
1.6962551445148717
1.7769595914758705
1.8405460790004324
1.8864183635576255
1.9140956035902463
1.9233662288131255
1.9140956035902463
1.8864183635576255
1.8405460790004324
1.7769595914758705
1.6962551445148717
1.5992213182712496
1.4867813285348341
1.3600314940560492
1.220164301896759
1.0685645757417082
0.9066748402625073
0.7360337884422068
0.5583147488998741
0.3752295175791527
0.18852835774826254
0.18554034511819806
0.3692824518374746
0.5494659394094117
0.724368284736095
0.8923048223701139
1.0516287445145613
1.200825745149293
1.3384761623804227
1.4632171207898212
1.5738750332118767
1.6693709566072357
1.748796307363812
1.811375003646281
1.8565202518718373
1.8837588314091855
1.8928825251805557
1.8837588314091855
1.8565202518718373
1.811375003646281
1.748796307363812
1.6693709566072357
1.5738750332118767
1.4632171207898212
1.3384761623804227
1.200825745149293
1.0516287445145613
0.8923048223701139
0.724368284736095
0.5494659394094117
0.3692824518374746
0.18554034511819806
0.18257595314133565
0.3633823984732011
0.540687080982115
0.7127949984505848
0.8780484014571069
1.0348267933761663
1.18164006236821
1.317091228583655
1.4398391913669035
1.548729114042301
1.6426992919241659
1.7208556579087653
1.7824345296783284
1.8268584888950274
1.8536618756090024
1.8626397994423143
1.8536618756090024
1.8268584888950274
1.7824345296783284
1.7208556579087653
1.6426992919241659
1.548729114042301
1.4398391913669035
1.317091228583655
1.18164006236821
1.0348267933761663
0.8780484014571069
0.7127949984505848
0.540687080982115
0.3633823984732011
0.18257595314133565
0.17963518181767532
0.3575293574863322
0.5319781736179839
0.7013139295856763
0.8639055775234865
1.0181587223265238
1.16260725355351
1.295876692665746
1.4166475402660805
1.523783560762523
1.6162401504656623
1.6931376431107314
1.7537246570965743
1.7974330746271965
1.8238047361896974
1.8326380515984015
1.8238047361896974
1.7974330746271965
1.7537246570965743
1.6931376431107314
1.6162401504656623
1.523783560762523
1.4166475402660805
1.295876692665746
1.16260725355351
1.0181587223265238
0.8639055775234865
0.7013139295856763
0.5319781736179839
0.3575293574863322
0.17963518181767532
0.17671803114721707
0.3517233288768678
0.5233392173170187
0.6899250781413695
0.8498763505692526
1.0016245313656333
1.1437273187051935
1.2748325546266954
1.3936421674873525
1.4990383733725423
1.5899935322317251
1.6656422629697096
1.7252453859010195
1.768244009068344
1.7941874131512703
1.8028772816488174
1.7941874131512703
1.768244009068344
1.7252453859010195
1.6656422629697096
1.5899935322317251
1.4990383733725423
1.3936421674873525
1.2748325546266954
1.1437273187051935
1.0016245313656333
0.8498763505692526
0.6899250781413695
0.5233392173170187
0.3517233288768678
0.17671803114721707
0.17382450112996095
0.345964312644808
0.5147702120792191
0.6786284441176642
0.8359607205944051
0.9852242204934953
1.12500025782326
1.2539588144665035
1.3708230730307194
1.474493551872359
1.5639594372223542
1.6383695174857003
1.6969967160916632
1.7392912922184698
1.764809906493721
1.773357489593562
1.764809906493721
1.7392912922184698
1.6969967160916632
1.6383695174857003
1.5639594372223542
1.474493551872359
1.3708230730307194
1.2539588144665035
1.12500025782326
0.9852242204934953
0.8359607205944051
0.6786284441176642
0.5147702120792191
0.345964312644808
0.17382450112996095
0.17095459176590688
0.3402523087901528
0.5062711579045853
0.6674240275145609
0.8221586875989442
0.9689577897101092
1.1064260709077094
1.2332554721851707
1.3481902568961812
1.4501490962619732
1.5381378654375495
1.6113194066587029
1.668978647668506
1.7105749240775743
1.73567221621705
1.7440786754326352
1.73567221621705
1.7105749240775743
1.668978647668506
1.6113194066587029
1.5381378654375495
1.4501490962619732
1.3481902568961812
1.2332554721851707
1.1064260709077094
0.9689577897101092
0.8221586875989442
0.6674240275145609
0.5062711579045853
0.3402523087901528
0.17095459176590688
0.16810830305505492
0.33458731731290214
0.4978420547931172
0.656311828332059
0.8084702515828698
0.9528252390154751
1.0880047579585423
1.2127225277826963
1.3257437190837382
1.4260050065413847
1.5125288168773112
1.5844919304887184
1.6411911806315473
1.6820949046456573
1.7067743423212565
1.7150408391660368
1.7067743423212565
1.6820949046456573
1.6411911806315473
1.5844919304887184
1.5125288168773112
1.4260050065413847
1.3257437190837382
1.2127225277826963
1.0880047579585423
0.9528252390154751
0.8084702515828698
0.656311828332059
0.4978420547931172
0.33458731731290214
0.16810830305505492
0.16528563499740506
0.3289693382130561
0.48948290274481465
0.6452918465701588
0.7948954125461819
0.9368265684095932
1.069736318975758
1.1923599812590808
1.3034834595933902
1.4020612827105938
1.4871322915416392
1.557887088975746
1.6136343149807877
1.6538512339227192
1.6781162848063413
1.6862439807937672
1.6781162848063413
1.6538512339227192
1.6136343149807877
1.557887088975746
1.4871322915416392
1.4020612827105938
1.3034834595933902
1.1923599812590808
1.069736318975758
0.9368265684095932
0.7948954125461819
0.6452918465701588
0.48948290274481465
0.3289693382130561
0.16528563499740506
0.16248658759295725
0.3233983714906145
0.48119370175967796
0.6343640822288604
0.7814341704888804
0.9209617778924636
1.0516207539593572
1.172167832614324
1.2814094784251369
1.3783179247696
1.4619482894305336
1.5315048821197856
1.5863080507162268
1.6258439119087593
1.6496980436723039
1.6576881003158261
1.6496980436723039
1.6258439119087593
1.5863080507162268
1.5315048821197856
1.4619482894305336
1.3783179247696
1.2814094784251369
1.172167832614324
1.0516207539593572
0.9209617778924636
0.7814341704888804
0.6343640822288604
0.48119370175967796
0.3233983714906145
0.16248658759295725
0.15971116084171158
0.3178744171455776
0.472974451837707
0.6235285353081635
0.7680865254109656
0.905230867464086
1.0336580629093393
1.1521460818484257
1.2595217755789785
1.354774932718404
1.436976810543994
1.5053453099208376
1.559212387837865
1.5980729386037782
1.6215196189191445
1.6293731977322137
1.6215196189191445
1.5980729386037782
1.559212387837865
1.5053453099208376
1.436976810543994
1.354774932718404
1.2595217755789785
1.1521460818484257
1.0336580629093393
0.905230867464086
0.7680865254109656
0.6235285353081635
0.472974451837707
0.3178744171455776
0.15971116084171158
0.156959354743668
0.31239747517794525
0.46482515297890165
0.6127852058080685
0.7548524773124372
0.8896338371244606
1.0158482458257043
1.1322947289613863
1.2378203510549153
1.331432306557005
1.412217854882021
1.4794083723789022
1.5323473263457017
1.5705383140077755
1.593581010546863
1.60129927304293
1.593581010546863
1.5705383140077755
1.5323473263457017
1.4794083723789022
1.412217854882021
1.331432306557005
1.2378203510549153
1.1322947289613863
1.0158482458257043
0.8896338371244606
0.7548524773124372
0.6127852058080685
0.46482515297890165
0.31239747517794525
0.156959354743668
0.1542311692988265
0.3069675455877174
0.45674580518326213
0.602134093728575
0.7417320261932953
0.8741706868735875
0.9981913027084527
1.1126137739532054
1.216305204852947
1.3082900462854037
1.3876714224446138
1.453694069493979
1.5057128662397372
1.5432400381207514
1.5658822185554595
1.573466326247975
1.5658822185554595
1.5432400381207514
1.5057128662397372
1.453694069493979
1.3876714224446138
1.3082900462854037
1.216305204852947
1.1126137739532054
0.9981913027084527
0.8741706868735875
0.7417320261932953
0.602134093728575
0.45674580518326213
0.3069675455877174
0.1542311692988265
0.15152660450718705
0.3015846283748942
0.4487364084507882
0.5915751990696833
0.72872517205354
0.8588414167114663
0.9806872335575844
1.0931032168238835
1.1949763369730737
1.2853481519035996
1.3633375132317733
1.4282024012660683
1.4793090075199717
1.5161781109427057
1.538423242944934
1.5458743573473483
1.538423242944934
1.5161781109427057
1.4793090075199717
1.4282024012660683
1.3633375132317733
1.2853481519035996
1.1949763369730737
1.0931032168238835
0.9806872335575844
0.8588414167114663
0.72872517205354
0.5915751990696833
0.4487364084507882
0.3015846283748942
0.15152660450718705
0.14884566036874974
0.2962487235394755
0.44079696278148
0.581108521831393
0.7158319148931711
0.8436460266380974
0.9633360383730989
1.0737630575734203
1.1738337474152953
1.2626066234115931
1.339216127243499
1.4029333676951696
1.4531357501864046
1.4893525324736387
1.5112040837152865
1.5185233663410502
1.5112040837152865
1.4893525324736387
1.4531357501864046
1.4029333676951696
1.339216127243499
1.2626066234115931
1.1738337474152953
1.0737630575734203
0.9633360383730989
0.8436460266380974
0.7158319148931711
0.581108521831393
0.44079696278148
0.2962487235394755
0.14884566036874974
0.1461883368835145
0.29095983108146145
0.43292746817533756
0.5707340620137047
0.7030522547121887
0.8285845166534805
0.9461377171549966
1.0545932962018154
1.152877436179612
1.240065460809384
1.3153072644797912
1.3778869687812834
1.4271930942390367
1.4627633027135505
1.4842247408665168
1.491413353229081
1.4842247408665168
1.4627633027135505
1.4271930942390367
1.3778869687812834
1.3153072644797912
1.240065460809384
1.152877436179612
1.0545932962018154
0.9461377171549966
0.8285845166534805
0.7030522547121887
0.5707340620137047
0.43292746817533756
0.29095983108146145
0.1461883368835145
0.1435546340514814
0.2857179510008519
0.4251279246323608
0.5604518196166179
0.6903861915105929
0.8136568867576158
0.9290922699032776
1.0355939327090697
1.1321074032660234
1.2177246640969723
1.2916109249406493
1.3530632045244095
1.4014810396778676
1.4364104216624405
1.4574852143986252
1.4645443180114404
1.4574852143986252
1.4364104216624405
1.4014810396778676
1.3530632045244095
1.2916109249406493
1.2177246640969723
1.1321074032660234
1.0355939327090697
0.9290922699032776
0.8136568867576158
0.6903861915105929
0.5604518196166179
0.4251279246323608
0.2857179510008519
0.1435546340514814
0.14094455187265031
0.2805230832976469
0.41739833215254984
0.5502617946401328
0.6778337252883836
0.7988631369505034
0.9121996966179415
1.0167649670951824
1.1115236486745301
1.195584233274358
1.268127108626074
1.328462074924548
1.3759995865028976
1.4102938893203094
1.4309855043116115
1.4379162606881282
1.4309855043116115
1.4102938893203094
1.3759995865028976
1.328462074924548
1.268127108626074
1.195584233274358
1.1115236486745301
1.0167649670951824
0.9121996966179415
0.7988631369505034
0.6778337252883836
0.5502617946401328
0.41739833215254984
0.2805230832976469
0.14094455187265031
0.13835809034702135
0.27537522797184655
0.4097386907359045
0.5401639870842494
0.6653948560455607
0.7842032672321431
0.8954599972989888
0.9981063993601538
1.0911261724051313
1.173644168341541
1.244855815536065
1.3040835799816988
1.350748734714126
1.3844137056871566
1.4047256106054757
1.4115291812591446
1.4047256106054757
1.3844137056871566
1.350748734714126
1.3040835799816988
1.244855815536065
1.173644168341541
1.0911261724051313
0.9981063993601538
0.8954599972989888
0.7842032672321431
0.6653948560455607
0.5401639870842494
0.4097386907359045
0.27537522797184655
0.13835809034702135
0.1357952494745945
0.27027438502345075
0.40214900038242485
0.5301583969489677
0.6530695837821245
0.7696772776025349
0.878873171946419
0.9796182295039841
1.070914974457828
1.1519044692985216
1.221797045670622
1.2799277196958616
1.3257284843115535
1.3587698707629825
1.3787055332802178
1.38538307972449
1.3787055332802178
1.3587698707629825
1.3257284843115535
1.2799277196958616
1.221797045670622
1.1519044692985216
1.070914974457828
0.9796182295039841
0.878873171946419
0.7696772776025349
0.6530695837821245
0.5301583969489677
0.40214900038242485
0.27027438502345075
0.1357952494745945
0.13325602925536972
0.26522055445245946
0.394629261092111
0.5202450242342876
0.6408579084980747
0.7552851680616788
0.8624392205602326
0.9613004575266729
1.0508900548326192
1.1303651361452995
1.1989507990297457
1.2559944940670371
1.3009388352951796
1.3333623845477869
1.352925272335838
1.3594779560841637
1.352925272335838
1.3333623845477869
1.3009388352951796
1.2559944940670371
1.1989507990297457
1.1303651361452995
1.0508900548326192
0.9613004575266729
0.8624392205602326
0.7552851680616788
0.6408579084980747
0.5202450242342876
0.394629261092111
0.26522055445245946
0.13325602925536972
0.13074042968934702
0.26021373625887284
0.38717947286496274
0.5104238689402093
0.6287598301934114
0.7410269386095749
0.8461581431404291
0.9431530834282206
1.0310514135295057
1.109026168881875
1.1763170756134353
1.2322839030952248
1.2763797876650047
1.30819124704157
1.3273848277723361
1.333813810338166
1.3273848277723361
1.30819124704157
1.2763797876650047
1.2322839030952248
1.1763170756134353
1.109026168881875
1.0310514135295057
0.9431530834282206
0.8461581431404291
0.7410269386095749
0.6287598301934114
0.5104238689402093
0.38717947286496274
0.26021373625887284
0.13074042968934702
0.1282484507765264
0.25525393044269074
0.3797996357009803
0.5006949310667327
0.6167753488681346
0.7269025892462231
0.8300299396870089
0.9251761072086269
1.011399050548487
1.0878875675082478
1.1538958754216913
1.2087959467804248
1.2520513414210286
1.2832564582443313
1.3020841995897119
1.308390642486497
1.3020841995897119
1.2832564582443313
1.2520513414210286
1.2087959467804248
1.1538958754216913
1.0878875675082478
1.011399050548487
0.9251761072086269
0.8300299396870089
0.7269025892462231
0.6167753488681346
0.5006949310667327
0.3797996357009803
0.25525393044269074
0.1282484507765264
0.12578009251690792
0.25034113700391314
0.3724897496001635
0.4910582106138577
0.6049044645222444
0.7129121199716235
0.8140546101999716
0.907369528867892
0.9919329658895634
1.0669493320244177
1.1316871984545136
1.1855306251226372
1.2279534965632513
1.2585580181560716
1.277023387787966
1.2832084525291565
1.277023387787966
1.2585580181560716
1.2279534965632513
1.1855306251226372
1.1316871984545136
1.0669493320244177
0.9919329658895634
0.907369528867892
0.8140546101999716
0.7129121199716235
0.6049044645222444
0.4910582106138577
0.3724897496001635
0.25034113700391314
0.12578009251690792
0.12333535491049152
0.24547535594254022
0.3652498145625125
0.4815137075815843
0.5931471771557406
0.6990555307857761
0.7982321546793176
0.8897333484060156
0.9726531595527345
1.0462114624303853
1.1096910447119024
1.1624879381218618
1.2040862530916727
1.2340959267767901
1.2522023923670982
1.2582672404661448
1.2522023923670982
1.2340959267767901
1.2040862530916727
1.1624879381218618
1.1096910447119024
1.0462114624303853
0.9726531595527345
0.8897333484060156
0.7982321546793176
0.6990555307857761
0.5931471771557406
0.4815137075815843
0.3652498145625125
0.24547535594254022
0.12333535491049152
0.12091423795727718
0.24065658725857178
0.3580798305880271
0.47206142196991263
0.5815034867686234
0.6853328216886807
0.7825625731250466
0.872267565822998
0.9535596315380007
1.0256739587261505
1.0879074141938574
1.1396678857780989
1.180449611006293
1.2098701841064876
1.2276212133271078
1.2335670062974615
1.2276212133271078
1.2098701841064876
1.180449611006293
1.1396678857780989
1.0879074141938574
1.0256739587261505
0.9535596315380007
0.872267565822998
0.7825625731250466
0.6853328216886807
0.5815034867686234
0.47206142196991263
0.3580798305880271
0.24065658725857178
0.12091423795727718
0.11851674165726496
0.23588483095200796
0.3509797976767075
0.4627013537788427
0.5699733933608927
0.6717439926803376
0.7670458655371589
0.8549721811188393
0.934652381845362
1.0053368209117128
1.0663363069003786
1.1170704680913484
1.1570435703071122
1.1858807901451633
1.2032798506679956
1.209107750023107
1.2032798506679956
1.1858807901451633
1.1570435703071122
1.1170704680913484
1.0663363069003786
1.0053368209117128
0.934652381845362
0.8549721811188393
0.7670458655371589
0.6717439926803376
0.5699733933608927
0.4627013537788427
0.3509797976767075
0.23588483095200796
0.11851674165726496
0.1161428660104548
0.2311600870228487
0.34394971582855355
0.4534335030083743
0.5585568969325485
0.6582890437607466
0.7516820319156543
0.8378471942935392
0.9159314104748181
0.9852000489870727
1.044977722831466
1.0946956850616099
1.13386813099413
1.1621277448928176
1.1791783043897615
1.1848894716430811
1.1791783043897615
1.1621277448928176
1.13386813099413
1.0946956850616099
1.044977722831466
0.9852000489870727
0.9159314104748181
0.8378471942935392
0.7516820319156543
0.6582890437607466
0.5585568969325485
0.4534335030083743
0.34394971582855355
0.2311600870228487
0.1161428660104548
0.11379261101684675
0.22648235547109402
0.33698958504356535
0.4442578696585077
0.5472539974835907
0.6449679749299078
0.7364710722605328
0.8208926053470977
0.8973967174263692
0.9652636429522299
1.02383166198712
1.0725435366888838
1.1109232930673472
1.1386110483494505
1.1553165744924052
1.1609121711573838
1.1553165744924052
1.1386110483494505
1.1109232930673472
1.0725435366888838
1.02383166198712
0.9652636429522299
0.8973967174263692
0.8208926053470977
0.7364710722605328
0.6449679749299078
0.5472539974835907
0.4442578696585077
0.33698958504356535
0.22648235547109402
0.11379261101684675
0.11146597667644079
0.2218516362967439
0.3300994053217428
0.43517445372924274
0.5360646950140195
0.631780786187821
0.7214129865717943
0.8041084142795151
0.8790483027000153
0.9455276028071846
1.00289812436734
1.0506140229731702
1.0882090565267626
1.1153307005150621
1.1316946609759269
1.137175848566015
1.1316946609759269
1.1153307005150621
1.0882090565267626
1.0506140229731702
1.00289812436734
0.9455276028071846
0.8790483027000153
0.8041084142795151
0.7214129865717943
0.631780786187821
0.5360646950140195
0.43517445372924274
0.3300994053217428
0.2218516362967439
0.11146597667644079
0.10916296298923693
0.21726792949979834
0.32327917666308603
0.4261832552205794
0.5249889895238348
0.6187274775344865
0.706507774849439
0.787494621090791
0.8608861662957563
0.9259919285519367
0.9821771099721265
1.0289071439144688
1.065725421372377
1.092286701389652
1.1083125638403266
1.113680503868975
1.1083125638403266
1.092286701389652
1.065725421372377
1.0289071439144688
0.9821771099721265
0.9259919285519367
0.8608861662957563
0.787494621090791
0.706507774849439
0.6187274775344865
0.5249889895238348
0.4261832552205794
0.32327917666308603
0.21726792949979834
0.10916296298923693
0.10688356995523515
0.21273123508025737
0.31652889906759496
0.4172842741325178
0.5140268810130366
0.6058080489699041
0.6917554370934669
0.7710512257809257
0.8429103082135924
0.9066566201864863
0.9616686188014791
1.0074228995127796
1.0434723876041905
1.0694790509732208
1.0851702830856043
1.0904261370662636
1.0851702830856043
1.0694790509732208
1.0434723876041905
1.0074228995127796
0.9616686188014791
0.9066566201864863
0.8429103082135924
0.7710512257809257
0.6917554370934669
0.6058080489699041
0.5140268810130366
0.4172842741325178
0.31652889906759496
0.21273123508025737
0.10688356995523515
0.10462779757443547
0.20824155303812097
0.3098485725352696
0.40847751046505787
0.503178369481625
0.5930225004940738
0.6771559733038779
0.7547782283499191
0.8251207284535234
0.8875216777108331
0.9413726508553982
0.9861612897681029
1.0214499552222025
1.046907749265768
1.0622678187117598
1.0674127481578808
1.0622678187117598
1.046907749265768
1.0214499552222025
0.9861612897681029
0.9413726508553982
0.8875216777108331
0.8251207284535234
0.7547782283499191
0.6771559733038779
0.5930225004940738
0.503178369481625
0.40847751046505787
0.3098485725352696
0.20824155303812097
0.10462779757443547
0.10239564584683787
0.2037988833733891
0.30323819706610994
0.39976296421819957
0.49244345492959984
0.5803708321069957
0.6627093834806721
0.7386756287977713
0.8075174270155493
0.8685871011249775
0.9212892061338834
0.9651223146804385
0.9996581242264132
1.0245727962672937
1.0396051707187934
1.0446403371438264
1.0396051707187934
1.0245727962672937
0.9996581242264132
0.9651223146804385
0.9212892061338834
0.8685871011249775
0.8075174270155493
0.7386756287977713
0.6627093834806721
0.5803708321069957
0.49244345492959984
0.39976296421819957
0.30323819706610994
0.2037988833733891
0.10239564584683787
0.10018711477244235
0.19940322608606184
0.296697772660116
0.39114063539194294
0.4818221373569611
0.5678530438086697
0.6484156676238493
0.722743427124482
0.7901004038996701
0.8498528904289192
0.9014182846369351
0.9443059742497864
0.9780968946168231
1.002474191977798
1.0171823391067047
1.022108904024101
1.0171823391067047
1.002474191977798
0.9780968946168231
0.9443059742497864
0.9014182846369351
0.8498528904289192
0.7901004038996701
0.722743427124482
0.6484156676238493
0.5678530438086697
0.4818221373569611
0.39114063539194294
0.296697772660116
0.19940322608606184
0.10018711477244235
0.09800220435124894
0.19505458117613914
0.29022729931728775
0.38261052398628803
0.471314416763709
0.5554691355990959
0.6342748257334098
0.7069816233300515
0.772869659105886
0.8313190456226583
0.8817598863645529
0.9237122684761466
0.9567662663934318
0.980611936397281
0.9949993238754941
0.9998184487987039
0.9949993238754941
0.980611936397281
0.9567662663934318
0.9237122684761466
0.8817598863645529
0.8313190456226583
0.772869659105886
0.7069816233300515
0.6342748257334098
0.5554691355990959
0.471314416763709
0.38261052398628803
0.29022729931728775
0.19505458117613914
0.09800220435124894
0.09584091458325764
0.19075294864362102
0.28382677703762516
0.3741726300012348
0.4609202931498434
0.5432191074782743
0.6202868578093533
0.6913902174144797
0.7558251926341968
0.8129855667061949
0.8623140113167371
0.9033411973595191
0.9356662395562392
0.9589860295257423
0.9730561250251614
0.9777689714676355
0.9730561250251614
0.9589860295257423
0.9356662395562392
0.9033411973595191
0.8623140113167371
0.8129855667061949
0.7558251926341968
0.6913902174144797
0.6202868578093533
0.5432191074782743
0.4609202931498434
0.3741726300012348
0.28382677703762516
0.19075294864362102
0.09584091458325764
0.0937032454684684
0.18649832848850745
0.2774962058211284
0.36582695343678323
0.4506397665153642
0.5311029594462048
0.60645176385168
0.6759692093777667
0.7389670044846026
0.7948524536795288
0.8430806594934875
0.883192760899904
0.9147968141052454
0.9375964713631822
0.9513527425557068
0.9559604720308957
0.9513527425557068
0.9375964713631822
0.9147968141052454
0.883192760899904
0.8430806594934875
0.7948524536795288
0.7389670044846026
0.6759692093777667
0.60645176385168
0.5311029594462048
0.4506397665153642
0.36582695343678323
0.2774962058211284
0.18649832848850745
0.0937032454684684
0.09158919700688126
0.18229072071079844
0.27123558566779726
0.35757349429293334
0.4404728368602716
0.5191206915028874
0.5927695438603897
0.6607185992199124
0.7222950946571034
0.7769197065426603
0.8240598308948043
0.8632669590973012
0.8941579900404504
0.9164432619096008
0.9298891764671301
0.9343929504884846
0.9298891764671301
0.9164432619096008
0.8941579900404504
0.8632669590973012
0.8240598308948043
0.7769197065426603
0.7222950946571034
0.6607185992199124
0.5927695438603897
0.5191206915028874
0.4404728368602716
0.35757349429293334
0.27123558566779726
0.18229072071079844
0.09158919700688126
0.0894987691984962
0.17813012531049405
0.2650449165776319
0.3494122525696851
0.43041950418456554
0.5072723036483221
0.5792401978354826
0.6456383869409167
0.7058094631516991
0.7591873252955891
0.8052515255206874
0.8435637919517106
0.8737497673618543
0.8955264011649979
0.9086654267594312
0.913066406840402
0.9086654267594312
0.8955264011649979
0.8737497673618543
0.8435637919517106
0.8052515255206874
0.7591873252955891
0.7058094631516991
0.6456383869409167
0.5792401978354826
0.5072723036483221
0.43041950418456554
0.3494122525696851
0.2650449165776319
0.17813012531049405
0.0894987691984962
0.08743196204331324
0.1740165422875942
0.2589241985506322
0.34134322826703856
0.4204797684882459
0.49555779588250914
0.5658637257769586
0.6307285725407799
0.6895101099683898
0.7416553099383154
0.7866557433711366
0.8240832594631325
0.8535721460694571
0.8748458891293737
0.8876814934326104
0.8919808410866481
0.8876814934326104
0.8748458891293737
0.8535721460694571
0.8240832594631325
0.7866557433711366
0.7416553099383154
0.6895101099683898
0.6307285725407799
0.5658637257769586
0.49555779588250914
0.4204797684882459
0.34134322826703856
0.2589241985506322
0.1740165422875942
0.08743196204331324
0.08538877554133238
0.1699499716420989
0.2528734315867982
0.33336642138499367
0.41065362977131287
0.48397716820544817
0.5526401276848179
0.6159891560195015
0.6733970351071754
0.724323660470839
0.7682724844461524
0.8048253616315667
0.8336251261632586
0.8544017258027279
0.8669373764866676
0.8711362532272228
0.8669373764866676
0.8544017258027279
0.8336251261632586
0.8048253616315667
0.7682724844461524
0.724323660470839
0.6733970351071754
0.6159891560195015
0.5526401276848179
0.48397716820544817
0.41065362977131287
0.33336642138499367
0.2528734315867982
0.1699499716420989
0.08538877554133238
0.0833692096925536
0.16593041337400818
0.24689261568612994
0.32548183192355046
0.4009410880337662
0.4725304206171394
0.5395694035590601
0.601420137377082
0.657470238568056
0.70719237689316
0.7501017487457342
0.7857900984570132
0.813908707643259
0.8341939111850608
0.8464330759216026
0.8505326432621261
0.8464330759216026
0.8341939111850608
0.813908707643259
0.7857900984570132
0.7501017487457342
0.70719237689316
0.657470238568056
0.601420137377082
0.5395694035590601
0.4725304206171394
0.4009410880337662
0.32548183192355046
0.24689261568612994
0.16593041337400818
0.0833692096925536
0.0813732644969769
0.16195786748332205
0.24098175084862739
0.31768945988270897
0.3913421432756062
0.46121755311758283
0.5266515533996856
0.5870215166135212
0.6417297203510316
0.6902614592052785
0.7321435362698824
0.7669774699394719
0.7944228905094581
0.8142224452763721
0.8261685917374156
0.830170011191358
0.8261685917374156
0.8142224452763721
0.7944228905094581
0.7669774699394719
0.7321435362698824
0.6902614592052785
0.6417297203510316
0.5870215166135212
0.5266515533996856
0.46121755311758283
0.3913421432756062
0.31768945988270897
0.24098175084862739
0.16195786748332205
0.0813732644969769
0.07940093995460232
0.15803233397004046
0.23514083707429057
0.3099893052624691
0.38185679549683266
0.45003856570677836
0.5138865772066942
0.572793293728819
0.6261754804561022
0.6735309074071943
0.714397847018597
0.7483874760789431
0.7751676747618562
0.7944873280766621
0.8061439239341066
0.8100483570149186
0.8061439239341066
0.7944873280766621
0.7751676747618562
0.7483874760789431
0.714397847018597
0.6735309074071943
0.6261754804561022
0.572793293728819
0.5138865772066942
0.45003856570677836
0.38185679549683266
0.3099893052624691
0.23514083707429057
0.15803233397004046
0.07940093995460232
0.07745223606542981
0.15415381283416346
0.22936987436311942
0.3023813680628309
0.3724850446974456
0.43899345838472603
0.5012744749800859
0.5587354687229757
0.6108075188832677
0.6570007214989076
0.6968646809918778
0.7300201168754266
0.7561430604004531
0.7749885595859306
0.7863590725116756
0.7901676807328077
0.7863590725116756
0.7749885595859306
0.7561430604004531
0.7300201168754266
0.6968646809918778
0.6570007214989076
0.6108075188832677
0.5587354687229757
0.5012744749800859
0.43899345838472603
0.3724850446974456
0.3023813680628309
0.22936987436311942
0.15415381283416346
0.07745223606542981
0.07552715282945939
0.15032230407569103
0.223668862715114
0.2948656482837944
0.36322689087744503
0.42808223115142585
0.48881524671986076
0.5448480415959911
0.5956258356325281
0.6406709014804185
0.679544038189725
0.7118753923289223
0.7373490474252486
0.7557261398041777
0.7668140374701224
0.7705279823450255
0.7668140374701224
0.7557261398041777
0.7373490474252486
0.7118753923289223
0.679544038189725
0.6406709014804185
0.5956258356325281
0.5448480415959911
0.48881524671986076
0.42808223115142585
0.36322689087744503
0.2948656482837944
0.223668862715114
0.15032230407569103
0.07552715282945939
0.07362569024669108
0.14653780769462316
0.2180378021302743
0.28744214592535955
0.35408233403683104
0.4173048840068778
0.4765088924260187
0.531131012347865
0.5806304307038836
0.6245414473517266
0.6624359186121384
0.6939533024394303
0.7187856358362432
0.7367000687314034
0.7475088188094473
0.7511292618515719
0.7475088188094473
0.7367000687314034
0.7187856358362432
0.6939533024394303
0.6624359186121384
0.6245414473517266
0.5806304307038836
0.531131012347865
0.4765088924260187
0.4173048840068778
0.35408233403683104
0.28744214592535955
0.2180378021302743
0.14653780769462316
0.07362569024669108
0.07174784831712484
0.14280032369095988
0.21247669260860028
0.28011086098752647
0.3450513741756035
0.406661416951082
0.4643554120985598
0.5175843809785978
0.565821304097334
0.6086123591128321
0.645540322259118
0.6762538472069507
0.7004528256334366
0.7179103463676075
0.7284434165296502
0.731971519252447
0.7284434165296502
0.7179103463676075
0.7004528256334366
0.6762538472069507
0.645540322259118
0.6086123591128321
0.565821304097334
0.5175843809785978
0.4643554120985598
0.406661416951082
0.3450513741756035
0.28011086098752647
0.21247669260860028
0.14280032369095988
0.07174784831712484
0.0698936270407607
0.13910985206470114
0.206985534150092
0.27287179347029494
0.33613401129376247
0.39615182998403825
0.45235480573748404
0.5042081474881892
0.5511984558128793
0.592883636763735
0.6288572491306639
0.6587770266314835
0.6823506168168287
0.6993569727127903
0.7096178306307308
0.7130547545476505
0.7096178306307308
0.6993569727127903
0.6823506168168287
0.6587770266314835
0.6288572491306639
0.592883636763735
0.5511984558128793
0.5042081474881892
0.45235480573748404
0.39615182998403825
0.33613401129376247
0.27287179347029494
0.206985534150092
0.13910985206470114
0.0698936270407607
0.06806302641759866
0.135466392815847
0.20156432675474942
0.26572494337366515
0.327330245391308
0.38577612310574666
0.4405070733427914
0.49100231187663934
0.5367618858505195
0.5773552803044354
0.6123866992267762
0.6415228407130285
0.6644790093864197
0.6810399477669516
0.6910320611126896
0.6943789677371828
0.6910320611126896
0.6810399477669516
0.6644790093864197
0.6415228407130285
0.6123866992267762
0.5773552803044354
0.5367618858505195
0.49100231187663934
0.4405070733427914
0.38577612310574666
0.327330245391308
0.26572494337366515
0.20156432675474942
0.135466392815847
0.06806302641759866
0.06625604644763869
0.1318699459443974
0.19621307042257255
0.258670310697637
0.31864007646824
0.3755342963162072
0.4288122149144819
0.47796687414394823
0.5225115942102548
0.5620272897349332
0.5961286725474548
0.6244912894515859
0.6468380033422094
0.6629592715300915
0.6726861079755262
0.6759441588210436
0.6726861079755262
0.6629592715300915
0.6468380033422094
0.6244912894515859
0.5961286725474548
0.5620272897349332
0.5225115942102548
0.47796687414394823
0.4288122149144819
0.3755342963162072
0.31864007646824
0.258670310697637
0.19621307042257255
0.1318699459443974
0.06625604644763869
0.06447268713088082
0.1283205114503524
0.1909317651535614
0.2517078954422106
0.3100635045245585
0.36542634961542
0.41727023045255546
0.46510183429011576
0.5084475808920851
0.5468996650552284
0.5800831690926996
0.6076823728471555
0.6294275986841982
0.6451149440022099
0.6545799712192408
0.6577503277992331
0.6545799712192408
0.6451149440022099
0.6294275986841982
0.6076823728471555
0.5800831690926996
0.5468996650552284
0.5084475808920851
0.46510183429011576
0.41727023045255546
0.36542634961542
0.3100635045245585
0.2517078954422106
0.1909317651535614
0.1283205114503524
0.06447268713088082
0.06271294846732506
0.12481808933371195
0.18572041094771594
0.24483769760738575
0.3016005295602635
0.35545228300338483
0.40588111995701226
0.45240719231514204
0.49456984589601044
0.5319724062653209
0.5642501888625109
0.5910960908997375
0.6122477954123856
0.627506965183307
0.6367136508438334
0.6397974746717512
0.6367136508438334
0.627506965183307
0.6122477954123856
0.5910960908997375
0.5642501888625109
0.5319724062653209
0.49456984589601044
0.45240719231514204
0.40588111995701226
0.35545228300338483
0.3016005295602635
0.24483769760738575
0.18572041094771594
0.12481808933371195
0.06271294846732506
0.06097683045697136
0.1213626795944761
0.18057900780503622
0.23805971719316266
0.2932511515753551
0.3456120964801018
0.39464488342785214
0.439882948219027
0.4808783892220306
0.517245513365211
0.5486297318568882
0.574732443609332
0.595298593526772
0.6101353350733826
0.6190871468493039
0.622085599438598
0.6190871468493039
0.6101353350733826
0.595298593526772
0.574732443609332
0.5486297318568882
0.517245513365211
0.4808783892220306
0.439882948219027
0.39464488342785214
0.3456120964801018
0.2932511515753551
0.23805971719316266
0.18057900780503622
0.1213626795944761
0.06097683045697136
0.05926433309981977
0.11795428223264477
0.17550755572552218
0.23137395419954124
0.2850153705698331
0.33590579004557103
0.38356152086507517
0.4275291020017707
0.46737321087014577
0.5027189863548984
0.5332217980758319
0.5585914309759386
0.5785799930273571
0.5930000536724367
0.6017004592356523
0.6046147020997732
0.6017004592356523
0.5930000536724367
0.5785799930273571
0.5585914309759386
0.5332217980758319
0.5027189863548984
0.46737321087014577
0.4275291020017707
0.38356152086507517
0.33590579004557103
0.2850153705698331
0.23137395419954124
0.17550755572552218
0.11795428223264477
0.05926433309981977
0.057575456395870264
0.11459289724821804
0.17050605470917385
0.22478040862652146
0.2768931865436977
0.3263333636997924
0.3726310322686813
0.41534565366337306
0.45405431084035586
0.4883928252343833
0.518026387519342
0.5426730529995576
0.562091993914141
0.5761011209804694
0.5845535880028787
0.5873847826552772
0.5845535880028787
0.5761011209804694
0.562091993914141
0.5426730529995576
0.518026387519342
0.4883928252343833
0.45405431084035586
0.41534565366337306
0.3726310322686813
0.3263333636997924
0.2768931865436977
0.22478040862652146
0.17050605470917385
0.11459289724821804
0.057575456395870264
0.05591020034512286
0.11127852464119586
0.16557450475599125
0.2182790804741034
0.26888459949694876
0.3168948174427659
0.36185341763867057
0.4033326032038342
0.4409216891326609
0.47426703000366566
0.5030435001874184
0.5269773096801887
0.5458345961871237
0.5594385369974807
0.567646533150983
0.5703958411051098
0.567646533150983
0.5594385369974807
0.5458345961871237
0.5269773096801887
0.5030435001874184
0.47426703000366566
0.4409216891326609
0.4033326032038342
0.36185341763867057
0.3168948174427659
0.26888459949694876
0.2182790804741034
0.16557450475599125
0.11127852464119586
0.05591020034512286
0.05426856494757753
0.10801116441157828
0.16071290586597436
0.211869969742287
0.2609896094295863
0.30759015127449146
0.35122867697504295
0.39148995062315395
0.4279753457470609
0.4603416006627453
0.4882731360800611
0.5115042010178324
0.5298077998463053
0.5430123017234705
0.5509792946799654
0.5536478774492709
0.5509792946799654
0.5430123017234705
0.5298077998463053
0.5115042010178324
0.4882731360800611
0.4603416006627453
0.4279753457470609
0.39148995062315395
0.35122867697504295
0.30759015127449146
0.2609896094295863
0.211869969742287
0.16071290586597436
0.10801116441157828
0.05426856494757753
0.0526505502032343
0.10479081655936524
0.15592125803912318
0.20555307643107226
0.2532082163416104
0.29841936519496925
0.34075681027779847
0.3798176959213325
0.41521528068355595
0.4466165372116224
0.47371529519726996
0.4962537270124885
0.5140116048916857
0.5268224151584389
0.5345518725898256
0.5371408916877607
0.5345518725898256
0.5268224151584389
0.5140116048916857
0.4962537270124885
0.47371529519726996
0.4466165372116224
0.41521528068355595
0.3798176959213325
0.34075681027779847
0.29841936519496925
0.2532082163416104
0.20555307643107226
0.15592125803912318
0.10479081655936524
0.0526505502032343
0.051056156112093166
0.1016174810845568
0.1511995612754377
0.19932840054045922
0.24554042023302097
0.2893824592041992
0.3304378175469372
0.3683158390983697
0.4026414939421459
0.43309183965029696
0.4593699775390452
0.48122588766415675
0.49844601132326505
0.5108688773023858
0.5183642668805639
0.5208748838205791
0.5183642668805639
0.5108688773023858
0.49844601132326505
0.48122588766415675
0.4593699775390452
0.43309183965029696
0.4026414939421459
0.3683158390983697
0.3304378175469372
0.2893824592041992
0.24554042023302097
0.19932840054045922
0.1511995612754377
0.1016174810845568
0.051056156112093166
0.049485382674154116
0.0984911579871529
0.14654781557491794
0.19319594207044782
0.23798622110381812
0.2804794333021812
0.320271698782459
0.35698438015426565
0.39025398552283075
0.4197675079787689
0.4452371831053867
0.46642068297283723
0.48311101914104315
0.49515168815531135
0.50241647755218
0.5048498538477262
0.50241647755218
0.49515168815531135
0.48311101914104315
0.46642068297283723
0.4452371831053867
0.4197675079787689
0.39025398552283075
0.35698438015426565
0.320271698782459
0.2804794333021812
0.23798622110381812
0.19319594207044782
0.14654781557491794
0.0984911579871529
0.049485382674154116
0.04793822988941716
0.09541184726715358
0.14196602093756389
0.18715570102103815
0.23054561895400172
0.27171028748891546
0.3102584539843639
0.34582331908902025
0.3780527554256107
0.4066435421970382
0.43131691189629445
0.45183811293853016
0.46800662834501994
0.47967084771721546
0.4867085046046742
0.4890658017692018
0.4867085046046742
0.47967084771721546
0.46800662834501994
0.45183811293853016
0.43131691189629445
0.4066435421970382
0.3780527554256107
0.34582331908902025
0.3102584539843639
0.27171028748891546
0.23054561895400172
0.18715570102103815
0.14196602093756389
0.09541184726715358
0.04793822988941716
0.04641469775788229
0.09237954892455884
0.13745417736337556
0.18120767739223012
0.22321861378357186
0.26307502176440184
0.300398083152652
0.3348326559026336
0.36603780365048555
0.393719942305105
0.41760916391176855
0.4374781775612354
0.4531328389351957
0.46442635598809806
0.47124034803804626
0.473522727585006
0.47124034803804626
0.46442635598809806
0.4531328389351957
0.4374781775612354
0.41760916391176855
0.393719942305105
0.36603780365048555
0.3348326559026336
0.300398083152652
0.26307502176440184
0.22321861378357186
0.18120767739223012
0.13745417736337556
0.09237954892455884
0.04641469775788229
0.044914786279549514
0.08939426295936866
0.13301228485235292
0.17535187118402376
0.21600520559252848
0.25457363612864037
0.2906905862873232
0.32401239059510567
0.3542091301974553
0.38099670830296917
0.40411393915180893
0.423340876840953
0.4384896509115702
0.4494182129679593
0.45601200785229634
0.4582206312951389
0.45601200785229634
0.4494182129679593
0.4384896509115702
0.423340876840953
0.40411393915180893
0.38099670830296917
0.3542091301974553
0.32401239059510567
0.2906905862873232
0.25457363612864037
0.21600520559252848
0.17535187118402376
0.13301228485235292
0.08939426295936866
0.044914786279549514
0.04343849545441883
0.08645598937158305
0.12864034340449598
0.16958828239641907
0.20890539438087163
0.246206130581631
0.28113596338837743
0.3133625231664365
0.34256673506652013
0.36847384019063073
0.3908312376164156
0.4094262107776829
0.42407706427414354
0.4346464186567991
0.4410234840474243
0.44315951289960037
0.4410234840474243
0.4346464186567991
0.42407706427414354
0.4094262107776829
0.3908312376164156
0.36847384019063073
0.34256673506652013
0.3133625231664365
0.28113596338837743
0.246206130581631
0.20890539438087163
0.16958828239641907
0.12864034340449598
0.08645598937158305
0.04343849545441883
0.04198582528249024
0.083564728161202
0.12433835301980478
0.16391691102941605
0.20191918014860127
0.23797250512337384
0.27173421445581497
0.3028830536166259
0.33111061825767985
0.35615133796808973
0.37776105930558856
0.3957341793714251
0.4098950790229158
0.4201109730546174
0.4262747766234302
0.4283393723983905
0.4262747766234302
0.4201109730546174
0.4098950790229158
0.3957341793714251
0.37776105930558856
0.35615133796808973
0.33111061825767985
0.3028830536166259
0.27173421445581497
0.23797250512337384
0.20191918014860127
0.16391691102941605
0.12433835301980478
0.083564728161202
0.04198582528249024
0.04055677576376373
0.08072047932822554
0.12010631369827932
0.15833775708301476
0.19504656289571745
0.22987275975386878
0.26248533948963554
0.2925739819456741
0.31984077977093456
0.34402920163534617
0.3649034042193278
0.3822647826221796
0.3959436951578868
0.4058118761614143
0.4117658855803141
0.4137602097915092
0.4117658855803141
0.4058118761614143
0.3959436951578868
0.3822647826221796
0.3649034042193278
0.34402920163534617
0.31984077977093456
0.2925739819456741
0.26248533948963554
0.22987275975386878
0.19504656289571745
0.15833775708301476
0.12010631369827932
0.08072047932822554
0.04055677576376373
0.03915134689823931
0.07792324287265363
0.1159442254399195
0.1528508205572151
0.1882875426222201
0.2219068944731159
0.25338933848983924
0.282435308153581
0.3087572196062842
0.3321074311924
0.3522582723576334
0.3690180205299464
0.38222291267905667
0.3917491279771898
0.3974968109180759
0.3994220250789565
0.3974968109180759
0.3917491279771898
0.38222291267905667
0.3690180205299464
0.3522582723576334
0.3321074311924
0.3087572196062842
0.282435308153581
0.25338933848983924
0.2219068944731159
0.1882875426222201
0.1528508205572151
0.1159442254399195
0.07792324287265363
0.03915134689823931
0.037769538685917
0.07517301879448632
0.11185208824472542
0.14745610145201712
0.1816421193281093
0.21407490928111517
0.24444621145642606
0.2724670322403466
0.2978599377637288
0.32038602663925125
0.33982566372050527
0.35599389309472557
0.3687327315864254
0.37792272850194386
0.3834675526367157
0.3853248182607325
0.3834675526367157
0.37792272850194386
0.3687327315864254
0.35599389309472557
0.33982566372050527
0.32038602663925125
0.2978599377637288
0.2724670322403466
0.24444621145642606
0.21407490928111517
0.1816421193281093
0.14745610145201712
0.11185208824472542
0.07517301879448632
0.037769538685917
0.03641135112679676
0.07246980709372355
0.10782990211269707
0.1421535997674208
0.17511029301338502
0.20637680417786658
0.2356559583893961
0.26266915420597087
0.2871489342432684
0.3088649879758999
0.32760557830794335
0.3431924003165171
0.3554731518799929
0.3643326777356764
0.36967811073623347
0.3714685893368371
0.36967811073623347
0.3643326777356764
0.3554731518799929
0.3431924003165171
0.32760557830794335
0.3088649879758999
0.2871489342432684
0.26266915420597087
0.2356559583893961
0.20637680417786658
0.17511029301338502
0.1421535997674208
0.10782990211269707
0.07246980709372355
0.03641135112679676
0.03507678422087863
0.06981360777036537
0.1038776670438344
0.13694331550342617
0.16869206367804718
0.19881257916337014
0.22701857928874916
0.25304167405045386
0.276624209044903
0.297544315202346
0.3155980161199478
0.33061354219532085
0.34244417355975915
0.3509789756783876
0.35612848521662915
0.35785333830727023
0.35612848521662915
0.3509789756783876
0.34244417355975915
0.33061354219532085
0.3155980161199478
0.297544315202346
0.276624209044903
0.25304167405045386
0.22701857928874916
0.19881257916337014
0.16869206367804718
0.13694331550342617
0.1038776670438344
0.06981360777036537
0.03507678422087863
0.03376583796816258
0.06720442082441173
0.09999538303813747
0.1318252486600332
0.1623874313220959
0.19138223423762585
0.2185340741544854
0.2435845917737956
0.26628576216863253
0.2864240083185895
0.3038029771565185
0.318257318731137
0.32964579662572435
0.3378616223300773
0.34281867607790284
0.34447906517203203
0.34281867607790284
0.3378616223300773
0.32964579662572435
0.318257318731137
0.3038029771565185
0.2864240083185895
0.26628576216863253
0.2435845917737956
0.2185340741544854
0.19138223423762585
0.1623874313220959
0.1318252486600332
0.09999538303813747
0.06720442082441173
0.03376583796816258
0.03247851236864863
0.06464224625586269
0.09618305009560622
0.12679939923724193
0.15619639594553114
0.18408576940063373
0.21020244298660476
0.23429790737599604
0.256133593614457
0.2755040673246304
0.2922204614176555
0.3061237299239654
0.31707802107788835
0.3249806176907456
0.3297486833200544
0.33134576993112247
0.3297486833200544
0.3249806176907456
0.31707802107788835
0.3061237299239654
0.2922204614176555
0.2755040673246304
0.256133593614457
0.23429790737599604
0.21020244298660476
0.18408576940063373
0.15619639594553114
0.12679939923724193
0.09618305009560622
0.06464224625586269
0.03247851236864863
0.031214807422336753
0.062127084064718216
0.0924406682162407
0.12186576723505234
0.15011895754835286
0.17692318465239373
0.2020236857851073
0.22518162085705515
0.2461677033823764
0.26478449222046874
0.28085046890335885
0.2942127757738062
0.30474084691625114
0.31233596176039247
0.316918506943084
0.3184534525845415
0.316918506943084
0.31233596176039247
0.30474084691625114
0.2942127757738062
0.28085046890335885
0.26478449222046874
0.2461677033823764
0.22518162085705515
0.2020236857851073
0.17692318465239373
0.15011895754835286
0.12186576723505234
0.0924406682162407
0.062127084064718216
0.031214807422336753
0.029974723129226978
0.05965893425097829
0.08876823740004089
0.11702435265346442
0.14415511613056112
0.16989447999290588
0.1939978025499929
0.216235732216973
0.23638809147239084
0.2542652830061044
0.2696929996136284
0.2825244562806593
0.2926342741408128
0.2999276545390179
0.30432814694699145
0.3058021131322891
0.30432814694699145
0.2999276545390179
0.2926342741408128
0.2825244562806593
0.2696929996136284
0.2542652830061044
0.23638809147239084
0.216235732216973
0.1939978025499929
0.16989447999290588
0.14415511613056112
0.11702435265346442
0.08876823740004089
0.05965893425097829
0.029974723129226978
0.028758259489319295
0.057237796814642944
0.08516575764700679
0.11227515549247816
0.13830487169215586
0.16299965542217018
0.18612479328126166
0.2074602414557495
0.22679475788450018
0.24394643968153762
0.25874805354846436
0.2710587714445247
0.2807583027515732
0.2877556960266219
0.2919776033317769
0.29339175157436537
0.2919776033317769
0.2877556960266219
0.2807583027515732
0.2710587714445247
0.25874805354846436
0.24394643968153762
0.22679475788450018
0.2074602414557495
0.18612479328126166
0.16299965542217018
0.13830487169215586
0.11227515549247816
0.08516575764700679
0.057237796814642944
0.028758259489319295
0.0275654165026137
0.054863671755712176
0.0816332289571384
0.10761817575209358
0.13256822423313713
0.15623871094018665
0.17840465797891358
0.1988551485733848
0.21738770261870452
0.23382796224676816
0.24801563070786653
0.2598157212654025
0.2691129327485325
0.27582008622320436
0.2798668760974403
0.28122236791077027
0.2798668760974403
0.27582008622320436
0.2691129327485325
0.2598157212654025
0.24801563070786653
0.23382796224676816
0.21738770261870452
0.1988551485733848
0.17840465797891358
0.15623871094018665
0.13256822423313713
0.10761817575209358
0.0816332289571384
0.054863671755712176
0.0275654165026137
0.026396194169110196
0.05253655907418597
0.07817065133043571
0.10305341343231068
0.1269451737535049
0.14961164654695525
0.17083739664294859
0.19042045356987877
0.20816692567500383
0.22390985070179614
0.23749573109183503
0.24879530574329253
0.2576981641316906
0.2641208251287655
0.26799596524398167
0.26929396214150375
0.26799596524398167
0.2641208251287655
0.2576981641316906
0.24879530574329253
0.23749573109183503
0.22390985070179614
0.20816692567500383
0.19042045356987877
0.17083739664294859
0.14961164654695525
0.1269451737535049
0.10305341343231068
0.07817065133043571
0.05253655907418597
0.026396194169110196
0.025250592488808787
0.05025645877006435
0.07477802476689875
0.09858086853312945
0.12143572025325915
0.14311846224247604
0.16342300927336673
0.18215615644523142
0.1991324270533981
0.21419210504662156
0.2271883547003698
0.2379975248781949
0.24651399690104758
0.2526579127433052
0.256364870771401
0.2576065342665659
0.256364870771401
0.2526579127433052
0.24651399690104758
0.2379975248781949
0.2271883547003698
0.21419210504662156
0.1991324270533981
0.18215615644523142
0.16342300927336673
0.14311846224247604
0.12143572025325915
0.09858086853312945
0.07477802476689875
0.05025645877006435
0.025250592488808787
0.024128611461709467
0.04802337084334728
0.0714553492665275
0.09420054105454989
0.11603986373239995
0.13675915802674893
0.15616149587016803
0.17406225719944282
0.19028420675388732
0.20467472528124436
0.21709350153347087
0.22742237867010962
0.2355604310566033
0.2414313490668234
0.24497359267969834
0.24616008428595662
0.24497359267969834
0.2414313490668234
0.2355604310566033
0.22742237867010962
0.21709350153347087
0.20467472528124436
0.19028420675388732
0.17406225719944282
0.15616149587016803
0.13675915802674893
0.11603986373239995
0.09420054105454989
0.0714553492665275
0.04802337084334728
0.024128611461709467
0.023030251087812235
0.04583729529403478
0.06820262482932195
0.08991243099657201
0.11075760419092724
0.130533733899774
0.14905285643335245
0.1661387558325129
0.1816222647764715
0.1953577114056646
0.20721117159113825
0.21706986711903664
0.22483746659835793
0.2304411340993202
0.23382213096887353
0.23495461219967598
0.23382213096887353
0.2304411340993202
0.22483746659835793
0.21706986711903664
0.20721117159113825
0.1953577114056646
0.1816222647764715
0.1661387558325129
0.14905285643335245
0.130533733899774
0.11075760419092724
0.08991243099657201
0.06820262482932195
0.04583729529403478
0.023030251087812235
0.021955511367117098
0.04369823212212687
0.06501985145528211
0.0857165383591958
0.10558894162884104
0.1244421898615512
0.14209709096292
0.15838565234444169
0.17314660112115066
0.18624106341988222
0.1975413648733719
0.20693999022497597
0.21434510352631134
0.21968726784079556
0.2229104856389267
0.22399011800772395
0.2229104856389267
0.21968726784079556
0.21434510352631134
0.20693999022497597
0.1975413648733719
0.18624106341988222
0.17314660112115066
0.15838565234444169
0.14209709096292
0.1244421898615512
0.10558894162884104
0.0857165383591958
0.06501985145528211
0.04369823212212687
0.021955511367117098
0.02090439229962405
0.04160618132762352
0.06190702914440798
0.08161286314242128
0.10053387604614138
0.11848452591208053
0.13529419945887067
0.15080294673522918
0.16485721578792478
0.17732478132389728
0.18808408138017185
0.19703274798792764
0.20408334184046356
0.20916975029124946
0.2122386566898578
0.2132666017101005
0.2122386566898578
0.20916975029124946
0.20408334184046356
0.19703274798792764
0.18808408138017185
0.17732478132389728
0.16485721578792478
0.15080294673522918
0.13529419945887067
0.11848452591208053
0.10053387604614138
0.08161286314242128
0.06190702914440798
0.04160618132762352
0.02090439229962405
0.019876893885333095
0.03956114291052473
0.058864157896699555
0.07760140534624842
0.09559240744282821
0.11266074205136203
0.12864418192120447
0.1433906390048754
0.15675410877679385
0.16860886511770973
0.1788393211115381
0.18734814040789166
0.19405218154081463
0.19888858145068194
0.2018066441216669
0.2027840633068057
0.2018066441216669
0.19888858145068194
0.19405218154081463
0.18734814040789166
0.1788393211115381
0.16860886511770973
0.15675410877679385
0.1433906390048754
0.12864418192120447
0.11266074205136203
0.09559240744282821
0.07760140534624842
0.058864157896699555
0.03956114291052473
0.019876893885333095
0.018873016124244225
0.03756311687083051
0.055891237712156844
0.07368216497067724
0.09076453581890154
0.10697083827939571
0.12214703834992141
0.1361487291533803
0.1488372800877579
0.1600933148013196
0.1698070840674706
0.17788616748486796
0.18425162262736453
0.18884376131909303
0.19161444793435392
0.19254250279783952
0.19161444793435392
0.18884376131909303
0.18425162262736453
0.17788616748486796
0.1698070840674706
0.1600933148013196
0.1488372800877579
0.1361487291533803
0.12214703834992141
0.10697083827939571
0.09076453581890154
0.07368216497067724
0.055891237712156844
0.03756311687083051
0.018873016124244225
0.01789275901635745
0.03561210320854087
0.052988268590779854
0.06985514201570772
0.08605026117436139
0.10141481459618151
0.11580276874502149
0.12907721718074394
0.14110672972081692
0.15177813037472693
0.16098737024796947
0.16864682921885663
0.17468166510011326
0.17903528989648265
0.1816620681279189
0.18254192018320195
0.1816620681279189
0.17903528989648265
0.17468166510011326
0.16864682921885663
0.16098737024796947
0.15177813037472693
0.14110672972081692
0.12907721718074394
0.11580276874502149
0.10141481459618151
0.08605026117436139
0.06985514201570772
0.052988268590779854
0.03561210320854087
0.01789275901635745
0.01693612256167277
0.033708101923655795
0.05015525053256857
0.06612033648133989
0.08144958350920775
0.09599267100171946
0.10961137310650468
0.12217610308696625
0.1335624576759709
0.14366331183793163
0.1523801796530346
0.15963012560985756
0.1653423089590608
0.16946316718285082
0.17194950470236184
0.172782315462893
0.17194950470236184
0.16946316718285082
0.1653423089590608
0.15963012560985756
0.1523801796530346
0.14366331183793163
0.1335624576759709
0.12217610308696625
0.10961137310650468
0.09599267100171946
0.08144958350920775
0.06612033648133989
0.05015525053256857
0.033708101923655795
0.01693612256167277
0.016003106760190174
0.031851113016175284
0.047392183537522996
0.06247774836757373
0.07696250282344061
0.09070440749600955
0.10357285143437102
0.1154453868720473
0.12620446395321983
0.13574885919093377
0.14398551228266598
0.15083605665787087
0.15623355420420718
0.16012739317819757
0.1624767576576827
0.16326368863691265
0.1624767576576827
0.16012739317819757
0.15623355420420718
0.15083605665787087
0.14398551228266598
0.13574885919093377
0.12620446395321983
0.1154453868720473
0.10357285143437102
0.09070440749600955
0.07696250282344061
0.06247774836757373
0.047392183537522996
0.031851113016175284
0.016003106760190174
0.015093711611909671
0.030041136486099355
0.044699067605643135
0.05892737767440925
0.07258901911705999
0.0855500240790518
0.09768720372862048
0.10888506853598706
0.11903274855256371
0.1280347724337333
0.13580336813686372
0.14226462236289647
0.14735540083555235
0.15102796788252287
0.15324382699388156
0.15398603970526092
0.15324382699388156
0.15102796788252287
0.14735540083555235
0.14226462236289647
0.13580336813686372
0.1280347724337333
0.11903274855256371
0.10888506853598706
0.09768720372862048
0.0855500240790518
0.07258901911705999
0.05892737767440925
0.044699067605643135
0.030041136486099355
0.015093711611909671
0.014207937116831264
0.028278172333427987
0.04207590273692898
0.055469224401846436
0.06832913239006587
0.08052952075084621
0.09195442998925307
0.10249514807878551
0.1120473114740026
0.12052105156633024
0.12783374721562774
0.13391582272493435
0.1387078488530964
0.1421648912958267
0.14425071271095835
0.1449493686679378
0.14425071271095835
0.1421648912958267
0.1387078488530964
0.13391582272493435
0.12783374721562774
0.12052105156633024
0.1120473114740026
0.10249514807878551
0.09195442998925307
0.08052952075084621
0.06832913239006587
0.055469224401846436
0.04207590273692898
0.028278172333427987
0.014207937116831264
0.013345783274954944
0.026562220558161192
0.03952268893138054
0.05210328854988531
0.06418284264245827
0.07564289751139275
0.0863745302162688
0.09627562550044266
0.10524815271753643
0.11320769658872461
0.120076649518958
0.12578965774398462
0.13029089825683926
0.13353816341810915
0.13549741480891309
0.1361536755249433
0.13549741480891309
0.13353816341810915
0.13029089825683926
0.12578965774398462
0.120076649518958
0.11320769658872461
0.10524815271753643
0.09627562550044266
0.0863745302162688
0.07564289751139275
0.06418284264245827
0.05210328854988531
0.03952268893138054
0.026562220558161192
0.013345783274954944
0.012507250086280716
0.024893281160298965
0.03703942618899781
0.04882957011852585
0.06015014987423719
0.07089015436069146
0.08094750440966765
0.09022650080095854
0.09863527228316521
0.10609470750091642
0.11253207504685461
0.11788612742004718
0.12210454904678093
0.12514778424937018
0.12698393328774576
0.12759896027627746
0.12698393328774576
0.12514778424937018
0.12210454904678093
0.11788612742004718
0.11253207504685461
0.10609470750091642
0.09863527228316521
0.09022650080095854
0.08094750440966765
0.07089015436069146
0.06015014987423719
0.04882957011852585
0.03703942618899781
0.024893281160298965
0.012507250086280716
0.011692337550808576
0.02327135413984131
0.034626114509780793
0.045648069107768065
0.0562310540854026
0.06627129129874232
0.07567335256944963
0.08434777398033314
0.09220867017088899
0.09918208430290561
0.10520002379931749
0.11020523175312212
0.11414880122292144
0.1169937537896097
0.11871026814745642
0.11928522292194017
0.11871026814745642
0.1169937537896097
0.11414880122292144
0.11020523175312212
0.10520002379931749
0.09918208430290561
0.09220867017088899
0.08434777398033314
0.07567335256944963
0.06627129129874232
0.0562310540854026
0.045648069107768065
0.034626114509780793
0.02327135413984131
0.011692337550808576
0.010901045668538528
0.021696439496788223
0.032282753893729484
0.042558785517611955
0.05242555527595453
0.061786308325545304
0.07055207469561475
0.0786394450385664
0.08596834638070769
0.09246982699469222
0.09808049577634667
0.1027469707432093
0.1064236547852608
0.10907607203882784
0.11067641938804501
0.11121246346193155
0.11067641938804501
0.10907607203882784
0.1064236547852608
0.1027469707432093
0.09808049577634667
0.09246982699469222
0.08596834638070769
0.0786394450385664
0.07055207469561475
0.061786308325545304
0.05242555527595453
0.042558785517611955
0.032282753893729484
0.021696439496788223
0.010901045668538528
0.010133374439470572
0.02016853723113971
0.030009344340843888
0.03956171934805753
0.04873365344589296
0.05743520544110046
0.065583670788163
0.0731015139756584
0.07991430091262139
0.08595793557627625
0.09117349097794214
0.09551134439030885
0.09892910973379893
0.10139473899702452
0.10288238700951158
0.1033806818962515
0.10288238700951158
0.10139473899702452
0.09892910973379893
0.09551134439030885
0.09117349097794214
0.08595793557627625
0.07991430091262139
0.0731015139756584
0.065583670788163
0.05743520544110046
0.04873365344589296
0.03956171934805753
0.030009344340843888
0.02016853723113971
0.010133374439470572
0.009389323863604707
0.018687647342895762
0.027805885851123993
0.03665687059910477
0.04515534859521791
0.053217982645407745
0.060768140847094365
0.06773398079160911
0.07404653376663003
0.07964641004765768
0.0844790094041039
0.08849835269442072
0.09166516606853589
0.09394975466419977
0.09532817101185609
0.0957898782249001
0.09532817101185609
0.09394975466419977
0.09166516606853589
0.08849835269442072
0.0844790094041039
0.07964641004765768
0.07404653376663003
0.06773398079160911
0.060768140847094365
0.053217982645407745
0.04515534859521791
0.03665687059910477
0.027805885851123993
0.018687647342895762
0.009389323863604707
0.008668893940940933
0.017253769832056384
0.025672378424569826
0.03384423927075369
0.04169064072392936
0.049134639938467194
0.05610548487240889
0.06253684548641852
0.06836504494273363
0.07353525040883654
0.07799705105483196
0.0817079956555449
0.0846318237894717
0.08674111904035357
0.08801377139507852
0.0884400524478773
0.08801377139507852
0.08674111904035357
0.0846318237894717
0.0817079956555449
0.07799705105483196
0.07353525040883654
0.06836504494273363
0.06253684548641852
0.05610548487240889
0.049134639938467194
0.04169064072392936
0.03384423927075369
0.025672378424569826
0.017253769832056384
0.008668893940940933
0.007972084671479251
0.01586690469862158
0.023608822061181353
0.031123825363004284
0.038339529832027326
0.04518517732027879
0.051595702864106516
0.05751010806008664
0.06286983444093219
0.06762445665981281
0.07172761593012632
0.07514027327368139
0.07782908289660635
0.07976883212548597
0.08093918815917894
0.08133120456518313
0.08093918815917894
0.07976883212548597
0.07782908289660635
0.07514027327368139
0.07172761593012632
0.06762445665981281
0.06286983444093219
0.05751010806008664
0.051595702864106516
0.04518517732027879
0.038339529832027326
0.031123825363004284
0.023608822061181353
0.01586690469862158
0.007972084671479251
0.007298896055219657
0.014527051942591341
0.021615216760958598
0.028495628875856546
0.03510201591951179
0.04136959479084253
0.04723879482218729
0.05265376851261346
0.05756090226122574
0.061914028800586496
0.06567070402998695
0.06879518554883021
0.07125694338993979
0.0730328939195969
0.07410442130415729
0.07446333457681756
0.07410442130415729
0.0730328939195969
0.07125694338993979
0.06879518554883021
0.06567070402998695
0.061914028800586496
0.05756090226122574
0.05265376851261346
0.04723879482218729
0.04136959479084253
0.03510201591951179
0.028495628875856546
0.021615216760958598
0.014527051942591341
0.007298896055219657
0.006649328092162157
0.013234211563965672
0.019691562523901553
0.025959649809310485
0.031978098986382784
0.03768789235015843
0.04303476074665119
0.04796782684399901
0.05243824840361424
0.0564039668311576
0.05982631535441388
0.06267273248099135
0.06491540526947209
0.0665333044226864
0.0675094708300136
0.06783644248278062
0.0675094708300136
0.0665333044226864
0.06491540526947209
0.06267273248099135
0.05982631535441388
0.0564039668311576
0.05243824840361424
0.04796782684399901
0.04303476074665119
0.03768789235015843
0.031978098986382784
0.025959649809310485
0.019691562523901553
0.013234211563965672
0.006649328092162157
0.006023380782306745
0.011988383562744571
0.01783785935001022
0.023515888163366104
0.02896777903264028
0.03414006999822647
0.03898360063749823
0.04345228305424325
0.04750187286809771
0.0510942707515261
0.054194449903407105
0.056772914070164826
0.0588044685352032
0.06027006363475447
0.06115433673674787
0.06145052828307228
0.06115433673674787
0.06027006363475447
0.0588044685352032
0.056772914070164826
0.054194449903407105
0.0510942707515261
0.04750187286809771
0.04345228305424325
0.03898360063749823
0.03414006999822647
0.02896777903264028
0.023515888163366104
0.01783785935001022
0.011988383562744571
0.006023380782306745
0.005421054125653425
0.010789567938928045
0.016054107239284597
0.021164343938023394
0.026071056058284282
0.03072612773504666
0.035085314494728397
0.039107137143346196
0.04275177565467613
0.04598494056169204
0.048775107676966634
0.05109573031635062
0.05292413318713313
0.05424317155580109
0.055039019024360085
0.05530559197769257
0.055039019024360085
0.05424317155580109
0.05292413318713313
0.05109573031635062
0.048775107676966634
0.04598494056169204
0.04275177565467613
0.039107137143346196
0.035085314494728397
0.03072612773504666
0.026071056058284282
0.021164343938023394
0.016054107239284597
0.010789567938928045
0.005421054125653425
0.004842348122202197
0.009637764692516086
0.014340306191724685
0.01890501713328236
0.02328793006331479
0.027446065560619008
0.03133990231834168
0.03493238911130785
0.038187956763349525
0.04107597626165539
0.04356828867509245
0.04564118121954873
0.0472743992252619
0.048452628185826296
0.04916351769285026
0.04940163356664147
0.04916351769285026
0.048452628185826296
0.0472743992252619
0.04564118121954873
0.04356828867509245
0.04107597626165539
0.038187956763349525
0.03493238911130785
0.03133990231834168
0.027446065560619008
0.02328793006331479
0.01890501713328236
0.014340306191724685
0.009637764692516086
0.004842348122202197
0.004287262771953059
0.008532973823508696
0.012696456207330484
0.016737907749143
0.020618401047731813
0.024299883474943496
0.027747364108338113
0.03092803895812822
0.03381041619411788
0.036367377851416145
0.038573992897784556
0.04040926677975916
0.04185526664958948
0.042898433524830054
0.04352783274221838
0.04373865304991899
0.04352783274221838
0.042898433524830054
0.04185526664958948
0.04040926677975916
0.038573992897784556
0.036367377851416145
0.03381041619411788
0.03092803895812822
0.027747364108338113
0.024299883474943496
0.020618401047731813
0.016737907749143
0.012696456207330484
0.008532973823508696
0.004287262771953059
0.0037557980749060122
0.007475195331905878
0.011122557286101994
0.014663015785605318
0.018062469011535347
0.02128758147802013
0.024307699864717668
0.027094086683807292
0.029619153946981197
0.031859145330974316
0.033792220345042964
0.03539998699698191
0.036666735460115896
0.037580587572812366
0.03813196417246445
0.03831665042752512
0.03813196417246445
0.037580587572812366
0.036666735460115896
0.03539998699698191
0.033792220345042964
0.031859145330974316
0.029619153946981197
0.027094086683807292
0.024307699864717668
0.02128758147802013
0.018062469011535347
0.014663015785605318
0.011122557286101994
0.007475195331905878
0.0037557980749060122
0.0032479540310610564
0.006464429217707629
0.009618609428039212
0.01268034124266931
0.015620133954725385
0.018409159569848926
0.021020909587480353
0.023430532288345074
0.025614170021939477
0.027551278700329904
0.02922297101686765
0.030613341871216993
0.03170880565684113
0.03249909032977325
0.03297591198358848
0.03313562569945988
0.03297591198358848
0.03249909032977325
0.03170880565684113
0.030613341871216993
0.02922297101686765
0.027551278700329904
0.025614170021939477
0.023430532288345074
0.021020909587480353
0.018409159569848926
0.015620133954725385
0.01268034124266931
0.009618609428039212
0.006464429217707629
0.0032479540310610564
0.0027637306404181923
0.0055006754809139476
0.008184612633142144
0.01078988412033497
0.013291395877301939
0.015664617750429863
0.01788699327662617
0.01993737577174156
0.02179546441899273
0.02344377795948291
0.02486624491325865
0.026049331402464394
0.0269814772397652
0.027653941795712705
0.028059676175590458
0.028195578865723245
0.028059676175590458
0.027653941795712705
0.0269814772397652
0.026049331402464394
0.02486624491325865
0.02344377795948291
0.02179546441899273
0.01993737577174156
0.01788699327662617
0.015664617750429863
0.013291395877301939
0.01078988412033497
0.008184612633142144
0.0055006754809139476
0.0027637306404181923
0.002303127902977418
0.004583934121524838
0.006820566901410784
0.008991644418602313
0.011076254779264999
0.01305395601976295
0.01490595093215512
0.016614617133996763
0.01816303713814093
0.019536643108433324
0.020722042034215928
0.02170795559072412
0.02248475020888809
0.023045141970630713
0.023383256748470388
0.023496509926315228
0.023383256748470388
0.023045141970630713
0.02248475020888809
0.02170795559072412
0.020722042034215928
0.019536643108433324
0.01816303713814093
0.016614617133996763
0.01490595093215512
0.01305395601976295
0.011076254779264999
0.008991644418602313
0.006820566901410784
0.004583934121524838
0.002303127902977418
0.0018661458187387357
0.0037142051395402977
0.005526472232845136
0.007285622137471327
0.008974710660614569
0.010577174377848188
0.012077782554067199
0.013462256375110667
0.01471688817938411
0.01582987414718115
0.016790362379739496
0.017589214435996158
0.018218624564209817
0.018672690854527288
0.01894665370222827
0.019038418881235825
0.01894665370222827
0.018672690854527288
0.018218624564209817
0.017589214435996158
0.016790362379739496
0.01582987414718115
0.01471688817938411
0.013462256375110667
0.012077782554067199
0.010577174377848188
0.008974710660614569
0.007285622137471327
0.005526472232845136
0.0037142051395402977
0.0018661458187387357
0.0014527843877021438
0.002891488534960327
0.0043023286274451985
0.005671817276942016
0.006986763521350648
0.008234272824685578
0.009402488142362405
0.010480293495083282
0.011457017542722246
0.0123234710757264
0.01307120594982937
0.01369310793828053
0.014183100305730358
0.014536588447402424
0.014749867036864102
0.014821305730485044
0.014749867036864102
0.014536588447402424
0.014183100305730358
0.01369310793828053
0.01307120594982937
0.0123234710757264
0.011457017542722246
0.010480293495083282
0.009402488142362405
0.008234272824685578
0.006986763521350648
0.005671817276942016
0.0043023286274451985
0.002891488534960327
0.0014527843877021438
0.001063043609867643
0.0021157843077849268
0.003148136085210972
0.004150229837014382
0.00511241336147324
0.006025251360275114
0.00688006769704075
0.0076687284939146
0.008383425228155345
0.00901743389406906
0.009564572744485533
0.010019636097577212
0.01037817743344973
0.010636834749256127
0.010792896752377892
0.010845170474062877
0.010792896752377892
0.010636834749256127
0.01037817743344973
0.010019636097577212
0.009564572744485533
0.00901743389406906
0.008383425228155345
0.0076687284939146
0.00688006769704075
0.006025251360275114
0.00511241336147324
0.004150229837014382
0.003148136085210972
0.0021157843077849268
0.001063043609867643
0.000696923485235233
0.0013870924580140958
0.0020638946061424567
0.002720859817688422
0.0033516601809823396
0.003950109984616798
0.004510521218102222
0.005027561371604629
0.005496111235683408
0.005911762602209134
0.006270462763707987
0.006568798913886224
0.006803855947367925
0.006973429760088391
0.00707574284876963
0.0071100131119693245
0.00707574284876963
0.006973429760088391
0.006803855947367925
0.006568798913886224
0.006270462763707987
0.005911762602209134
0.005496111235683408
0.005027561371604629
0.004510521218102222
0.003950109984616798
0.0033516601809823396
0.002720859817688422
0.0020638946061424567
0.0013870924580140958
0.000696923485235233
0.00035442401380491413
0.0007054129856478349
0.0010496041902396495
0.0013837072189641355
0.0017045039798779475
0.002008848697710633
0.0022938487055468217
0.002556792128153365
0.0027950755653064346
0.003006457200146622
0.003188876007496736
0.003340596387207552
0.0034601358474849464
0.003546373479899223
0.003598405326039323
0.00361583364420439
0.003598405326039323
0.003546373479899223
0.0034601358474849464
0.003340596387207552
0.003188876007496736
0.003006457200146622
0.0027950755653064346
0.002556792128153365
0.0022938487055468217
0.002008848697710633
0.0017045039798779475
0.0013837072189641355
0.0010496041902396495
0.0007054129856478349
0.00035442401380491413
3.554519557668603e-05
7.074589068614256e-05
0.00010526483750255503
0.00013877204084152515
0.0001709447581600687
0.00020146749955661687
0.00023005015937455596
0.00025642076356081206
0.00028031821702442783
0.0003015176878815237
0.00031981247585177383
0.00033502851754120544
0.0003470171338007984
0.0003556659086886155
0.0003608841841869666
0.0003626320707680701
0.0003608841841869666
0.0003556659086886155
0.0003470171338007984
0.00033502851754120544
0.00031981247585177383
0.0003015176878815237
0.00028031821702442783
0.00025642076356081206
0.00023005015937455596
0.00020146749955661687
0.0001709447581600687
0.00013877204084152515
0.00010526483750255503
7.074589068614256e-05
3.554519557668603e-05
-0.0002597129694494509
-0.0005169088268709788
-0.0007691234520688286
-0.0010139457166794107
-0.0012490174841713036
-0.0014720336098452483
-0.0016808744204145805
-0.0018735527221730372
-0.002048160809162619
-0.002203055934586154
-0.0023367278312268897
-0.0024479046951128187
-0.0025355001936845263
-0.002598692953543428
-0.0026368205767874353
-0.002649591608339632
-0.0026368205767874353
-0.002598692953543428
-0.0025355001936845263
-0.0024479046951128187
-0.0023367278312268897
-0.002203055934586154
-0.002048160809162619
-0.0018735527221730372
-0.0016808744204145805
-0.0014720336098452483
-0.0012490174841713036
-0.0010139457166794107
-0.0007691234520688286
-0.0005169088268709788
-0.0002597129694494509
-0.0005313504812734971
-0.0010575511670235307
-0.0015735606784745013
-0.0020744460535986713
-0.002555382747116164
-0.0030116546304949678
-0.003438925033820584
-0.0038331283290481775
-0.004190361513254701
-0.004507263667256423
-0.004780744913739261
-0.005008203250754522
-0.005187416134971028
-0.005316703106796911
-0.005394708956883888
-0.005420837393118719
-0.005394708956883888
-0.005316703106796911
-0.005187416134971028
-0.005008203250754522
-0.004780744913739261
-0.004507263667256423
-0.004190361513254701
-0.0038331283290481775
-0.003438925033820584
-0.0030116546304949678
-0.002555382747116164
-0.0020744460535986713
-0.0015735606784745013
-0.0010575511670235307
-0.0005313504812734971
-0.0007793673398954521
-0.0015511811297715134
-0.0023080468417144644
-0.003042728969916258
-0.003748151030674516
-0.004417395562392535
-0.0050441016808434585
-0.0056223060570646105
-0.006146283895251818
-0.006611105510129275
-0.007012238771685339
-0.007345867149383902
-0.0076087306900587005
-0.007798364551071826
-0.007912780956102386
-0.007951105283569189
-0.007912780956102386
-0.007798364551071826
-0.0076087306900587005
-0.007345867149383902
-0.007012238771685339
-0.006611105510129275
-0.006146283895251818
-0.0056223060570646105
-0.0050441016808434585
-0.004417395562392535
-0.003748151030674516
-0.003042728969916258
-0.0023080468417144644
-0.0015511811297715134
-0.0007793673398954521
-0.0010037635453153163
-0.001997798715114926
-0.002972581941788716
-0.003918794465632169
-0.004827322334846358
-0.005689256405537953
-0.006496404361483201
-0.007241085906222334
-0.007915927955153973
-0.008514581463204714
-0.009031209405065127
-0.00946089639100096
-0.009799443858947546
-0.01004367728636818
-0.010191036574442933
-0.010240395279691044
-0.010191036574442933
-0.01004367728636818
-0.009799443858947546
-0.00946089639100096
-0.009031209405065127
-0.008514581463204714
-0.007915927955153973
-0.007241085906222334
-0.006496404361483201
-0.005689256405537953
-0.004827322334846358
-0.003918794465632169
-0.002972581941788716
-0.001997798715114926
-0.0010037635453153163
-0.0012045390975330894
-0.0023974039230537686
-0.003567165978697257
-0.004702642540746405
-0.00579289665963169
-0.006827237159931222
-0.007795833075739813
-0.008689467876521351
-0.009499293692961163
-0.010217691526482737
-0.010837656813878618
-0.011353290975605697
-0.011759555641637567
-0.01205264131268597
-0.012229475811905527
-0.012288707381484281
-0.012229475811905527
-0.01205264131268597
-0.011759555641637567
-0.011353290975605697
-0.010837656813878618
-0.010217691526482737
-0.009499293692961163
-0.008689467876521351
-0.007795833075739813
-0.006827237159931222
-0.00579289665963169
-0.004702642540746405
-0.003567165978697257
-0.0023974039230537686
-0.0012045390975330894
-0.0013816939965487717
-0.0027499967535880416
-0.0040917989524400875
-0.005394273195258967
-0.006644874005030514
-0.007831337825572342
-0.008942387823613295
-0.00996745196796166
-0.010896381108673392
-0.011720435699963345
-0.012431580998125817
-0.013023050903198111
-0.013489066038128765
-0.013825256630025196
-0.014028098668490169
-0.014096041588948904
-0.014028098668490169
-0.013825256630025196
-0.013489066038128765
-0.013023050903198111
-0.012431580998125817
-0.011720435699963345
-0.010896381108673392
-0.00996745196796166
-0.008942387823613295
-0.007831337825572342
-0.006644874005030514
-0.005394273195258967
-0.0040917989524400875
-0.0027499967535880416
-0.0013816939965487717
-0.0015352282423623628
-0.0030555772067177448
-0.0045464808630172075
-0.005993686429169853
-0.007383254371042826
-0.008701558402461312
-0.009936068605103645
-0.01107503818054326
-0.012107190202290655
-0.01302281398364654
-0.013812981957806725
-0.014470176173778205
-0.014987975048421132
-0.015361523238385858
-0.01558690514419686
-0.01566239790208491
-0.01558690514419686
-0.015361523238385858
-0.014987975048421132
-0.014470176173778205
-0.013812981957806725
-0.01302281398364654
-0.012107190202290655
-0.01107503818054326
-0.009936068605103645
-0.008701558402461312
-0.007383254371042826
-0.005993686429169853
-0.0045464808630172075
-0.0030555772067177448
-0.0015352282423623628
-0.0016651418349738632
-0.0033141452824428787
-0.0049312117104286166
-0.006500882242479065
-0.00800803775766863
-0.009437898890598134
-0.010776875420210864
-0.012012226514266153
-0.013131720973812955
-0.014124826377532321
-0.014981859692921337
-0.015694666787345976
-0.016256282672514676
-0.01666144113776796
-0.016905895239025595
-0.0169877763208923
-0.016905895239025595
-0.01666144113776796
-0.016256282672514676
-0.015694666787345976
-0.014981859692921337
-0.014124826377532321
-0.013131720973812955
-0.012012226514266153
-0.010776875420210864
-0.009437898890598134
-0.00800803775766863
-0.006500882242479065
-0.0049312117104286166
-0.0033141452824428787
-0.0016651418349738632
-0.0017714347743832725
-0.0035257009807634423
-0.005245991494674315
-0.006915860635186602
-0.008519224164907923
-0.010040359289982806
-0.011464808268934954
-0.012779016969130337
-0.013969973423240292
-0.015026472881620685
-0.015938214203469657
-0.016696522743901425
-0.017293988910409393
-0.017725010328171496
-0.01798506895297638
-0.01807217684537107
-0.01798506895297638
-0.017725010328171496
-0.017293988910409393
-0.016696522743901425
-0.015938214203469657
-0.015026472881620685
-0.013969973423240292
-0.012779016969130337
-0.011464808268934954
-0.010040359289982806
-0.008519224164907923
-0.006915860635186602
-0.005245991494674315
-0.0035257009807634423
-0.0017714347743832725
-0.001854107060590591
-0.0036902443016794367
-0.005490820215754302
-0.007238621607292464
-0.008916813592760708
-0.010508939600615328
-0.011999867151275913
-0.013375409545135816
-0.014621947550572664
-0.015727753495911635
-0.016682045489451684
-0.01747574404344455
-0.018101093762105284
-0.018552230809596466
-0.018824426286049214
-0.018915599475521228
-0.018824426286049214
-0.018552230809596466
-0.018101093762105284
-0.01747574404344455
-0.016682045489451684
-0.015727753495911635
-0.014621947550572664
-0.013375409545135816
-0.011999867151275913
-0.010508939600615328
-0.008916813592760708
-0.007238621607292464
-0.005490820215754302
-0.0036902443016794367
-0.001854107060590591
-0.0019131586935958182
-0.003807775245190861
-0.005665697873668578
-0.007469165158796651
-0.00920080604122698
-0.010843639822495702
-0.012382052067233739
-0.013801404242282584
-0.015087643355810074
-0.016228668220405175
-0.017213353550867415
-0.018032330685975356
-0.018677597227602347
-0.019143102582042874
-0.019423967238244095
-0.019518044211342768
-0.019423967238244095
-0.019143102582042874
-0.018677597227602347
-0.018032330685975356
-0.017213353550867415
-0.016228668220405175
-0.015087643355810074
-0.013801404242282584
-0.012382052067233739
-0.010843639822495702
-0.00920080604122698
-0.007469165158796651
-0.005665697873668578
-0.003807775245190861
-0.0019131586935958182
-0.0019485896733989548
-0.0038782938112977157
-0.005770624468417145
-0.007607491289699163
-0.009371201510306746
-0.011044459955623925
-0.012611363016808435
-0.014057001060570647
-0.015367060838952519
-0.016529217055101294
-0.017532138387716854
-0.01836628267149384
-0.019023499306900588
-0.019497625645510722
-0.019783691809561025
-0.019879511052835693
-0.019783691809561025
-0.019497625645510722
-0.019023499306900588
-0.01836628267149384
-0.017532138387716854
-0.016529217055101294
-0.015367060838952519
-0.014057001060570647
-0.012611363016808435
-0.011044459955623925
-0.009371201510306746
-0.007607491289699163
-0.005770624468417145
-0.0038782938112977157
-0.0019485896733989548
-0.0019604
-0.0039018000000000004
-0.0058056
-0.007653600000000001
-0.009428
-0.0111114
-0.0126878
-0.0141422
-0.0154602
-0.016629400000000003
-0.017638400000000002
-0.0184776
-0.0191388
-0.019615800000000003
-0.0199036
-0.02
-0.0199036
-0.019615800000000003
-0.0191388
-0.0184776
-0.017638400000000002
-0.016629400000000003
-0.0154602
-0.0141422
-0.0126878
-0.0111114
-0.009428
-0.007653600000000001
-0.0058056
-0.0039018000000000004
-0.0019604
