0.0
0.0
0.0
0.011540212208875467
0.709731514673523
1.3721161171132152
1.9923983360070778
2.5646759680542957
3.0832828980860842
3.5433399713737694
3.9403615134087264
4.270570114078436
4.530739235578451
4.718429300544432
4.831672907876107
4.869604401089358
4.831672907876107
4.718429300544432
4.530739235578451
4.270570114078436
3.9403615134087264
3.5433399713737694
3.0832828980860842
2.5646759680542957
1.9923983360070778
1.3721161171132152
0.709731514673523
0.011540212208875467
0.0
0.0
0.0
0.0
0.0
0.0
0.0
0.6446853027447057
1.295455692927188
1.9048619202550157
2.467105270309311
2.976618977247954
3.428609437151338
3.8186696270611185
4.143088369749213
4.398695701333303
4.583094819853585
4.694352820503769
4.731619225169084
4.694352820503769
4.583094819853585
4.398695701333303
4.143088369749213
3.8186696270611185
3.428609437151338
2.976618977247954
2.467105270309311
1.9048619202550157
1.295455692927188
0.6446853027447057
0.0
0.0
0.0
0.0
0.0
0.0
0.0
0.0
0.5802070267918
1.2194646115288936
1.818089808499046
2.3703864885760497
2.8708863677987466
3.314880646089474
3.698040265312314
4.016719702826491
4.267805074709685
4.448941980923059
4.558231711757878
4.5948388349422995
4.558231711757878
4.448941980923059
4.267805074709685
4.016719702826491
3.698040265312314
3.314880646089474
2.8708863677987466
2.3703864885760497
1.818089808499046
1.2194646115288936
0.5802070267918
0.0
0.0
0.0
0.0
0.0
0.0
0.0
0.0
0.5162966868148064
1.1441428729183327
1.7320820007391715
2.2745196228545144
2.766085069738468
3.202153598188179
3.5784734281623134
3.891464113310276
4.138067355707597
4.315970783752853
4.423309581638438
4.459263230409009
4.423309581638438
4.315970783752853
4.138067355707597
3.891464113310276
3.5784734281623134
3.202153598188179
2.766085069738468
2.2745196228545144
1.7320820007391715
1.1441428729183327
0.5162966868148064
0.0
0.0
0.0
0.0
0.0
0.0
0.0
0.0
0.4529542828137272
1.069490477095508
1.646838496975393
2.179504673144706
2.6622150830671174
3.090428293447453
3.4599691156111216
3.767321601200565
4.009482544327042
4.184181228342968
4.289586430145449
4.324892411569213
4.289586430145449
4.184181228342968
4.009482544327042
3.767321601200565
3.4599691156111216
3.090428293447453
2.6622150830671174
2.179504673144706
1.646838496975393
1.069490477095508
0.4529542828137272
0.0
0.0
0.0
0.0
0.0
0.0
0.0
0.0
0.3901798147885578
0.9955074240604143
1.562359297207708
2.0853416394466215
2.55927640778469
2.979704731867294
3.34252732765873
3.6442921664973547
3.882050640568016
4.053573314693403
4.157062257278907
4.191726378422906
4.157062257278907
4.053573314693403
3.882050640568016
3.6442921664973547
3.34252732765873
2.979704731867294
2.55927640778469
2.0853416394466215
1.562359297207708
0.9955074240604143
0.3901798147885578
0.0
0.0
0.0
0.0
0.0
0.0
0.0
0.0
0.3279732827393018
0.922193713813054
1.4786444014361173
1.9920305217602614
2.4572690438911913
2.8699829134477026
3.2261480643051437
3.522375809200649
3.7557716444305207
3.9241470428041563
4.025737063038816
4.059765130970092
4.025737063038816
3.9241470428041563
3.7557716444305207
3.522375809200649
3.2261480643051437
2.8699829134477026
2.4572690438911913
1.9920305217602614
1.4786444014361173
0.922193713813054
0.3279732827393018
0.0
0.0
0.0
0.0
0.0
0.0
0.0
0.0
0.2663346866659575
0.8495493463534283
1.3956938096606217
1.899571320085629
2.356192991386619
2.7612628381886806
3.1108313255503646
3.4015725293104477
3.6306455559145556
3.7959024126752334
3.895610847425175
3.9290086692107717
3.895610847425175
3.7959024126752334
3.6306455559145556
3.4015725293104477
3.1108313255503646
2.7612628381886806
2.356192991386619
1.899571320085629
1.3956938096606217
0.8495493463534283
0.2663346866659575
0.0
0.0
0.0
0.0
0.0
0.0
0.0
0.0
0.2052640265685266
0.7775743216815361
1.3135075218812204
1.8079640344227208
2.2560482502709718
2.653544506090226
2.996577111394389
3.281882326826752
3.5066723750201216
3.668839424306629
3.7666836104379833
3.7994569931449433
3.7666836104379833
3.668839424306629
3.5066723750201216
3.281882326826752
2.996577111394389
2.653544506090226
2.2560482502709718
1.8079640344227208
1.3135075218812204
0.7775743216815361
0.2052640265685266
0.0
0.0
0.0
0.0
0.0
0.0
0.0
0.0
0.14476130244700647
0.706268639797377
1.2320855380979143
1.7172086647715377
2.156834820544253
2.5468279171523402
2.8833854218372172
3.163305201749557
3.3838521017472196
3.542958077698346
3.638955352077243
3.671110102772607
3.638955352077243
3.542958077698346
3.3838521017472196
3.163305201749557
2.8833854218372172
2.5468279171523402
2.156834820544253
1.7172086647715377
1.2320855380979143
0.706268639797377
0.14476130244700647
0.0
0.0
0.0
0.0
0.0
0.0
0.0
0.0
0.08482651430139931
0.6356323007009523
1.1514278583107016
1.6273052111320805
2.058552702206459
2.441113071375021
2.7712562568788517
3.0458411540788664
3.2621847360958443
3.4182583728503824
3.512426072342951
3.5439679980937626
3.512426072342951
3.4182583728503824
3.2621847360958443
3.0458411540788664
2.7712562568788517
2.441113071375021
2.058552702206459
1.6273052111320805
1.1514278583107016
0.6356323007009523
0.08482651430139931
0.0
0.0
0.0
0.0
0.0
0.0
0.0
0.0
0.025459662131705585
0.5656653043922608
1.0715344825195858
1.5382536735043493
1.9612018952575934
2.336399968758272
2.6601896165192906
2.9294901838146803
3.1416702780660044
3.294740309762739
3.38709577123511
3.418030679108412
3.38709577123511
3.294740309762739
3.1416702780660044
2.9294901838146803
2.6601896165192906
2.336399968758272
1.9612018952575934
1.5382536735043493
1.0715344825195858
0.5656653043922608
0.025459662131705585
0.0
0.0
0.0
0.0
0.0
0.0
0.0
0.0
0.0
0.49636765087130286
0.9924054107245635
1.4500540518883431
1.8647823996976545
2.2326886093020892
2.550185500758535
2.814252290956998
3.022308727657693
3.1724038884354178
3.262964448753717
3.2932981458165536
3.262964448753717
3.1724038884354178
3.022308727657693
2.814252290956998
2.550185500758535
2.2326886093020892
1.8647823996976545
1.4500540518883431
0.9924054107245635
0.49636765087130286
0.0
0.0
0.0
0.0
0.0
0.0
0.0
0.0
0.0
0.0
0.427739340138078
0.9140406429256345
1.3627063462840612
1.7692942155266405
2.1299789930064756
2.441243909596583
2.700127475505818
2.9041000848709118
3.051249108868415
3.1400321048987747
3.169770398218186
3.1400321048987747
3.051249108868415
2.9041000848709118
2.700127475505818
2.441243909596583
2.1299789930064756
1.7692942155266405
1.3627063462840612
0.9140406429256345
0.427739340138078
0.0
0.0
0.0
0.0
0.0
0.0
0.0
0.0
0.0
0.0
0.3597803721925863
0.836440179122802
1.276210556691506
1.674737342744553
2.0282711198714294
2.3333648430334364
2.5871157374611427
2.7870443497056607
2.9312759710617327
3.018298739670281
3.0474474363133117
3.018298739670281
2.9312759710617327
2.7870443497056607
2.5871157374611427
2.3333648430334364
2.0282711198714294
1.674737342744553
1.276210556691506
0.836440179122802
0.3597803721925863
0.0
0.0
0.0
0.0
0.0
0.0
0.0
0.0
0.0
0.0
0.29249074703482947
0.7596040193160634
1.1905666831106752
1.5811117813513924
1.9275649898969514
2.2265483010690943
2.475217076822971
2.671141522161941
2.8124844750153715
2.897764353068238
2.9263292601019293
2.897764353068238
2.8124844750153715
2.671141522161941
2.475217076822971
2.2265483010690943
1.9275649898969514
1.5811117813513924
1.1905666831106752
0.7596040193160634
0.29249074703482947
0.0
0.0
0.0
0.0
0.0
0.0
0.0
0.0
0.0
0.0
0.22587046466480487
0.683532163505419
1.1057747255415702
1.4884175313471584
1.8278606030830415
2.1207942837035567
2.3644314935913027
2.556391602239751
2.6948746207293306
2.778428945092644
2.8064158695840398
2.778428945092644
2.6948746207293306
2.556391602239751
2.3644314935913027
2.1207942837035567
1.8278606030830415
1.4884175313471584
1.1057747255415702
0.683532163505419
0.22587046466480487
0.0
0.0
0.0
0.0
0.0
0.0
0.0
0.0
0.0
0.0
0.15991952508251472
0.6082246116908703
1.0218346839841903
1.396654592731851
1.7291579594297009
2.0161027909368237
2.254758987766139
2.4427945899390915
2.578446408203609
2.6602925157435013
2.6877072647596423
2.6602925157435013
2.578446408203609
2.4427945899390915
2.254758987766139
2.0161027909368237
1.7291579594297009
1.396654592731851
1.0218346839841903
0.6082246116908703
0.15991952508251472
0.0
0.0
0.0
0.0
0.0
0.0
0.0
0.0
0.0
0.0
0.09463792828795725
0.5336813638724154
0.9387465584385364
1.3058229655054703
1.6314570589369266
1.9124738227688969
2.1461995593474787
2.330350485259965
2.46319983743821
2.5433550650208065
2.5702034456287377
2.5433550650208065
2.46319983743821
2.330350485259965
2.1461995593474787
1.9124738227688969
1.6314570589369266
1.3058229655054703
0.9387465584385364
0.5336813638724154
0.09463792828795725
0.0
0.0
0.0
0.0
0.0
0.0
0.0
0.0
0.0
0.0
0.03002567428113423
0.45990242005005477
0.8565103489046075
1.2159226496680153
1.5347579016047206
1.8099073791997728
2.0387532083353213
2.2190592882023656
2.349134908433129
2.4276165929245614
2.4539044121913243
2.4276165929245614
2.349134908433129
2.2190592882023656
2.0387532083353213
1.8099073791997728
1.5347579016047206
1.2159226496680153
0.8565103489046075
0.45990242005005477
0.03002567428113423
0.0
0.0
0.0
0.0
0.0
0.0
0.0
0.0
0.0
0.0
0.0
0.38688778022378933
0.7751260553824038
1.126953645219488
1.4390604874330837
1.708403460229455
1.9324199347296682
2.1089209987662993
2.2362516211883703
2.313077099454768
2.3388101644474046
2.313077099454768
2.2362516211883703
2.1089209987662993
1.9324199347296682
1.708403460229455
1.4390604874330837
1.126953645219488
0.7751260553824038
0.38688778022378933
0.0
0.0
0.0
0.0
0.0
0.0
0.0
0.0
0.0
0.0
0.0
0.0
0.3146374443936182
0.6945936778719259
1.0389159521598863
1.344364816422014
1.6079620658579419
1.8271997385305188
1.9999356169517624
2.124549975703931
2.199736584611422
2.224920702396976
2.199736584611422
2.124549975703931
1.9999356169517624
1.8271997385305188
1.6079620658579419
1.344364816422014
1.0389159521598863
0.6945936778719259
0.3146374443936182
0.0
0.0
0.0
0.0
0.0
0.0
0.0
0.0
0.0
0.0
0.0
0.0
0.2431514125595413
0.6149132163731732
0.9518095704892122
1.2506708885715128
1.5085831960852332
1.7230926197378729
1.8921031427587565
2.014029971979811
2.087595048394527
2.1122360260400406
2.087595048394527
2.014029971979811
1.8921031427587565
1.7230926197378729
1.5085831960852332
1.2506708885715128
0.9518095704892122
0.6149132163731732
0.2431514125595413
0.0
0.0
0.0
0.0
0.0
0.0
0.0
0.0
0.0
0.0
0.0
0.0
0.17242968472155962
0.5360846708861455
0.865634500207463
1.1579787038815796
1.410266850911328
1.6200985783517305
1.7854235761872808
1.9046916100160125
1.9766524908040815
2.000756135376597
1.9766524908040815
1.9046916100160125
1.7854235761872808
1.6200985783517305
1.410266850911328
1.1579787038815796
0.865634500207463
0.5360846708861455
0.17242968472155962
0.0
0.0
0.0
0.0
0.0
0.0
0.0
0.0
0.0
0.0
0.0
0.0
0.1024722608796722
0.4581080414108438
0.7803907413146414
1.0662882623522147
1.3130130303362293
1.5182176143720927
1.6798969172373361
1.796534889812535
1.8669089118400866
1.8904810304066464
1.8669089118400866
1.796534889812535
1.6798969172373361
1.5182176143720927
1.3130130303362293
1.0662882623522147
0.7803907413146414
0.4581080414108438
0.1024722608796722
0.0
0.0
0.0
0.0
0.0
0.0
0.0
0.0
0.0
0.0
0.0
0.0
0.033279141033879966
0.3809833279472672
0.6960782938107464
0.9755995639834172
1.216821734359935
1.4174497277989575
1.5755231659089217
1.689559811369377
1.7583643115025405
1.7814107111301878
1.7583643115025405
1.689559811369377
1.5755231659089217
1.4174497277989575
1.216821734359935
0.9755995639834172
0.6960782938107464
0.3809833279472672
0.033279141033879966
0.0
0.0
0.0
0.0
0.0
0.0
0.0
0.0
0.0
0.0
0.0
0.0
0.0
0.3047105304954165
0.612697157695778
0.8859126087751896
1.1216929629824461
1.3177949186323286
1.4723023222020384
1.5837663746865402
1.651018689791444
1.673545177547222
1.651018689791444
1.5837663746865402
1.4723023222020384
1.3177949186323286
1.1216929629824461
0.8859126087751896
0.612697157695778
0.3047105304954165
0.0
0.0
0.0
0.0
0.0
0.0
0.0
0.0
0.0
0.0
0.0
0.0
0.0
0.0
0.22928964905529003
0.5302473329697355
0.7972273967275276
1.027626716203761
1.2192531868721996
1.3702343861166852
1.479154579764022
1.5448720467067973
1.5668844296577475
1.5448720467067973
1.479154579764022
1.3702343861166852
1.2192531868721996
1.027626716203761
0.7972273967275276
0.5302473329697355
0.22928964905529003
0.0
0.0
0.0
0.0
0.0
0.0
0.0
0.0
0.0
0.0
0.0
0.0
0.0
0.0
0.1547206836268895
0.44872881963261957
0.7095439278404347
0.934622994023881
1.121824532518577
1.2693193576528623
1.3757244266018258
1.4399243822486003
1.461428467461766
1.4399243822486003
1.3757244266018258
1.2693193576528623
1.121824532518577
0.934622994023881
0.7095439278404347
0.44872881963261957
0.1547206836268895
0.0
0.0
0.0
0.0
0.0
0.0
0.0
0.0
0.0
0.0
0.0
0.0
0.0
0.0
0.08100363421021406
0.3681416176844312
0.6228622021139101
0.8426817964428062
1.025508955571457
1.1695572368105713
1.27347591519995
1.3361756964168539
1.3571772909592772
1.3361756964168539
1.27347591519995
1.1695572368105713
1.025508955571457
0.8426817964428062
0.6228622021139101
0.3681416176844312
0.08100363421021406
0.0
0.0
0.0
0.0
0.0
0.0
0.0
0.0
0.0
0.0
0.0
0.0
0.0
0.0
0.00813850080526457
0.2884857271251686
0.5371822195479536
0.7518031234605358
0.9303064560308414
1.0709480235898097
1.1724090455583944
1.2336259892115553
1.2541309001502805
1.2336259892115553
1.1724090455583944
1.0709480235898097
0.9303064560308414
0.7518031234605358
0.5371822195479536
0.2884857271251686
0.00813850080526457
0.0
0.0
0.0
0.0
0.0
0.0
0.0
0.0
0.0
0.0
0.0
0.0
0.0
0.0
0.0
0.2097611479548318
0.452503980142565
0.6619869750770695
0.8362170338967294
0.9734917179905787
1.0725238176771574
1.1322752606327073
1.1522892950347758
1.1322752606327073
1.0725238176771574
0.9734917179905787
0.8362170338967294
0.6619869750770695
0.452503980142565
0.2097611479548318
0.0
0.0
0.0
0.0
0.0
0.0
0.0
0.0
0.0
0.0
0.0
0.0
0.0
0.0
0.0
0.0
0.13196788017342254
0.36882748389774545
0.573233351292409
0.743240689169121
0.8771883200128787
0.9738202315562434
1.03212351068031
1.051652475612764
1.03212351068031
0.9738202315562434
0.8771883200128787
0.743240689169121
0.573233351292409
0.36882748389774545
0.13196788017342254
0.0
0.0
0.0
0.0
0.0
0.0
0.0
0.0
0.0
0.0
0.0
0.0
0.0
0.0
0.0
0.0
0.055105923780939925
0.2861527308134928
0.4855422521065531
0.6513774218480162
0.782037829656709
0.876298287195648
0.9331707393543622
0.9522204418842444
0.9331707393543622
0.876298287195648
0.782037829656709
0.6513774218480162
0.4855422521065531
0.2861527308134928
0.055105923780939925
0.0
0.0
0.0
0.0
0.0
0.0
0.0
0.0
0.0
0.0
0.0
0.0
0.0
0.0
0.0
0.0
0.0
0.20447972088980837
0.39891367751950124
0.5606272319334149
0.6880402469220694
0.7799579845953737
0.8354169466548633
0.8539931938492167
0.8354169466548633
0.7799579845953737
0.6880402469220694
0.5606272319334149
0.39891367751950124
0.20447972088980837
0.0
0.0
0.0
0.0
0.0
0.0
0.0
0.0
0.0
0.0
0.0
0.0
0.0
0.0
0.0
0.0
0.0
0.0
0.12380845412669306
0.3133476275312552
0.4709901194253172
0.595195571808961
0.6847993237554193
0.738862132581815
0.7569707315076819
0.738862132581815
0.6847993237554193
0.595195571808961
0.4709901194253172
0.3133476275312552
0.12380845412669306
0.0
0.0
0.0
0.0
0.0
0.0
0.0
0.0
0.0
0.0
0.0
0.0
0.0
0.0
0.0
0.0
0.0
0.0
0.04413893052414419
0.22884410214181283
0.382466084323724
0.5035038043173836
0.5908223046757852
0.6435062971352155
0.6611530548596392
0.6435062971352155
0.5908223046757852
0.5035038043173836
0.382466084323724
0.22884410214181283
0.04413893052414419
0.0
0.0
0.0
0.0
0.0
0.0
0.0
0.0
0.0
0.0
0.0
0.0
0.0
0.0
0.0
0.0
0.0
0.0
0.0
0.1454031013511754
0.2950551266286334
0.4129649444473351
0.4980269273564719
0.5493494403150656
0.5665401639050884
0.5493494403150656
0.4980269273564719
0.4129649444473351
0.2950551266286334
0.1454031013511754
0.0
0.0
0.0
0.0
0.0
0.0
0.0
0.0
0.0
0.0
0.0
0.0
0.0
0.0
0.0
0.0
0.0
0.0
0.0
0.0
0.06302462515934426
0.20875724634004733
0.3235789921988186
0.4064131917974789
0.45639156212136633
0.47313205864403063
0.45639156212136633
0.4064131917974789
0.3235789921988186
0.20875724634004733
0.06302462515934426
0.0
0.0
0.0
0.0
0.0
0.0
0.0
0.0
0.0
0.0
0.0
0.0
0.0
0.0
0.0
0.0
0.0
0.0
0.0
0.0
0.0
0.12357244345796392
0.23534594757183225
0.3159810979988058
0.36463266255411675
0.38092873907646485
0.36463266255411675
0.3159810979988058
0.23534594757183225
0.12357244345796392
0.0
0.0
0.0
0.0
0.0
0.0
0.0
0.0
0.0
0.0
0.0
0.0
0.0
0.0
0.0
0.0
0.0
0.0
0.0
0.0
0.0
0.0
0.03950071798238586
0.148265810566377
0.2267306459604539
0.2740727416133164
0.289930205202392
0.2740727416133164
0.2267306459604539
0.148265810566377
0.03950071798238586
0.0
0.0
0.0
0.0
0.0
0.0
0.0
0.0
0.0
0.0
0.0
0.0
0.0
0.0
0.0
0.0
0.0
0.0
0.0
0.0
0.0
0.0
0.0
0.062338581182451946
0.13866183568242185
0.1847117992989662
0.20013645702181115
0.1847117992989662
0.13866183568242185
0.062338581182451946
0.0
0.0
0.0
0.0
0.0
0.0
0.0
0.0
0.0
0.0
0.0
0.0
0.0
0.0
0.0
0.0
0.0
0.0
0.0
0.0
0.0
0.0
0.0
0.0
0.0
0.05177466716471102
0.09654983561106478
0.11154749453472235
0.09654983561106478
0.05177466716471102
0.0
0.0
0.0
0.0
0.0
0.0
0.0
0.0
0.0
0.0
0.0
0.0
0.0
0.0
0.0
0.0
0.0
0.0
0.0
0.0
0.0
0.0
0.0
0.0
0.0
0.0
0.0
0.009586850549613501
0.024163317741126455
0.009586850549613501
0.0
0.0
0.0
0.0
0.0
0.0
0.0
0.0
0.0
0.0
0.0
0.0
0.0
0.0
0.0
0.0
0.0
0.0
0.0
0.0
0.0
0.0
0.0
0.0
0.0
0.0
0.0
0.0
0.0
0.0
0.0
0.0
0.0
0.0
0.0
0.0
0.0
0.0
0.0
0.0
0.0
0.0
0.0
0.0
0.0
0.0
0.0
0.0
0.0
0.0
0.0
0.0
0.0
0.0
0.0
0.0
0.0
0.0
0.0
0.0
0.0
0.0
0.0
0.0
0.0
0.0
0.0
0.0
0.0
0.0
0.0
0.0
0.0
0.0
0.0
0.0
0.0
0.0
0.0
0.0
0.0
0.0
0.0
0.0
0.0
0.0
0.0
0.0
0.0
0.0
0.0
0.0
0.0
0.0
0.0
0.0
0.0
0.0
0.0
0.0
0.0
0.0
0.0
0.0
0.0
0.0
0.0
0.0
0.0
0.0
0.0
0.0
0.0
0.0
0.0
0.0
0.0
0.0
0.0
0.0
0.0
0.0
0.0
0.0
0.0
0.0
0.0
0.0
0.0
0.0
0.0
0.0
0.0
0.0
0.0
0.0
0.0
0.0
0.0
0.0
0.0
0.0
0.0
0.0
0.0
0.0
0.0
0.0
0.0
0.0
0.0
0.0
0.0
0.0
0.0
0.0
0.0
0.0
0.0
0.0
0.0
0.0
0.0
0.0
0.0
0.0
0.0
0.0
0.0
0.0
0.0
0.0
0.0
0.0
0.0
0.0
0.0
0.0
0.0
0.0
0.0
0.0
0.0
0.0
0.0
0.0
0.0
0.0
0.0
0.0
0.0
0.0
0.0
0.0
0.0
0.0
0.0
0.0
0.0
0.0
0.0
0.0
0.0
0.0
0.0
0.0
0.0
0.0
0.0
0.0
0.0
0.0
0.0
0.0
0.0
0.0
0.0
0.0
0.0
0.0
0.0
0.0
0.0
0.0
0.0
0.0
0.0
0.0
0.0
0.0
0.0
0.0
0.0
0.0
0.0
0.0
0.0
0.0
0.0
0.0
0.0
0.0
0.0
0.0
0.0
0.0
0.0
0.0
0.0
0.0
0.0
0.0
0.0
0.0
0.0
0.0
0.0
0.0
0.0
0.0
0.0
0.0
0.0
0.0
0.0
0.0
0.0
0.0
0.0
0.0
0.0
0.0
0.0
0.0
0.0
0.0
0.0
0.0
0.0
0.0
0.0
0.0
0.0
0.0
0.0
0.0
0.0
0.0
0.0
0.0
0.0
0.0
0.0
0.0
0.0
0.0
0.0
0.0
0.0
0.0
0.0
0.0
0.0
0.0
0.0
0.0
0.0
0.0
0.0
0.0
0.0
0.0
0.0
0.0
0.0
0.0
0.0
0.0
0.0
0.0
0.0
0.0
0.0
0.0
0.0
0.0
0.0
0.0
0.0
0.0
0.0
0.0
0.0
0.0
0.0
0.0
0.0
0.0
0.0
0.0
0.0
0.0
0.0
0.0
0.0
0.0
0.0
0.0
0.0
0.0
0.0
0.0
0.0
0.0
0.0
0.0
0.0
0.0
0.0
0.0
0.0
0.0
0.0
0.0
0.0
0.0
0.0
0.0
0.0
0.0
0.0
0.0
0.0
0.0
0.0
0.0
0.0
0.0
0.0
0.0
0.0
0.0
0.0
0.0
0.0
0.0
0.0
0.0
0.0
0.0
0.0
0.0
0.0
0.0
0.0
0.0
0.0
0.0
0.0
0.0
0.0
0.0
0.0
0.0
0.0
0.0
0.0
0.0
0.0
0.0
0.0
0.0
0.0
0.0
0.0
0.0
0.0
0.0
0.0
0.0
0.0
0.0
0.0
0.0
0.0
0.0
0.0
0.0
0.0
0.0
0.0
0.0
0.0
0.0
0.0
0.0
0.0
0.0
0.0
0.0
0.0
0.0
0.0
0.0
0.0
0.0
0.0
0.0
0.0
0.0
0.0
0.0
0.0
0.0
0.0
0.0
0.0
0.0
0.0
0.0
0.0
0.0
0.0
0.0
0.0
0.0
0.0
0.0
0.0
0.0
0.0
0.0
0.0
0.0
0.0
0.0
0.0
0.0
0.0
0.0
0.0
0.0
0.0
0.0
0.0
0.0
0.0
0.0
0.0
0.0
0.0
0.0
0.0
0.0
0.0
0.0
0.0
0.0
0.0
0.0
0.0
0.0
0.0
0.0
0.0
0.0
0.0
0.0
0.0
0.0
0.0
0.0
0.0
0.0
0.0
0.0
0.0
0.0
0.0
0.0
0.0
0.0
0.0
0.0
0.0
0.0
0.0
0.0
0.0
0.0
0.0
0.0
0.0
0.0
0.0
0.0
0.0
0.0
0.0
0.0
0.0
0.0
0.0
0.0
0.0
0.0
0.0
0.0
0.0
0.0
0.0
0.0
0.0
0.0
0.0
0.0
0.0
0.0
0.0
0.0
0.0
0.0
0.0
0.0
0.0
0.0
0.0
0.0
0.0
0.0
0.0
0.0
0.0
0.0
0.0
0.0
0.0
0.0
0.0
0.0
0.0
0.0
0.0
0.0
0.0
0.0
0.0
0.0
0.0
0.0
0.0
0.0
0.0
0.0
0.0
0.0
0.0
0.0
0.0
0.0
0.0
0.0
0.0
0.0
0.0
0.0
0.0
0.0
0.0
0.0
0.0
0.0
0.0
0.0
0.0
0.0
0.0
0.0
0.0
0.0
0.0
0.0
0.0
0.0
0.0
0.0
0.0
0.0
0.0
0.0
0.0
0.0
0.0
0.0
0.0
0.0
0.0
0.0
0.0
0.0
0.0
0.0
0.0
0.0
0.0
0.0
0.0
0.0
0.0
0.0
0.0
0.0
0.0
0.0
0.0
0.0
0.0
0.0
0.0
0.0
0.0
0.0
0.0
0.0
0.0
0.0
0.0
0.0
0.0
0.0
0.0
0.0
0.0
0.0
0.0
0.0
0.0
0.0
0.0
0.0
0.0
0.0
0.0
0.0
0.0
0.0
0.0
0.0
0.0
0.0
0.0
0.0
0.0
0.0
0.0
0.0
0.0
0.0
0.0
0.0
0.0
0.0
0.0
0.0
0.0
0.0
0.0
0.0
0.0
0.0
0.0
0.0
0.0
0.0
0.0
0.0
0.0
0.0
0.0
0.0
0.0
0.0
0.0
0.0
0.0
0.0
0.0
0.0
0.0
0.0
0.0
0.0
0.0
0.0
0.0
0.0
0.0
0.0
0.0
0.0
0.0
0.0
0.0
0.0
0.0
0.0
0.0
0.0
0.0
0.0
0.0
0.0
0.0
0.0
0.0
0.0
0.0
0.0
0.0
0.0
0.0
0.0
0.0
0.0
0.0
0.0
0.0
0.0
0.0
0.0
0.0
0.0
0.0
0.0
0.0
0.0
0.0
0.0
0.0
0.0
0.0
0.0
0.0
0.0
0.0
0.0
0.0
0.0
0.0
0.0
0.0
0.0
0.0
0.0
0.0
0.0
0.0
0.0
0.0
0.0
0.0
0.0
0.0
0.0
0.0
0.0
0.0
0.0
0.0
0.0
0.0
0.0
0.0
0.0
0.0
0.0
0.0
0.0
0.0
0.0
0.0
0.0
0.0
0.0
0.0
0.0
0.0
0.0
0.0
0.0
0.0
0.0
0.0
0.0
0.0
0.0
0.0
0.0
0.0
0.0
0.0
0.0
0.0
0.0
0.0
0.0
0.0
0.0
0.0
0.0
0.0
0.0
0.0
0.0
0.0
0.0
0.0
0.0
0.0
0.0
0.0
0.0
0.0
0.0
0.0
0.0
0.0
0.0
0.0
0.0
0.0
0.0
0.0
0.0
0.0
0.0
0.0
0.0
0.0
0.0
0.0
0.0
0.0
0.0
0.0
0.0
0.0
0.0
0.0
0.0
0.0
0.0
0.0
0.0
0.0
0.0
0.0
0.0
0.0
0.0
0.0
0.0
0.0
0.0
0.0
0.0
0.0
0.0
0.0
0.0
0.0
0.0
0.0
0.0
0.0
0.0
0.0
0.0
0.0
0.0
0.0
0.0
0.0
0.0
0.0
0.0
0.0
0.0
0.0
0.0
0.0
0.0
0.0
0.0
0.0
0.0
0.0
0.0
0.0
0.0
0.0
0.0
0.0
0.0
0.0
0.0
0.0
0.0
0.0
0.0
0.0
0.0
0.0
0.0
0.0
0.0
0.0
0.0
0.0
0.0
0.0
0.0
0.0
0.0
0.0
0.0
0.0
0.0
0.0
0.0
0.0
0.0
0.0
0.0
0.0
0.0
0.0
0.0
0.0
0.0
0.0
0.0
0.0
0.0
0.0
0.0
0.0
0.0
0.0
0.0
0.0
0.0
0.0
0.0
0.0
0.0
0.0
0.0
0.0
0.0
0.0
0.0
0.0
0.0
0.0
0.0
0.0
0.0
0.0
0.0
0.0
0.0
0.0
0.0
0.0
0.0
0.0
0.0
0.0
0.0
0.0
0.0
0.0
0.0
0.0
0.0
0.0
0.0
0.0
0.0
0.0
0.0
0.0
0.0
0.0
0.0
0.0
0.0
0.0
0.0
0.0
0.0
0.0
0.0
0.0
0.0
0.0
0.0
0.0
0.0
0.0
0.0
0.0
0.0
0.0
0.0
0.0
0.0
0.0
0.0
0.0
0.0
0.0
0.0
0.0
0.0
0.0
0.0
0.0
0.0
0.0
0.0
0.0
0.0
0.0
0.0
0.0
0.0
0.0
0.0
0.0
0.0
0.0
0.0
0.0
0.0
0.0
0.0
0.0
0.0
0.0
0.0
0.0
0.0
0.0
0.0
0.0
0.0
0.0
0.0
0.0
0.0
0.0
0.0
0.0
0.0
0.0
0.0
0.0
0.0
0.0
0.0
0.0
0.0
0.0
0.0
0.0
0.0
0.0
0.0
0.0
0.0
0.0
0.0
0.0
0.0
0.0
0.0
0.0
0.0
0.0
0.0
0.0
0.0
0.0
0.0
0.0
0.0
0.0
0.0
0.0
0.0
0.0
0.0
0.0
0.0
0.0
0.0
0.0
0.0
0.0
0.0
0.0
0.0
0.0
0.0
0.0
0.0
0.0
0.0
0.0
0.0
0.0
0.0
0.0
0.0
0.0
0.0
0.0
0.0
0.0
0.0
0.0
0.0
0.0
0.0
0.0
0.0
0.0
0.0
0.0
0.0
0.0
0.0
0.0
0.0
0.0
0.0
0.0
0.0
0.0
0.0
0.0
0.0
0.0
0.0
0.0
0.0
0.0
0.0
0.0
0.0
0.0
0.0
0.0
0.0
0.0
0.0
0.0
0.0
0.0
0.0
0.0
0.0
0.0
0.0
0.0
0.0
0.0
0.0
0.0
0.0
0.0
0.0
0.0
0.0
0.0
0.0
0.0
0.0
0.0
0.0
0.0
0.0
0.0
0.0
0.0
0.0
0.0
0.0
0.0
0.0
0.0
0.0
0.0
0.0
0.0
0.0
0.0
0.0
0.0
0.0
0.0
0.0
0.0
0.0
0.0
0.0
0.0
0.0
0.0
0.0
0.0
0.0
0.0
0.0
0.0
0.0
0.0
0.0
0.0
0.0
0.0
0.0
0.0
0.0
0.0
0.0
0.0
0.0
0.0
0.0
0.0
0.0
0.0
0.0
0.0
0.0
0.0
0.0
0.0
0.0
0.0
0.0
0.0
0.0
0.0
0.0
0.0
0.0
0.0
0.0
0.0
0.0
0.0
0.0
0.0
0.0
0.0
0.0
0.0
0.0
0.0
0.0
0.0
0.0
0.0
0.0
0.0
0.0
0.0
0.0
0.0
0.0
0.0
0.0
0.0
0.0
0.0
0.0
0.0
0.0
0.0
0.0
0.0
0.0
0.0
0.0
0.0
0.0
0.0
0.0
0.0
0.0
0.0
0.0
0.0
0.0
0.0
0.0
0.0
0.0
0.0
0.0
0.0
0.0
0.0
0.0
0.0
0.0
0.0
0.0
0.0
0.0
0.0
0.0
0.0
0.0
0.0
0.0
0.0
0.0
0.0
0.0
0.0
0.0
0.0
0.0
0.0
0.0
0.0
0.0
0.0
0.0
0.0
0.0
0.0
0.0
0.0
0.0
0.0
0.0
0.0
0.0
0.0
0.0
0.0
0.0
0.0
0.0
0.0
0.0
0.0
0.0
0.0
0.0
0.0
0.0
0.0
0.0
0.0
0.0
0.0
0.0
0.0
0.0
0.0
0.0
0.0
0.0
0.0
0.0
0.0
0.0
0.0
0.0
0.0
0.0
0.0
0.0
0.0
0.0
0.0
0.0
0.0
0.0
0.0
0.0
0.0
0.0
0.0
0.0
0.0
0.0
0.0
0.0
0.0
0.0
0.0
0.0
0.0
0.0
0.0
0.0
0.0
0.0
0.0
0.0
0.0
0.0
0.0
0.0
0.0
0.0
0.0
0.0
0.0
0.0
0.0
0.0
0.0
0.0
0.0
0.0
0.0
0.0
0.0
0.0
0.0
0.0
0.0
0.0
0.0
0.0
0.0
0.0
0.0
0.0
0.0
0.0
0.0
0.0
0.0
0.0
0.0
0.0
0.0
0.0
0.0
0.0
0.0
0.0
0.0
0.0
0.0
0.0
0.0
0.0
0.0
0.0
0.0
0.0
0.0
0.0
0.0
0.0
0.0
0.0
0.0
0.0
0.0
0.0
0.0
0.0
0.0
0.0
0.0
0.0
0.0
0.0
0.0
0.0
0.0
0.0
0.0
0.0
0.0
0.0
0.0
0.0
0.0
0.0
0.0
0.0
0.0
0.0
0.0
0.0
0.0
0.0
0.0
0.0
0.0
0.0
0.0
0.0
0.0
0.0
0.0
0.0
0.0
0.0
0.0
0.0
0.0
0.0
0.0
0.0
0.0
0.0
0.0
0.0
0.0
0.0
0.0
0.0
0.0
0.0
0.0
0.0
0.0
0.0
0.0
0.0
0.0
0.0
0.0
0.0
0.0
0.0
0.0
0.0
0.0
0.0
0.0
0.0
0.0
0.0
0.0
0.0
0.0
0.0
0.0
0.0
0.0
0.0
0.0
0.0
0.0
0.0
0.0
0.0
0.0
0.0
0.0
0.0
0.0
0.0
0.0
0.0
0.0
0.0
0.0
0.0
0.0
0.0
0.0
0.0
0.0
0.0
0.0
0.0
0.0
0.0
0.0
0.0
0.0
0.0
0.0
0.0
0.0
0.0
0.0
0.0
0.0
0.0
0.0
0.0
0.0
0.0
0.0
0.0
0.0
0.0
0.0
0.0
0.0
0.0
0.0
0.0
0.0
0.0
0.0
0.0
0.0
0.0
0.0
0.0
0.0
0.0
0.0
0.0
0.0
0.0
0.0
0.0
0.0
0.0
0.0
0.0
0.0
0.0
0.0
0.0
0.0
0.0
0.0
0.0
0.0
0.0
0.0
0.0
0.0
0.0
0.0
0.0
0.0
0.0
0.0
0.0
0.0
0.0
0.0
0.0
0.0
0.0
0.0
0.0
0.0
0.0
0.0
0.0
0.0
0.0
0.0
0.0
0.0
0.0
0.0
0.0
0.0
0.0
0.0
0.0
0.0
0.0
0.0
0.0
0.0
0.0
0.0
0.0
0.0
0.0
0.0
0.0
0.0
0.0
0.0
0.0
0.0
0.0
0.0
0.0
0.0
0.0
0.0
0.0
0.0
0.0
0.0
0.0
0.0
0.0
0.0
0.0
0.0
0.0
0.0
0.0
0.0
0.0
0.0
0.0
0.0
0.0
0.0
0.0
0.0
0.0
0.0
0.0
0.0
0.0
0.0
0.0
0.0
0.0
0.0
0.0
0.0
0.0
0.0
0.0
0.0
0.0
0.0
0.0
0.0
0.0
0.0
0.0
0.0
0.0
0.0
0.0
0.0
0.0
0.0
0.0
0.0
0.0
0.0
0.0
0.0
0.0
0.0
0.0
0.0
0.0
0.0
0.0
0.0
0.0
0.0
0.0
0.0
0.0
0.0
0.0
0.0
0.0
0.0
0.0
0.0
0.0
0.0
0.0
0.0
0.0
0.0
0.0
0.0
0.0
0.0
0.0
0.0
0.0
0.0
0.0
0.0
0.0
0.0
0.0
0.0
0.0
0.0
0.0
0.0
0.0
0.0
0.0
0.0
0.0
0.0
0.0
0.0
0.0
0.0
0.0
0.0
0.0
0.0
0.0
0.0
0.0
0.0
0.0
0.0
0.0
0.0
0.0
0.0
0.0
0.0
0.0
0.0
0.0
0.0
0.0
0.0
0.0
0.0
0.0
0.0
0.0
0.0
0.0
0.0
0.0
0.0
0.0
0.0
0.0
0.0
0.0
0.0
0.0
0.0
0.0
0.0
0.0
0.0
0.0
0.0
0.0
0.0
0.0
0.0
0.0
0.0
0.0
0.0
0.0
0.0
0.0
0.0
0.0
0.0
0.0
0.0
0.0
0.0
0.0
0.0
0.0
0.0
0.0
0.0
0.0
0.0
0.0
0.0
0.0
0.0
0.0
0.0
0.0
0.0
0.0
0.0
0.0
0.0
0.0
0.0
0.0
0.0
0.0
0.0
0.0
0.0
0.0
0.0
0.0
0.0
0.0
0.0
0.0
0.0
0.0
0.0
0.0
0.0
0.0
0.0
0.0
0.0
0.0
0.0
0.0
0.0
0.0
0.0
0.0
0.0
0.0
0.0
0.0
0.0
0.0
0.0
0.0
0.0
0.0
0.0
0.0
0.0
0.0
0.0
0.0
0.0
0.0
0.0
0.0
0.0
0.0
0.0
0.0
0.0
0.0
0.0
0.0
0.0
0.0
0.0
0.0
0.0
0.0
0.0
0.0
0.0
0.0
0.0
0.0
0.0
0.0
0.0
0.0
0.0
0.0
0.0
0.0
0.0
0.0
0.0
0.0
0.0
0.0
0.0
0.0
0.0
0.0
0.0
0.0
0.0
0.0
0.0
0.0
0.0
0.0
0.0
0.0
0.0
0.0
0.0
0.0
0.0
0.0
0.0
0.0
0.0
0.0
0.0
0.0
0.0
0.0
0.0
0.0
0.0
0.0
0.0
0.0
0.0
0.0
0.0
0.0
0.0
0.0
0.0
0.0
0.0
0.0
0.0
0.0
0.0
0.0
0.0
0.0
0.0
0.0
0.0
0.0
0.0
0.0
0.0
0.0
0.0
0.0
0.0
0.0
0.0
0.0
0.0
0.0
0.0
0.0
0.0
0.0
0.0
0.0
0.0
0.0
0.0
0.0
0.0
0.0
0.0
0.0
0.0
0.0
0.0
0.0
0.0
0.0
0.0
0.0
0.0
0.0
0.0
0.0
0.0
0.0
0.0
0.0
0.0
0.0
0.0
0.0
0.0
0.0
0.0
0.0
0.0
0.0
0.0
0.0
0.0
0.0
0.0
0.0
0.0
0.0
0.0
0.0
0.0
0.0
0.0
0.0
0.0
0.0
0.0
0.0
0.0
0.0
0.0
0.0
0.0
0.0
0.0
0.0
0.0
0.0
0.0
0.0
0.0
0.0
0.0
0.0
0.0
0.0
0.0
0.0
0.0
0.0
0.0
0.0
0.0
0.0
0.0
0.0
0.0
0.0
0.0
0.0
0.0
0.0
0.0
0.0
0.0
0.0
0.0
0.0
0.0
0.0
0.0
0.0
0.0
0.0
0.0
0.0
0.0
0.0
0.0
0.0
0.0
0.0
0.0
0.0
0.0
0.0
0.0
0.0
0.0
0.0
0.0
0.0
0.0
0.0
0.0
0.0
0.0
0.0
0.0
0.0
0.0
0.0
0.0
0.0
0.0
0.0
0.0
0.0
0.0
0.0
0.0
0.0
0.0
0.0
0.0
0.0
0.0
0.0
0.0
0.0
0.0
0.0
0.0
0.0
0.0
0.0
0.0
0.0
0.0
0.0
0.0
0.0
0.0
0.0
0.0
0.0
0.0
0.0
0.0
0.0
0.0
0.0
0.0
0.0
0.0
0.0
0.0
0.0
0.0
0.0
0.0
0.0
0.0
0.0
0.0
0.0
0.0
0.0
0.0
0.0
0.0
0.0
0.0
0.0
0.0
0.0
0.0
0.0
0.0
0.0
0.0
0.0
0.0
0.0
0.0
0.0
0.0
0.0
0.0
0.0
0.0
0.0
0.0
0.0
0.0
0.0
0.0
0.0
0.0
0.0
0.0
0.0
0.0
0.0
0.0
0.0
0.0
0.0
0.0
0.0
0.0
0.0
0.0
0.0
0.0
0.0
0.0
0.0
0.0
0.0
0.0
0.0
0.0
0.0
0.0
0.0
0.0
0.0
0.0
0.0
0.0
0.0
0.0
0.0
0.0
0.0
0.0
0.0
0.0
0.0
0.0
0.0
0.0
0.0
0.0
0.0
0.0
0.0
0.0
0.0
0.0
0.0
0.0
0.0
0.0
0.0
0.0
0.0
0.0
0.0
0.0
0.0
0.0
0.0
0.0
0.0
0.0
0.0
0.0
0.0
0.0
0.0
0.0
0.0
0.0
0.0
0.0
0.0
0.0
0.0
0.0
0.0
0.0
0.0
0.0
0.0
0.0
0.0
0.0
0.0
0.0
0.0
0.0
0.0
0.0
0.0
0.0
0.0
0.0
0.0
0.0
0.0
0.0
0.0
0.0
0.0
0.0
0.0
0.0
0.0
0.0
0.0
0.0
0.0
0.0
0.0
0.0
0.0
0.0
0.0
0.0
0.0
0.0
0.0
0.0
0.0
0.0
0.0
0.0
0.0
0.0
0.0
0.0
0.0
0.0
0.0
0.0
0.0
0.0
0.0
0.0
0.0
0.0
0.0
0.0
0.0
0.0
0.0
0.0
0.0
0.0
0.0
0.0
0.0
0.0
0.0
0.0
0.0
0.0
0.0
0.0
0.0
0.0
0.0
0.0
0.0
0.0
0.0
0.0
0.0
0.0
0.0
0.0
0.0
0.0
0.0
0.0
0.0
0.0
0.0
0.0
0.0
0.0
0.0
0.0
0.0
0.0
0.0
0.0
0.0
0.0
0.0
0.0
0.0
0.0
0.0
0.0
0.0
0.0
0.0
0.0
0.0
0.0
0.0
0.0
0.0
0.0
0.0
0.0
0.0
0.0
0.0
0.0
0.0
0.0
0.0
0.0
0.0
0.0
0.0
0.0
0.0
0.0
0.0
0.0
0.0
0.0
0.0
0.0
0.0
0.0
0.0
0.0
0.0
0.0
0.0
0.0
0.0
0.0
0.0
0.0
0.0
0.0
0.0
0.0
0.0
0.0
0.0
0.0
0.0
0.0
0.0
0.0
0.0
0.0
0.0
0.0
0.0
0.0
0.0
0.0
0.0
0.0
0.0
0.0
0.0
0.0
0.0
0.0
0.0
0.0
0.0
0.0
0.0
0.0
0.0
0.0
0.0
0.0
0.0
0.0
0.0
0.0
0.0
0.0
0.0
0.0
0.0
0.0
0.0
0.0
0.0
0.0
0.0
0.0
0.0
0.0
0.0
0.0
0.0
0.0
0.0
0.0
0.0
0.0
0.0
0.0
0.0
0.0
0.0
0.0
0.0
0.0
0.0
0.0
0.0
0.0
0.0
0.0
0.0
0.0
0.0
0.0
0.0
0.0
0.0
0.0
0.0
0.0
0.0
0.0
0.0
0.0
0.0
0.0
