     0.09802
     0.19509
     0.29028
     0.38268
      0.4714
     0.55557
     0.63439
     0.70711
     0.77301
     0.83147
     0.88192
     0.92388
     0.95694
     0.98079
     0.99518
           1
     0.99518
     0.98079
     0.95694
     0.92388
     0.88192
     0.83147
     0.77301
     0.70711
     0.63439
     0.55557
      0.4714
     0.38268
     0.29028
     0.19509
     0.09802
   -0.118125
   -0.235106
    -0.34982
   -0.461173
   -0.568091
   -0.669525
   -0.764512
   -0.852148
   -0.931565
    -1.00202
    -1.06281
    -1.11338
    -1.15322
    -1.18196
     -1.1993
    -1.20511
     -1.1993
    -1.18196
    -1.15322
    -1.11338
    -1.06281
    -1.00202
   -0.931565
   -0.852148
   -0.764512
   -0.669525
   -0.568091
   -0.461173
    -0.34982
   -0.235106
   -0.118125
  0.00939322
   0.0186962
   0.0278195
    0.036675
   0.0451777
   0.0532455
   0.0608008
      0.0625
      0.0625
      0.0625
      0.0625
      0.0625
      0.0625
      0.0625
      0.0625
      0.0625
      0.0625
      0.0625
      0.0625
      0.0625
      0.0625
      0.0625
      0.0625
      0.0625
   0.0608114
   0.0532558
   0.0451873
   0.0366835
   0.0278265
   0.0187013
  0.00939596
    -0.11513
   -0.229144
   -0.340949
   -0.449478
   -0.553684
   -0.652546
   -0.745125
   -0.830538
   -0.907941
   -0.976606
    -1.03586
    -1.08515
    -1.12398
    -1.15199
    -1.16889
    -1.17455
    -1.16889
    -1.15199
    -1.12398
    -1.08515
    -1.03586
   -0.976606
   -0.907941
   -0.830538
   -0.745125
   -0.652546
   -0.553684
   -0.449478
   -0.340949
   -0.229144
    -0.11513
  0.00912785
    0.018168
   0.0270335
   0.0356389
   0.0439013
   0.0517413
   0.0590832
      0.0625
      0.0625
      0.0625
      0.0625
      0.0625
      0.0625
      0.0625
      0.0625
      0.0625
      0.0625
      0.0625
      0.0625
      0.0625
      0.0625
      0.0625
      0.0625
      0.0625
   0.0590927
   0.0517506
   0.0439101
   0.0356467
   0.0270399
   0.0181727
  0.00913036
   -0.112172
   -0.223256
    -0.33219
    -0.43793
   -0.539459
   -0.635781
   -0.725981
     -0.8092
   -0.884615
   -0.951515
    -1.00925
    -1.05727
     -1.0951
    -1.12239
    -1.13886
    -1.14438
    -1.13886
    -1.12239
     -1.0951
    -1.05727
    -1.00925
   -0.951515
   -0.884615
     -0.8092
   -0.725981
   -0.635781
   -0.539459
    -0.43793
    -0.33219
   -0.223256
   -0.112172
  0.00886608
    0.017647
   0.0262582
   0.0346169
   0.0426423
   0.0502574
   0.0573887
      0.0625
      0.0625
      0.0625
      0.0625
      0.0625
      0.0625
      0.0625
      0.0625
      0.0625
      0.0625
      0.0625
      0.0625
      0.0625
      0.0625
      0.0625
      0.0625
      0.0625
   0.0573973
   0.0502658
   0.0426502
   0.0346239
    0.026264
   0.0176512
  0.00886837
   -0.109252
   -0.217444
   -0.323542
   -0.426529
   -0.525415
    -0.61923
   -0.707082
   -0.788134
   -0.861585
   -0.926744
   -0.982975
    -1.02974
    -1.06659
    -1.09317
    -1.10921
    -1.11458
    -1.10921
    -1.09317
    -1.06659
    -1.02974
   -0.982975
   -0.926744
   -0.861585
   -0.788134
   -0.707082
    -0.61923
   -0.525415
   -0.426529
   -0.323542
   -0.217444
   -0.109252
  0.00860795
   0.0171332
   0.0254937
   0.0336089
   0.0414007
   0.0487939
   0.0557175
   0.0621047
      0.0625
      0.0625
      0.0625
      0.0625
      0.0625
      0.0625
      0.0625
      0.0625
      0.0625
      0.0625
      0.0625
      0.0625
      0.0625
      0.0625
      0.0625
   0.0621124
   0.0557253
   0.0488015
   0.0414078
   0.0336152
   0.0254989
    0.017137
  0.00861001
   -0.106369
   -0.211707
   -0.315005
   -0.415276
   -0.511553
   -0.602892
   -0.688426
    -0.76734
   -0.838853
   -0.902293
    -0.95704
    -1.00257
    -1.03845
    -1.06433
    -1.07995
    -1.08518
    -1.07995
    -1.06433
    -1.03845
    -1.00257
    -0.95704
   -0.902293
   -0.838853
    -0.76734
   -0.688426
   -0.602892
   -0.511553
   -0.415276
   -0.315005
   -0.211707
   -0.106369
  0.00835345
   0.0166267
   0.0247399
   0.0326151
   0.0401765
   0.0473511
   0.0540698
   0.0602681
      0.0625
      0.0625
      0.0625
      0.0625
      0.0625
      0.0625
      0.0625
      0.0625
      0.0625
      0.0625
      0.0625
      0.0625
      0.0625
      0.0625
      0.0625
    0.060275
   0.0540768
   0.0473579
   0.0401829
   0.0326208
   0.0247446
   0.0166301
   0.0083553
   -0.103524
   -0.206045
   -0.306581
   -0.404169
   -0.497871
   -0.586768
   -0.670014
   -0.746817
   -0.816418
   -0.878161
   -0.931444
    -0.97576
    -1.01068
    -1.03587
    -1.05106
    -1.05615
    -1.05106
    -1.03587
    -1.01068
    -0.97576
   -0.931444
   -0.878161
   -0.816418
   -0.746817
   -0.670014
   -0.586768
   -0.497871
   -0.404169
   -0.306581
   -0.206045
   -0.103524
  0.00810259
   0.0161273
   0.0239969
   0.0316356
   0.0389698
   0.0459289
   0.0524458
   0.0584579
      0.0625
      0.0625
      0.0625
      0.0625
      0.0625
      0.0625
      0.0625
      0.0625
      0.0625
      0.0625
      0.0625
      0.0625
      0.0625
      0.0625
      0.0625
    0.058464
   0.0524521
   0.0459351
   0.0389756
   0.0316407
   0.0240012
   0.0161304
  0.00810426
   -0.100717
   -0.200458
   -0.298267
    -0.39321
   -0.484371
   -0.570857
   -0.651846
   -0.726567
    -0.79428
   -0.854349
   -0.906187
   -0.949301
   -0.983271
    -1.00778
    -1.02256
    -1.02752
    -1.02256
    -1.00778
   -0.983271
   -0.949301
   -0.906187
   -0.854349
    -0.79428
   -0.726567
   -0.651846
   -0.570857
   -0.484371
    -0.39321
   -0.298267
   -0.200458
   -0.100717
  0.00785543
   0.0156354
   0.0232649
   0.0306705
   0.0377809
   0.0445276
   0.0508456
   0.0566741
    0.061957
      0.0625
      0.0625
      0.0625
      0.0625
      0.0625
      0.0625
      0.0625
      0.0625
      0.0625
      0.0625
      0.0625
      0.0625
      0.0625
   0.0619623
   0.0566798
   0.0508513
   0.0445331
   0.0377861
   0.0306751
   0.0232686
   0.0156381
  0.00785692
  -0.0979476
   -0.194946
   -0.290066
   -0.382398
   -0.471052
    -0.55516
   -0.633922
   -0.706588
   -0.772439
   -0.830856
   -0.881269
   -0.923198
   -0.956234
   -0.980066
   -0.994445
   -0.999262
   -0.994445
   -0.980066
   -0.956234
   -0.923198
   -0.881269
   -0.830856
   -0.772439
   -0.706588
   -0.633922
    -0.55516
   -0.471052
   -0.382398
   -0.290066
   -0.194946
  -0.0979476
  0.00761195
   0.0151507
   0.0225437
   0.0297197
   0.0366097
   0.0431472
   0.0492694
   0.0549172
   0.0600362
      0.0625
      0.0625
      0.0625
      0.0625
      0.0625
      0.0625
      0.0625
      0.0625
      0.0625
      0.0625
      0.0625
      0.0625
      0.0625
    0.060041
   0.0549223
   0.0492746
   0.0431523
   0.0366144
   0.0297239
   0.0225472
   0.0151532
  0.00761329
  -0.0952158
   -0.189509
   -0.281976
   -0.371732
   -0.457914
   -0.539676
   -0.616241
   -0.686881
   -0.750896
   -0.807683
    -0.85669
    -0.89745
   -0.929564
   -0.952732
    -0.96671
   -0.971392
    -0.96671
   -0.952732
   -0.929564
    -0.89745
    -0.85669
   -0.807683
   -0.750896
   -0.686881
   -0.616241
   -0.539676
   -0.457914
   -0.371732
   -0.281976
   -0.189509
  -0.0952158
  0.00737218
   0.0146735
   0.0218336
   0.0287836
   0.0354565
   0.0417881
   0.0477174
   0.0531872
   0.0581449
      0.0625
      0.0625
      0.0625
      0.0625
      0.0625
      0.0625
      0.0625
      0.0625
      0.0625
      0.0625
      0.0625
      0.0625
      0.0625
   0.0581492
   0.0531917
    0.047722
   0.0417926
   0.0354608
   0.0287873
   0.0218367
   0.0146757
   0.0073734
  -0.0925217
   -0.184147
   -0.273997
   -0.361214
   -0.444958
   -0.524406
   -0.598805
   -0.667446
   -0.729649
    -0.78483
    -0.83245
   -0.872056
   -0.903262
   -0.925774
   -0.939357
   -0.943907
   -0.939357
   -0.925774
   -0.903262
   -0.872056
    -0.83245
    -0.78483
   -0.729649
   -0.667446
   -0.598805
   -0.524406
   -0.444958
   -0.361214
   -0.273997
   -0.184147
  -0.0925217
  0.00713617
   0.0142037
   0.0211346
   0.0278621
   0.0343214
   0.0404502
   0.0461895
   0.0514841
    0.056283
     0.06054
      0.0625
      0.0625
      0.0625
      0.0625
      0.0625
      0.0625
      0.0625
      0.0625
      0.0625
      0.0625
      0.0625
   0.0605435
   0.0562869
   0.0514882
   0.0461937
   0.0404542
   0.0343251
   0.0278654
   0.0211374
   0.0142057
  0.00713727
  -0.0898653
    -0.17886
    -0.26613
   -0.350843
   -0.432182
    -0.50935
   -0.581612
   -0.648283
     -0.7087
   -0.762296
   -0.808549
   -0.847019
   -0.877328
   -0.899194
   -0.912387
   -0.916806
   -0.912387
   -0.899194
   -0.877328
   -0.847019
   -0.808549
   -0.762296
     -0.7087
   -0.648283
   -0.581612
    -0.50935
   -0.432182
   -0.350843
    -0.26613
    -0.17886
  -0.0898653
  0.00690394
   0.0137415
   0.0204468
   0.0269553
   0.0332043
   0.0391336
   0.0446861
   0.0498084
    0.054451
   0.0585692
   0.0621235
      0.0625
      0.0625
      0.0625
      0.0625
      0.0625
      0.0625
      0.0625
      0.0625
      0.0625
   0.0621263
   0.0585724
   0.0544544
    0.049812
   0.0446898
   0.0391372
   0.0332077
   0.0269583
   0.0204493
   0.0137433
  0.00690492
  -0.0872465
   -0.173648
   -0.258375
   -0.340619
   -0.419588
   -0.494507
   -0.564664
   -0.629391
   -0.688048
   -0.740083
   -0.784988
   -0.822336
   -0.851762
   -0.872991
   -0.885799
   -0.890089
   -0.885799
   -0.872991
   -0.851762
   -0.822336
   -0.784988
   -0.740083
   -0.688048
   -0.629391
   -0.564664
   -0.494507
   -0.419588
   -0.340619
   -0.258375
   -0.173648
  -0.0872465
  0.00667548
   0.0132868
   0.0197702
   0.0260633
   0.0321055
   0.0378385
   0.0432072
   0.0481599
   0.0526489
   0.0566308
   0.0600673
      0.0625
      0.0625
      0.0625
      0.0625
      0.0625
      0.0625
      0.0625
      0.0625
      0.0625
   0.0600697
   0.0566335
   0.0526519
   0.0481631
   0.0432105
   0.0378417
   0.0321084
   0.0260659
   0.0197724
   0.0132884
  0.00667634
  -0.0846655
    -0.16851
   -0.250731
   -0.330543
   -0.407175
   -0.479878
   -0.547959
   -0.610771
   -0.667693
   -0.718188
   -0.761765
   -0.798008
   -0.826564
   -0.847164
   -0.859594
   -0.863757
   -0.859594
   -0.847164
   -0.826564
   -0.798008
   -0.761765
   -0.718188
   -0.667693
   -0.610771
   -0.547959
   -0.479878
   -0.407175
   -0.330543
   -0.250731
    -0.16851
  -0.0846655
  0.00645081
   0.0128396
   0.0191048
   0.0251861
   0.0310248
   0.0365649
   0.0417529
   0.0465388
   0.0508765
   0.0547244
   0.0580452
    0.060807
      0.0625
      0.0625
      0.0625
      0.0625
      0.0625
      0.0625
      0.0625
   0.0608087
   0.0580473
   0.0547269
   0.0508792
   0.0465416
   0.0417557
   0.0365677
   0.0310274
   0.0251883
   0.0191067
    0.012841
  0.00645156
  -0.0821221
   -0.163448
   -0.243199
   -0.320613
   -0.394943
   -0.465462
   -0.531498
   -0.592423
   -0.647635
   -0.696613
   -0.738881
   -0.774035
   -0.801733
   -0.821715
   -0.833771
   -0.837809
   -0.833771
   -0.821715
   -0.801733
   -0.774035
   -0.738881
   -0.696613
   -0.647635
   -0.592423
   -0.531498
   -0.465462
   -0.394943
   -0.320613
   -0.243199
   -0.163448
  -0.0821221
  0.00622995
      0.0124
   0.0184506
   0.0243237
   0.0299625
   0.0353128
   0.0403231
   0.0449451
   0.0491343
   0.0528502
   0.0560572
   0.0587244
   0.0608261
   0.0623419
      0.0625
      0.0625
      0.0625
   0.0623428
   0.0608273
   0.0587261
   0.0560592
   0.0528524
   0.0491365
   0.0449474
   0.0403255
   0.0353152
   0.0299647
   0.0243256
   0.0184522
   0.0124011
  0.00623058
  -0.0796164
   -0.158461
   -0.235779
    -0.31083
   -0.382893
    -0.45126
   -0.515281
   -0.574347
   -0.627874
   -0.675358
   -0.716336
   -0.750418
   -0.777271
   -0.796643
   -0.808331
   -0.812246
   -0.808331
   -0.796643
   -0.777271
   -0.750418
   -0.716336
   -0.675358
   -0.627874
   -0.574347
   -0.515281
    -0.45126
   -0.382893
    -0.31083
   -0.235779
   -0.158461
  -0.0796164
  0.00601288
   0.0119679
   0.0178077
   0.0234761
   0.0289184
   0.0340823
    0.038918
   0.0433788
    0.047422
   0.0510085
   0.0541037
   0.0566779
   0.0587063
   0.0601693
   0.0610529
   0.0613485
   0.0610533
     0.06017
   0.0587073
   0.0566791
   0.0541052
   0.0510101
   0.0474239
   0.0433808
   0.0389199
   0.0340842
   0.0289202
   0.0234777
    0.017809
   0.0119689
   0.0060134
  -0.0771483
   -0.153549
    -0.22847
   -0.301195
   -0.371024
   -0.437271
   -0.499308
   -0.556543
   -0.608411
   -0.654423
    -0.69413
   -0.727156
   -0.753176
   -0.771948
   -0.783274
   -0.787067
   -0.783274
   -0.771948
   -0.753176
   -0.727156
    -0.69413
   -0.654423
   -0.608411
   -0.556543
   -0.499308
   -0.437271
   -0.371024
   -0.301195
    -0.22847
   -0.153549
  -0.0771483
  0.00579961
   0.0115434
   0.0171761
   0.0226434
   0.0278927
   0.0328733
   0.0375375
   0.0418401
   0.0457398
    0.049199
   0.0521844
   0.0546672
   0.0566236
   0.0580346
   0.0588868
   0.0591718
    0.058887
   0.0580351
   0.0566243
   0.0546682
   0.0521856
   0.0492004
   0.0457412
   0.0418416
    0.037539
   0.0328748
   0.0278941
   0.0226446
   0.0171771
   0.0115442
  0.00580002
   -0.074718
   -0.148712
   -0.221273
   -0.291707
   -0.359335
   -0.423496
   -0.483578
   -0.539011
   -0.589244
   -0.633807
   -0.672264
   -0.704249
   -0.729449
   -0.747629
   -0.758599
   -0.762273
   -0.758599
   -0.747629
   -0.729449
   -0.704249
   -0.672264
   -0.633807
   -0.589244
   -0.539011
   -0.483578
   -0.423496
   -0.359335
   -0.291707
   -0.221273
   -0.148712
   -0.074718
  0.00559014
   0.0111265
   0.0165557
   0.0218255
   0.0268852
    0.031686
   0.0361816
   0.0403287
   0.0440875
   0.0474217
   0.0502991
   0.0526923
   0.0545779
    0.055938
   0.0567594
   0.0570341
   0.0567596
   0.0559385
   0.0545786
   0.0526932
   0.0503002
   0.0474227
   0.0440885
   0.0403298
   0.0361826
    0.031687
   0.0268861
   0.0218264
   0.0165564
    0.011127
  0.00559043
  -0.0723253
    -0.14395
   -0.214187
   -0.282365
   -0.347828
   -0.409934
   -0.468093
    -0.52175
   -0.570375
   -0.613511
   -0.650736
   -0.681697
    -0.70609
   -0.723688
   -0.734306
   -0.737863
   -0.734306
   -0.723688
    -0.70609
   -0.681697
   -0.650736
   -0.613511
   -0.570375
    -0.52175
   -0.468093
   -0.409934
   -0.347828
   -0.282365
   -0.214187
    -0.14395
  -0.0723253
  0.00538447
   0.0107171
   0.0159466
   0.0210225
   0.0258959
     0.03052
   0.0348502
   0.0388447
   0.0424652
   0.0456767
   0.0484483
   0.0507534
   0.0525696
   0.0538796
   0.0546707
   0.0549353
   0.0546708
   0.0538798
   0.0525699
   0.0507537
   0.0484488
   0.0456772
   0.0424657
   0.0388453
   0.0348507
   0.0305206
   0.0258965
    0.021023
    0.015947
   0.0107174
  0.00538465
  -0.0699703
   -0.139262
   -0.207213
   -0.273171
   -0.336503
   -0.396586
   -0.452851
   -0.504761
   -0.551803
   -0.593534
   -0.629547
     -0.6595
   -0.683099
   -0.700124
   -0.710396
   -0.713837
   -0.710396
   -0.700124
   -0.683099
     -0.6595
   -0.629547
   -0.593534
   -0.551803
   -0.504761
   -0.452851
   -0.396586
   -0.336503
   -0.273171
   -0.207213
   -0.139262
  -0.0699703
  0.00518258
   0.0103153
   0.0153486
   0.0202342
   0.0249249
   0.0293756
   0.0335434
   0.0373881
   0.0408728
   0.0439638
   0.0466314
   0.0488499
    0.050598
   0.0518588
   0.0526202
   0.0528748
   0.0526202
   0.0518589
   0.0505982
   0.0488501
   0.0466316
    0.043964
   0.0408729
   0.0373883
   0.0335436
   0.0293758
   0.0249251
   0.0202344
   0.0153488
   0.0103154
  0.00518267
   -0.067653
    -0.13465
    -0.20035
   -0.264124
   -0.325358
   -0.383452
   -0.437853
   -0.488044
   -0.533528
   -0.573877
   -0.608697
   -0.637658
   -0.660476
   -0.676937
   -0.686869
   -0.690196
   -0.686869
   -0.676937
   -0.660476
   -0.637658
   -0.608697
   -0.573877
   -0.533528
   -0.488044
   -0.437853
   -0.383452
   -0.325358
   -0.264124
    -0.20035
    -0.13465
   -0.067653
  0.00498447
  0.00992094
   0.0147619
   0.0194606
    0.023972
   0.0282525
   0.0322609
   0.0359586
   0.0393101
   0.0422829
   0.0448486
   0.0469823
   0.0486636
   0.0498761
   0.0506084
   0.0508533
   0.0506084
   0.0498762
   0.0486636
   0.0469824
   0.0448486
    0.042283
   0.0393101
   0.0359587
   0.0322609
   0.0282525
    0.023972
   0.0194606
   0.0147619
  0.00992093
  0.00498446
  -0.0653734
   -0.130113
   -0.193599
   -0.255224
   -0.314395
   -0.370531
   -0.423099
   -0.471599
    -0.51555
    -0.55454
   -0.588187
   -0.616172
   -0.638221
   -0.654127
   -0.663724
   -0.666939
   -0.663724
   -0.654127
   -0.638221
   -0.616172
   -0.588187
    -0.55454
    -0.51555
   -0.471599
   -0.423099
   -0.370531
   -0.314395
   -0.255224
   -0.193599
   -0.130113
  -0.0653734
  0.00479013
  0.00953413
   0.0141863
   0.0187019
   0.0230374
    0.027151
   0.0310031
   0.0345567
   0.0377774
   0.0406343
   0.0430999
   0.0451504
    0.046766
   0.0479313
    0.048635
   0.0488703
   0.0486349
   0.0479312
   0.0467659
   0.0451501
   0.0430996
   0.0406339
    0.037777
   0.0345562
   0.0310027
   0.0271506
   0.0230371
   0.0187016
   0.0141861
  0.00953398
  0.00479005
  -0.0631314
   -0.125651
    -0.18696
   -0.246471
   -0.303613
   -0.357824
   -0.408589
   -0.455426
    -0.49787
   -0.535522
   -0.568015
    -0.59504
   -0.616333
   -0.631694
   -0.640962
   -0.644067
   -0.640962
   -0.631694
   -0.616333
    -0.59504
   -0.568015
   -0.535522
    -0.49787
   -0.455426
   -0.408589
   -0.357824
   -0.303613
   -0.246471
    -0.18696
   -0.125651
  -0.0631314
   0.0045996
   0.0091549
    0.013622
   0.0179579
   0.0221209
   0.0260708
   0.0297697
   0.0331818
   0.0362744
   0.0390176
   0.0413851
    0.043354
   0.0449054
   0.0460243
      0.0467
   0.0469259
   0.0466999
   0.0460241
   0.0449051
   0.0433536
   0.0413847
   0.0390171
   0.0362738
   0.0331812
    0.029769
   0.0260702
   0.0221203
   0.0179574
   0.0136216
  0.00915457
  0.00459943
  -0.0609271
   -0.121264
   -0.180432
   -0.237866
   -0.293012
    -0.34533
   -0.394323
   -0.439524
   -0.480486
   -0.516824
   -0.548182
   -0.574264
   -0.594813
   -0.609638
   -0.618582
   -0.621579
   -0.618582
   -0.609638
   -0.594813
   -0.574264
   -0.548182
   -0.516824
   -0.480486
   -0.439524
   -0.394323
    -0.34533
   -0.293012
   -0.237866
   -0.180432
   -0.121264
  -0.0609271
  0.00441283
  0.00878315
   0.0130689
   0.0172287
   0.0212226
   0.0250121
   0.0285608
   0.0318344
   0.0348013
   0.0374331
   0.0397044
   0.0415933
   0.0430816
    0.044155
   0.0448032
   0.0450199
   0.0448031
   0.0441547
   0.0430811
   0.0415927
   0.0397036
   0.0374323
   0.0348004
   0.0318334
   0.0285598
   0.0250112
   0.0212218
   0.0172279
   0.0130682
  0.00878268
  0.00441258
  -0.0587605
   -0.116952
   -0.174016
   -0.229407
   -0.282592
    -0.33305
   -0.380301
   -0.423895
     -0.4634
   -0.498445
   -0.528689
   -0.553843
   -0.573662
   -0.587959
   -0.596585
   -0.599475
   -0.596585
   -0.587959
   -0.573662
   -0.553843
   -0.528689
   -0.498445
     -0.4634
   -0.423895
   -0.380301
    -0.33305
   -0.282592
   -0.229407
   -0.174016
   -0.116952
  -0.0587605
  0.00422985
  0.00841895
    0.012527
   0.0165143
   0.0203426
   0.0239749
   0.0273763
   0.0305141
    0.033358
   0.0358806
   0.0380577
   0.0398682
   0.0412949
   0.0423238
    0.042945
   0.0431527
   0.0429448
   0.0423233
   0.0412942
   0.0398675
   0.0380568
   0.0358795
   0.0333568
   0.0305128
   0.0273751
   0.0239737
   0.0203414
   0.0165132
   0.0125261
  0.00841833
  0.00422952
  -0.0566316
   -0.112714
   -0.167711
   -0.221096
   -0.272354
   -0.320984
   -0.366522
   -0.408537
   -0.446611
   -0.480386
   -0.509534
   -0.533777
   -0.552878
   -0.566657
   -0.574971
   -0.577756
   -0.574971
   -0.566657
   -0.552878
   -0.533777
   -0.509534
   -0.480386
   -0.446611
   -0.408537
   -0.366522
   -0.320984
   -0.272354
   -0.221096
   -0.167711
   -0.112714
  -0.0566316
  0.00405063
  0.00806224
   0.0119962
   0.0158146
   0.0194806
    0.022959
   0.0262163
   0.0292211
   0.0319446
   0.0343603
    0.036445
   0.0381788
   0.0395449
   0.0405301
    0.041125
   0.0413239
   0.0411248
   0.0405296
   0.0395442
   0.0381779
   0.0364439
   0.0343589
   0.0319431
   0.0292196
   0.0262148
   0.0229576
   0.0194793
   0.0158134
   0.0119952
  0.00806153
  0.00405026
  -0.0545404
   -0.108552
   -0.161518
   -0.212931
   -0.262297
   -0.309131
   -0.352988
   -0.393451
   -0.430119
   -0.462647
   -0.490719
   -0.514066
   -0.532461
   -0.545732
   -0.553739
   -0.556421
   -0.553739
   -0.545732
   -0.532461
   -0.514066
   -0.490719
   -0.462647
   -0.430119
   -0.393451
   -0.352988
   -0.309131
   -0.262297
   -0.212931
   -0.161518
   -0.108552
  -0.0545404
  0.00387521
  0.00771306
   0.0114766
   0.0151296
   0.0186368
   0.0219646
   0.0250808
   0.0279555
   0.0305608
   0.0328719
   0.0348663
    0.036525
   0.0378319
   0.0387745
   0.0393437
   0.0395339
   0.0393433
   0.0387739
    0.037831
   0.0365239
    0.034865
   0.0328704
   0.0305592
   0.0279538
   0.0250791
   0.0219629
   0.0186353
   0.0151282
   0.0114755
  0.00771224
  0.00387476
  -0.0524868
   -0.104465
   -0.155436
   -0.204914
   -0.252421
   -0.297491
   -0.339697
   -0.378637
   -0.413924
   -0.445228
   -0.472242
   -0.494711
   -0.512413
   -0.525184
    -0.53289
   -0.535471
    -0.53289
   -0.525184
   -0.512413
   -0.494711
   -0.472242
   -0.445228
   -0.413924
   -0.378637
   -0.339697
   -0.297491
   -0.252421
   -0.204914
   -0.155436
   -0.104465
  -0.0524868
  0.00370355
   0.0073714
   0.0109682
   0.0144594
   0.0178113
   0.0209916
   0.0239697
    0.026717
   0.0292069
   0.0314156
   0.0333217
   0.0349069
   0.0361558
   0.0370566
   0.0376004
   0.0377822
   0.0376001
   0.0370559
   0.0361549
   0.0349056
   0.0333202
   0.0314139
   0.0292051
   0.0267151
   0.0239678
   0.0209897
   0.0178095
   0.0144578
   0.0109669
  0.00737047
  0.00370305
  -0.0504709
   -0.100453
   -0.149466
   -0.197044
   -0.242726
   -0.286066
    -0.32665
   -0.364094
   -0.398026
   -0.428128
   -0.454105
    -0.47571
   -0.492733
   -0.505013
   -0.512423
   -0.514905
   -0.512423
   -0.505013
   -0.492733
    -0.47571
   -0.454105
   -0.428128
   -0.398026
   -0.364094
    -0.32665
   -0.286066
   -0.242726
   -0.197044
   -0.149466
   -0.100453
  -0.0504709
  0.00353568
  0.00703726
    0.010471
   0.0138039
   0.0170038
     0.02004
   0.0228831
   0.0255058
   0.0278829
   0.0299913
    0.031811
   0.0333242
   0.0345165
   0.0353764
   0.0358956
   0.0360691
   0.0358953
   0.0353757
   0.0345155
   0.0333229
   0.0318094
   0.0299895
   0.0278808
   0.0255037
    0.022881
   0.0200379
   0.0170019
   0.0138022
   0.0104696
  0.00703623
  0.00353512
  -0.0484928
  -0.0965155
   -0.143608
   -0.189321
   -0.233212
   -0.274853
   -0.313847
   -0.349824
   -0.382426
   -0.411347
   -0.436306
   -0.457065
    -0.47342
   -0.485219
   -0.492338
   -0.494723
   -0.492338
   -0.485219
    -0.47342
   -0.457065
   -0.436306
   -0.411347
   -0.382426
   -0.349824
   -0.313847
   -0.274853
   -0.233212
   -0.189321
   -0.143608
  -0.0965155
  -0.0484928
  0.00337157
  0.00671063
  0.00998501
   0.0131632
   0.0162146
   0.0191098
   0.0218209
   0.0243218
   0.0265885
   0.0285991
   0.0303342
   0.0317772
   0.0329142
   0.0337342
   0.0342293
   0.0343947
   0.0342289
   0.0337333
    0.032913
   0.0317758
   0.0303325
   0.0285971
   0.0265864
   0.0243196
   0.0218186
   0.0191076
   0.0162125
   0.0131613
   0.0099835
  0.00670953
  0.00337098
  -0.0465522
  -0.0926533
   -0.137861
   -0.181745
    -0.22388
   -0.263855
   -0.301288
   -0.335825
   -0.367122
   -0.394887
   -0.418847
   -0.438774
   -0.454476
   -0.465803
   -0.472637
   -0.474926
   -0.472637
   -0.465803
   -0.454476
   -0.438774
   -0.418847
   -0.394887
   -0.367122
   -0.335825
   -0.301288
   -0.263855
    -0.22388
   -0.181745
   -0.137861
  -0.0926533
  -0.0465522
  0.00321123
  0.00639149
  0.00951016
   0.0125372
   0.0154434
   0.0182009
   0.0207831
   0.0231651
   0.0253239
   0.0272389
   0.0288915
   0.0302659
   0.0313487
   0.0321297
   0.0326012
   0.0327587
   0.0326008
   0.0321288
   0.0313475
   0.0302643
   0.0288896
   0.0272368
   0.0253217
   0.0231627
   0.0207807
   0.0181986
   0.0154413
   0.0125353
  0.00950857
  0.00639035
  0.00321061
  -0.0446494
  -0.0888661
   -0.132226
   -0.174316
   -0.214729
   -0.253069
   -0.288973
   -0.322098
   -0.352116
   -0.378746
   -0.401726
    -0.42084
   -0.435899
   -0.446763
   -0.453318
   -0.455513
   -0.453318
   -0.446763
   -0.435899
    -0.42084
   -0.401726
   -0.378746
   -0.352116
   -0.322098
   -0.288973
   -0.253069
   -0.214729
   -0.174316
   -0.132226
  -0.0888661
  -0.0446494
  0.00305467
  0.00607988
  0.00904648
   0.0119259
   0.0146905
   0.0173135
   0.0197697
   0.0220356
   0.0240891
   0.0259107
   0.0274827
     0.02879
   0.0298201
   0.0305629
   0.0310114
   0.0311613
    0.031011
   0.0305621
   0.0298188
   0.0287884
   0.0274808
   0.0259085
   0.0240868
   0.0220331
   0.0197673
   0.0173111
   0.0146882
   0.0119239
  0.00904483
  0.00607868
  0.00305403
  -0.0427842
  -0.0851538
   -0.126703
   -0.167034
   -0.205759
   -0.242498
   -0.276902
   -0.308643
   -0.337407
   -0.362924
   -0.384945
    -0.40326
    -0.41769
     -0.4281
   -0.434381
   -0.436485
   -0.434381
     -0.4281
    -0.41769
    -0.40326
   -0.384945
   -0.362924
   -0.337407
   -0.308643
   -0.276902
   -0.242498
   -0.205759
   -0.167034
   -0.126703
  -0.0851538
  -0.0427842
  0.00290189
  0.00577578
  0.00859399
   0.0113294
   0.0139556
   0.0164475
   0.0187808
   0.0209333
   0.0228841
   0.0246146
   0.0261079
   0.0273498
   0.0283283
    0.029034
     0.02946
   0.0296023
   0.0294596
   0.0290331
   0.0283271
   0.0273482
   0.0261059
   0.0246123
   0.0228817
   0.0209308
   0.0187783
    0.016445
   0.0139533
   0.0113273
   0.0085923
  0.00577455
  0.00290123
  -0.0409568
  -0.0815166
   -0.121291
   -0.159899
    -0.19697
    -0.23214
   -0.265074
   -0.295459
   -0.322995
   -0.347422
   -0.368502
   -0.386035
   -0.399849
   -0.409814
   -0.415827
   -0.417841
   -0.415827
   -0.409814
   -0.399849
   -0.386035
   -0.368502
   -0.347422
   -0.322995
   -0.295459
   -0.265074
    -0.23214
    -0.19697
   -0.159899
   -0.121291
  -0.0815166
  -0.0409568
  0.00275288
   0.0054792
   0.0081527
   0.0107476
    0.013239
   0.0156028
   0.0178164
   0.0198583
   0.0217089
   0.0233505
   0.0247671
   0.0259452
   0.0268734
   0.0275428
    0.027947
    0.028082
   0.0279466
    0.027542
   0.0268722
   0.0259436
   0.0247651
   0.0233482
   0.0217065
   0.0198557
   0.0178138
   0.0156003
   0.0132366
   0.0107455
  0.00815096
  0.00547795
  0.00275221
   -0.039167
  -0.0779543
    -0.11599
   -0.152912
   -0.188363
   -0.221995
    -0.25349
   -0.282548
    -0.30888
    -0.33224
   -0.352399
   -0.369165
   -0.382375
   -0.391905
   -0.397655
   -0.399581
   -0.397655
   -0.391905
   -0.382375
   -0.369165
   -0.352399
    -0.33224
    -0.30888
   -0.282548
    -0.25349
   -0.221995
   -0.188363
   -0.152912
    -0.11599
  -0.0779543
   -0.039167
  0.00260765
  0.00519013
  0.00772258
   0.0101806
   0.0125405
   0.0147796
   0.0168764
   0.0188105
   0.0205635
   0.0221185
   0.0234603
   0.0245763
   0.0254555
   0.0260895
   0.0264723
   0.0266002
   0.0264719
   0.0260887
   0.0254542
   0.0245746
   0.0234583
   0.0221162
   0.0205611
    0.018808
   0.0168738
   0.0147771
   0.0125381
   0.0101785
  0.00772083
  0.00518887
  0.00260697
  -0.0374149
  -0.0744671
   -0.110802
   -0.146071
   -0.179936
   -0.212065
   -0.242151
   -0.269908
   -0.295063
   -0.317377
   -0.336634
   -0.352651
    -0.36527
   -0.374374
   -0.379867
   -0.381706
   -0.379867
   -0.374374
    -0.36527
   -0.352651
   -0.336634
   -0.317377
   -0.295063
   -0.269908
   -0.242151
   -0.212065
   -0.179936
   -0.146071
   -0.110802
  -0.0744671
  -0.0374149
  0.00246619
  0.00490858
  0.00730364
   0.0096283
   0.0118602
   0.0139778
   0.0159608
     0.01779
   0.0194479
   0.0209185
   0.0221875
   0.0232429
   0.0240744
   0.0246741
   0.0250361
    0.025157
   0.0250356
   0.0246732
   0.0240731
   0.0232412
   0.0221855
   0.0209162
   0.0194454
   0.0177874
   0.0159582
   0.0139753
   0.0118578
  0.00962619
  0.00730189
  0.00490731
  0.00246551
  -0.0357004
  -0.0710548
   -0.105725
   -0.139378
   -0.171691
   -0.202347
   -0.231055
   -0.257541
   -0.281542
   -0.302834
   -0.321209
   -0.336492
   -0.348533
   -0.357219
    -0.36246
   -0.364216
    -0.36246
   -0.357219
   -0.348533
   -0.336492
   -0.321209
   -0.302834
   -0.281542
   -0.257541
   -0.231055
   -0.202347
   -0.171691
   -0.139378
   -0.105725
  -0.0710548
  -0.0357004
  0.00232851
  0.00463454
  0.00689588
  0.00909075
    0.011198
   0.0131974
   0.0150697
   0.0167968
   0.0183621
   0.0197505
   0.0209487
   0.0219451
   0.0227302
   0.0232964
   0.0236382
   0.0237524
   0.0236378
   0.0232955
   0.0227289
   0.0219435
   0.0209467
   0.0197483
   0.0183596
   0.0167942
   0.0150671
   0.0131949
   0.0111957
  0.00908866
  0.00689415
  0.00463328
  0.00232783
  -0.0340237
  -0.0677176
   -0.100759
   -0.132832
   -0.163627
   -0.192844
   -0.220203
   -0.245445
   -0.268319
   -0.288611
   -0.306123
   -0.320687
   -0.332163
   -0.340441
   -0.345436
   -0.347109
   -0.345436
   -0.340441
   -0.332163
   -0.320687
   -0.306123
   -0.288611
   -0.268319
   -0.245445
   -0.220203
   -0.192844
   -0.163627
   -0.132832
   -0.100759
  -0.0677176
  -0.0340237
   0.0021946
  0.00436801
   0.0064993
  0.00856794
    0.010554
   0.0124384
    0.014203
   0.0158308
   0.0173061
   0.0186146
   0.0197439
    0.020683
   0.0214229
   0.0219565
   0.0222787
   0.0223863
   0.0222782
   0.0219557
   0.0214217
   0.0206814
    0.019742
   0.0186124
   0.0173037
   0.0158283
   0.0142005
    0.012436
   0.0105517
   0.0085659
  0.00649761
  0.00436678
  0.00219394
  -0.0323846
  -0.0644553
  -0.0959049
   -0.126433
   -0.155745
   -0.183553
   -0.209595
    -0.23362
   -0.255393
   -0.274707
   -0.291375
   -0.305238
   -0.316161
   -0.324041
   -0.328795
   -0.330388
   -0.328795
   -0.324041
   -0.316161
   -0.305238
   -0.291375
   -0.274707
   -0.255393
    -0.23362
   -0.209595
   -0.183553
   -0.155745
   -0.126433
  -0.0959049
  -0.0644553
  -0.0323846
  0.00206447
    0.004109
  0.00611391
  0.00805988
  0.00992821
   0.0117009
   0.0133608
    0.014892
   0.0162798
   0.0175108
   0.0185731
   0.0194565
   0.0201526
   0.0206545
   0.0209575
   0.0210587
   0.0209571
   0.0206537
   0.0201513
    0.019455
   0.0185712
   0.0175087
   0.0162775
   0.0148896
   0.0133584
   0.0116985
  0.00992598
   0.0080579
  0.00611227
  0.00410781
  0.00206383
  -0.0307832
   -0.061268
  -0.0911625
   -0.120181
   -0.148043
   -0.174477
    -0.19923
   -0.222068
   -0.242764
   -0.261123
   -0.276967
   -0.290145
   -0.300527
   -0.308017
   -0.312536
    -0.31405
   -0.312536
   -0.308017
   -0.300527
   -0.290145
   -0.276967
   -0.261123
   -0.242764
   -0.222068
    -0.19923
   -0.174477
   -0.148043
   -0.120181
  -0.0911625
   -0.061268
  -0.0307832
  0.00193811
  0.00385751
   0.0057397
  0.00756658
  0.00932055
   0.0109847
    0.012543
   0.0139806
   0.0152834
    0.016439
   0.0174363
   0.0182657
   0.0189191
   0.0193903
   0.0196748
   0.0197698
   0.0196744
   0.0193895
   0.0189179
   0.0182641
   0.0174345
    0.016437
   0.0152812
   0.0139782
   0.0125407
   0.0109824
   0.0093184
  0.00756468
  0.00573814
  0.00385637
   0.0019375
  -0.0292195
  -0.0581558
  -0.0865316
   -0.114076
   -0.140523
   -0.165614
    -0.18911
   -0.210787
   -0.230432
   -0.247859
   -0.262898
   -0.275406
   -0.285261
   -0.292371
    -0.29666
   -0.298097
    -0.29666
   -0.292371
   -0.285261
   -0.275406
   -0.262898
   -0.247859
   -0.230432
   -0.210787
    -0.18911
   -0.165614
   -0.140523
   -0.114076
  -0.0865316
  -0.0581558
  -0.0292195
  0.00181553
  0.00361354
  0.00537669
  0.00708803
  0.00873106
     0.01029
   0.0117498
   0.0130963
   0.0143168
   0.0153993
   0.0163335
   0.0171104
   0.0177225
   0.0181639
   0.0184304
   0.0185194
     0.01843
   0.0181632
   0.0177214
    0.017109
   0.0163318
   0.0153974
   0.0143147
   0.0130941
   0.0117475
   0.0102878
  0.00872903
  0.00708623
  0.00537521
  0.00361246
  0.00181496
  -0.0276934
  -0.0551185
  -0.0820123
   -0.108118
   -0.133184
   -0.156964
   -0.179233
   -0.199779
   -0.218397
   -0.234914
   -0.249167
   -0.261022
   -0.270363
   -0.277101
   -0.281167
   -0.282528
   -0.281167
   -0.277101
   -0.270363
   -0.261022
   -0.249167
   -0.234914
   -0.218397
   -0.199779
   -0.179233
   -0.156964
   -0.133184
   -0.108118
  -0.0820123
  -0.0551185
  -0.0276934
  0.00169674
  0.00337709
  0.00502488
  0.00662423
  0.00815976
  0.00961666
   0.0109809
   0.0122394
     0.01338
   0.0143917
   0.0152648
   0.0159908
   0.0165629
   0.0169754
   0.0172244
   0.0173076
   0.0172241
   0.0169747
   0.0165618
   0.0159895
   0.0152631
   0.0143898
    0.013378
   0.0122373
   0.0109788
  0.00961461
  0.00815784
  0.00662253
  0.00502348
  0.00337608
  0.00169619
  -0.0262051
  -0.0521562
  -0.0776047
   -0.102307
   -0.126026
   -0.148528
     -0.1696
   -0.189042
    -0.20666
   -0.222289
   -0.235776
   -0.246994
   -0.255832
   -0.262209
   -0.266056
   -0.267344
   -0.266056
   -0.262209
   -0.255832
   -0.246994
   -0.235776
   -0.222289
    -0.20666
   -0.189042
     -0.1696
   -0.148528
   -0.126026
   -0.102307
  -0.0776047
  -0.0521562
  -0.0262051
  0.00158172
  0.00314817
  0.00468426
  0.00617521
  0.00760664
  0.00896479
   0.0102366
   0.0114097
    0.012473
   0.0134161
     0.01423
   0.0149069
   0.0154401
   0.0158247
   0.0160569
   0.0161344
   0.0160565
    0.015824
   0.0154391
   0.0149056
   0.0142285
   0.0134144
   0.0124711
   0.0114078
   0.0102346
  0.00896286
  0.00760483
   0.0061736
  0.00468294
  0.00314721
  0.00158121
  -0.0247544
  -0.0492689
  -0.0733086
  -0.0966437
   -0.119049
   -0.140306
   -0.160212
   -0.178577
   -0.195219
   -0.209983
   -0.222724
   -0.233321
    -0.24167
   -0.247693
   -0.251327
   -0.252544
   -0.251327
   -0.247693
    -0.24167
   -0.233321
   -0.222724
   -0.209983
   -0.195219
   -0.178577
   -0.160212
   -0.140306
   -0.119049
  -0.0966437
  -0.0733086
  -0.0492689
  -0.0247544
  0.00147049
  0.00292678
  0.00435485
  0.00574094
  0.00707172
  0.00833436
   0.0095167
   0.0106074
   0.0115959
   0.0124727
   0.0132293
   0.0138586
   0.0143543
   0.0147118
   0.0149277
   0.0149997
   0.0149273
   0.0147112
   0.0143534
   0.0138573
   0.0132279
    0.012471
   0.0115941
   0.0106055
  0.00951481
  0.00833252
  0.00707001
  0.00573943
   0.0043536
  0.00292588
     0.00147
  -0.0233414
  -0.0464566
  -0.0691241
  -0.0911272
   -0.112254
   -0.132297
   -0.151067
   -0.168383
   -0.184076
   -0.197997
   -0.210011
   -0.220003
   -0.227875
   -0.233555
   -0.236981
   -0.238129
   -0.236981
   -0.233555
   -0.227875
   -0.220003
   -0.210011
   -0.197997
   -0.184076
   -0.168383
   -0.151067
   -0.132297
   -0.112254
  -0.0911272
  -0.0691241
  -0.0464566
  -0.0233414
  0.00136304
  0.00271292
  0.00403663
  0.00532143
  0.00655497
  0.00772534
  0.00882129
  0.00983226
   0.0107485
   0.0115612
   0.0122626
   0.0128459
   0.0133054
   0.0136368
   0.0138369
   0.0139037
   0.0138366
   0.0136362
   0.0133045
   0.0128447
   0.0122612
   0.0115597
   0.0107468
  0.00983051
  0.00881953
  0.00772363
  0.00655337
  0.00532002
  0.00403546
  0.00271207
  0.00136258
  -0.0219661
  -0.0437193
  -0.0650512
  -0.0857578
    -0.10564
   -0.124502
   -0.142166
   -0.158462
    -0.17323
   -0.186331
   -0.197637
    -0.20704
   -0.214448
   -0.219793
   -0.223018
   -0.224098
   -0.223018
   -0.219793
   -0.214448
    -0.20704
   -0.197637
   -0.186331
    -0.17323
   -0.158462
   -0.142166
   -0.124502
    -0.10564
  -0.0857578
  -0.0650512
  -0.0437193
  -0.0219661
  0.00125937
  0.00250657
  0.00372961
  0.00491669
  0.00605641
  0.00713777
  0.00815035
  0.00908442
  0.00993098
   0.0106819
   0.0113299
   0.0118688
   0.0122934
   0.0125996
   0.0127844
   0.0128461
   0.0127841
    0.012599
   0.0122925
   0.0118677
   0.0113286
   0.0106804
  0.00992942
  0.00908278
  0.00814869
  0.00713615
   0.0060549
  0.00491537
  0.00372852
  0.00250578
  0.00125894
  -0.0206285
   -0.041057
  -0.0610898
  -0.0805356
  -0.0992068
   -0.116921
   -0.133508
   -0.148812
   -0.162681
   -0.174984
   -0.185601
   -0.194432
   -0.201389
   -0.206409
   -0.209437
   -0.210451
   -0.209437
   -0.206409
   -0.201389
   -0.194432
   -0.185601
   -0.174984
   -0.162681
   -0.148812
   -0.133508
   -0.116921
  -0.0992068
  -0.0805356
  -0.0610898
   -0.041057
  -0.0206285
  0.00115947
  0.00230775
  0.00343378
   0.0045267
  0.00557601
  0.00657159
  0.00750386
  0.00836384
  0.00914325
  0.00983459
   0.0104312
   0.0109274
   0.0113182
   0.0116001
   0.0117703
   0.0118271
   0.0117701
   0.0115996
   0.0113175
   0.0109264
     0.01043
  0.00983325
  0.00914179
  0.00836232
  0.00750232
  0.00657009
  0.00557461
  0.00452546
  0.00343276
  0.00230701
  0.00115908
  -0.0193285
  -0.0384697
  -0.0572401
  -0.0754604
   -0.092955
   -0.109552
   -0.125095
   -0.139435
   -0.152429
   -0.163957
   -0.173905
   -0.182179
   -0.188698
   -0.193401
   -0.196239
   -0.197189
   -0.196239
   -0.193401
   -0.188698
   -0.182179
   -0.173905
   -0.163957
   -0.152429
   -0.139435
   -0.125095
   -0.109552
   -0.092955
  -0.0754604
  -0.0572401
  -0.0384697
  -0.0193285
  0.00106336
  0.00211645
  0.00314914
  0.00415147
  0.00511379
  0.00602685
  0.00688183
  0.00767052
  0.00838533
  0.00901935
  0.00956652
   0.0100215
     0.01038
   0.0106386
   0.0107946
   0.0108467
   0.0107944
   0.0106381
   0.0103793
   0.0100206
  0.00956542
  0.00901811
  0.00838397
   0.0076691
   0.0068804
  0.00602545
  0.00511249
  0.00415031
  0.00314819
  0.00211577
  0.00106299
  -0.0180662
  -0.0359573
   -0.053502
  -0.0705323
  -0.0868845
   -0.102398
   -0.116925
   -0.130329
   -0.142475
    -0.15325
   -0.162548
   -0.170282
   -0.176375
   -0.180771
   -0.183423
   -0.184312
   -0.183423
   -0.180771
   -0.176375
   -0.170282
   -0.162548
    -0.15325
   -0.142475
   -0.130329
   -0.116925
   -0.102398
  -0.0868845
  -0.0705323
   -0.053502
  -0.0359573
  -0.0180662
 0.000971029
  0.00193268
  0.00287569
  0.00379099
  0.00466974
  0.00550351
  0.00628426
  0.00700447
   0.0076572
  0.00823618
  0.00873582
  0.00915132
  0.00947869
  0.00971476
  0.00985727
  0.00990485
  0.00985704
   0.0097143
  0.00947801
  0.00915046
  0.00873479
  0.00823501
  0.00765593
  0.00700314
  0.00628292
  0.00550221
  0.00466853
   0.0037899
   0.0028748
  0.00193203
 0.000970681
  -0.0168416
    -0.03352
  -0.0498754
  -0.0657514
  -0.0809951
   -0.095457
      -0.109
   -0.121494
   -0.132817
   -0.142862
    -0.15153
   -0.158739
    -0.16442
   -0.168518
    -0.17099
   -0.171818
    -0.17099
   -0.168518
    -0.16442
   -0.158739
    -0.15153
   -0.142862
   -0.132817
   -0.121494
      -0.109
   -0.095457
  -0.0809951
  -0.0657514
  -0.0498754
    -0.03352
  -0.0168416
 0.000882471
  0.00175642
  0.00261343
  0.00344525
  0.00424386
  0.00500159
  0.00571113
  0.00636566
  0.00695886
  0.00748503
  0.00793911
  0.00831671
  0.00861421
  0.00882875
  0.00895827
   0.0090015
  0.00895804
  0.00882833
  0.00861359
   0.0083159
  0.00793814
  0.00748394
  0.00695767
  0.00636442
  0.00570988
  0.00500038
  0.00424273
  0.00344424
   0.0026126
  0.00175582
 0.000882148
  -0.0156547
  -0.0311577
  -0.0463604
  -0.0611175
  -0.0752869
  -0.0887297
   -0.101318
   -0.112932
   -0.123457
   -0.132793
   -0.140851
   -0.147552
   -0.152832
   -0.156641
   -0.158939
   -0.159709
   -0.158939
   -0.156641
   -0.152832
   -0.147552
   -0.140851
   -0.132793
   -0.123457
   -0.112932
   -0.101318
  -0.0887297
  -0.0752869
  -0.0611175
  -0.0463604
  -0.0311577
  -0.0156547
 0.000797692
  0.00158768
  0.00236235
  0.00311426
  0.00383615
  0.00452108
  0.00516245
  0.00575409
   0.0062903
  0.00676592
  0.00717636
  0.00751769
  0.00778662
  0.00798055
  0.00809761
  0.00813669
   0.0080974
  0.00798013
  0.00778602
  0.00751694
  0.00717547
   0.0067649
   0.0062892
  0.00575293
  0.00516128
  0.00451994
  0.00383509
  0.00311331
  0.00236158
  0.00158712
 0.000797389
  -0.0145055
  -0.0288703
   -0.042957
  -0.0566308
    -0.06976
  -0.0822159
    -0.09388
   -0.104641
   -0.114394
   -0.123045
   -0.130511
    -0.13672
   -0.141613
   -0.145142
   -0.147271
   -0.147985
   -0.147271
   -0.145142
   -0.141613
    -0.13672
   -0.130511
   -0.123045
   -0.114394
   -0.104641
    -0.09388
  -0.0822159
    -0.06976
  -0.0566308
   -0.042957
  -0.0288703
  -0.0145055
 0.000716689
  0.00142645
  0.00212246
  0.00279801
  0.00344659
  0.00406197
  0.00463821
  0.00516977
  0.00565153
  0.00607884
  0.00644761
  0.00675426
  0.00699586
  0.00717009
  0.00727526
  0.00731037
  0.00727507
  0.00716972
  0.00699532
  0.00675355
  0.00644675
  0.00607788
  0.00565049
  0.00516869
  0.00463712
  0.00406091
   0.0034456
  0.00279713
  0.00212174
  0.00142593
 0.000716407
  -0.0133939
   -0.026658
  -0.0396652
  -0.0522912
  -0.0644143
  -0.0759157
   -0.086686
  -0.0966228
   -0.105628
   -0.113616
    -0.12051
   -0.126243
   -0.130761
    -0.13402
   -0.135986
   -0.136645
   -0.135986
    -0.13402
   -0.130761
   -0.126243
    -0.12051
   -0.113616
   -0.105628
  -0.0966228
   -0.086686
  -0.0759157
  -0.0644143
  -0.0522912
  -0.0396652
   -0.026658
  -0.0133939
 0.000639464
  0.00127275
  0.00189376
  0.00249651
   0.0030752
  0.00362426
   0.0041384
  0.00461268
  0.00504252
  0.00542378
   0.0057528
  0.00602641
  0.00624198
  0.00639744
  0.00649127
  0.00652259
  0.00649109
  0.00639708
  0.00624146
  0.00602575
  0.00575201
  0.00542288
  0.00504154
  0.00461166
  0.00413738
  0.00362327
  0.00307427
  0.00249569
  0.00189308
  0.00127226
 0.000639199
    -0.01232
  -0.0245207
   -0.036485
  -0.0480986
  -0.0592498
   -0.069829
  -0.0797358
  -0.0888759
  -0.0971588
   -0.104507
   -0.110848
   -0.116121
   -0.120277
   -0.123274
   -0.125083
   -0.125689
   -0.125083
   -0.123274
   -0.120277
   -0.116121
   -0.110848
   -0.104507
  -0.0971588
  -0.0888759
  -0.0797358
   -0.069829
  -0.0592498
  -0.0480986
   -0.036485
  -0.0245207
    -0.01232
 0.000566011
  0.00112655
  0.00167623
  0.00220975
  0.00272197
  0.00320796
  0.00366304
  0.00408283
  0.00446328
  0.00480074
  0.00509196
  0.00533414
  0.00552494
  0.00566253
  0.00574558
  0.00577329
  0.00574541
   0.0056622
  0.00552446
  0.00533352
  0.00509123
  0.00479991
  0.00446238
  0.00408188
  0.00366208
  0.00320702
  0.00272109
  0.00220897
   0.0016756
  0.00112609
 0.000565764
  -0.0112838
  -0.0224583
  -0.0334163
  -0.0440532
  -0.0542665
  -0.0639559
  -0.0730295
  -0.0814008
  -0.0889871
  -0.0957169
   -0.101525
   -0.106355
   -0.110161
   -0.112906
   -0.114563
   -0.115118
   -0.114563
   -0.112906
   -0.110161
   -0.106355
   -0.101525
  -0.0957169
  -0.0889871
  -0.0814008
  -0.0730295
  -0.0639559
  -0.0542665
  -0.0440532
  -0.0334163
  -0.0224583
  -0.0112838
 0.000496334
 0.000987869
  0.00146988
  0.00193771
  0.00238687
  0.00281303
  0.00321208
  0.00358019
  0.00391381
  0.00420972
  0.00446508
  0.00467744
  0.00484474
  0.00496538
  0.00503821
  0.00506251
  0.00503805
  0.00496508
  0.00484429
  0.00467686
  0.00446439
  0.00420894
  0.00391296
   0.0035793
  0.00321119
  0.00281216
  0.00238606
  0.00193699
  0.00146928
 0.000987441
 0.000496103
  -0.0102853
  -0.0204709
  -0.0304593
  -0.0401549
  -0.0494644
  -0.0582964
   -0.066567
  -0.0741976
  -0.0811125
  -0.0872468
  -0.0925405
  -0.0969434
   -0.100412
   -0.102915
   -0.104425
   -0.104931
   -0.104425
   -0.102915
   -0.100412
  -0.0969434
  -0.0925405
  -0.0872468
  -0.0811125
  -0.0741976
   -0.066567
  -0.0582964
  -0.0494644
  -0.0401549
  -0.0304593
  -0.0204709
  -0.0102853
  0.00043043
 0.000856698
   0.0012747
  0.00168041
  0.00206992
  0.00243949
  0.00278555
  0.00310477
  0.00339408
   0.0036507
  0.00387215
   0.0040563
  0.00420138
    0.004306
  0.00436914
  0.00439021
    0.004369
  0.00430571
  0.00420096
  0.00405576
   0.0038715
  0.00364997
  0.00339329
  0.00310394
  0.00278471
  0.00243868
  0.00206916
  0.00167974
  0.00127414
 0.000856296
 0.000430213
 -0.00932448
  -0.0185586
  -0.0276138
  -0.0364037
  -0.0448435
  -0.0528504
  -0.0603484
  -0.0672662
  -0.0735351
  -0.0790963
  -0.0838955
  -0.0878871
  -0.0910321
  -0.0933009
  -0.0946698
  -0.0951283
  -0.0946698
  -0.0933009
  -0.0910321
  -0.0878871
  -0.0838955
  -0.0790963
  -0.0735351
  -0.0672662
  -0.0603484
  -0.0528504
  -0.0448435
  -0.0364037
  -0.0276138
  -0.0185586
 -0.00932448
 0.000368296
  0.00073303
  0.00109069
  0.00143784
  0.00177112
  0.00208733
  0.00238343
  0.00265656
  0.00290411
  0.00312367
  0.00331315
  0.00347071
  0.00359484
  0.00368435
  0.00373838
  0.00375639
  0.00373823
  0.00368408
  0.00359445
   0.0034702
  0.00331254
  0.00312299
  0.00290337
  0.00265579
  0.00238265
  0.00208657
   0.0017704
   0.0014372
  0.00109017
 0.000732655
 0.000368094
 -0.00840132
  -0.0167212
    -0.02488
  -0.0327996
  -0.0404038
   -0.047618
  -0.0543737
  -0.0606066
  -0.0662549
  -0.0712655
  -0.0755896
   -0.079186
  -0.0820195
  -0.0840637
  -0.0852971
  -0.0857102
  -0.0852971
  -0.0840637
  -0.0820195
   -0.079186
  -0.0755896
  -0.0712655
  -0.0662549
  -0.0606066
  -0.0543737
   -0.047618
  -0.0404038
  -0.0327996
    -0.02488
  -0.0167212
 -0.00840132
 0.000309934
  0.00061687
 0.000917851
  0.00120998
  0.00149044
  0.00175654
  0.00200571
  0.00223556
  0.00244386
  0.00262863
  0.00278807
  0.00292065
   0.0030251
  0.00310042
  0.00314588
  0.00316104
  0.00314575
  0.00310017
  0.00302474
  0.00292018
  0.00278751
  0.00262799
  0.00244317
  0.00223483
  0.00200498
  0.00175583
  0.00148978
  0.00120939
 0.000917368
 0.000616519
 0.000309746
 -0.00751584
  -0.0149588
  -0.0222577
  -0.0293426
  -0.0361453
  -0.0425992
  -0.0486429
  -0.0542188
  -0.0592718
  -0.0637543
  -0.0676226
    -0.07084
  -0.0733749
  -0.0752036
   -0.076307
  -0.0766766
   -0.076307
  -0.0752036
  -0.0733749
    -0.07084
  -0.0676226
  -0.0637543
  -0.0592718
  -0.0542188
  -0.0486429
  -0.0425992
  -0.0361453
  -0.0293426
  -0.0222577
  -0.0149588
 -0.00751584
 0.000255341
 0.000508211
 0.000756173
 0.000996841
   0.0012279
  0.00144712
  0.00165239
  0.00184174
  0.00201335
  0.00216555
   0.0022969
  0.00240612
  0.00249216
  0.00255421
  0.00259165
  0.00260413
  0.00259153
  0.00255397
  0.00249182
  0.00240568
  0.00229638
  0.00216496
   0.0020127
  0.00184107
  0.00165171
  0.00144645
  0.00122728
  0.00099629
  0.00075572
 0.000507883
 0.000255165
 -0.00666804
  -0.0132715
   -0.019747
  -0.0260327
  -0.0320681
   -0.037794
  -0.0431559
  -0.0481028
  -0.0525858
  -0.0565627
  -0.0599947
  -0.0628491
  -0.0650981
  -0.0667205
  -0.0676995
  -0.0680273
  -0.0676995
  -0.0667205
  -0.0650981
  -0.0628491
  -0.0599947
  -0.0565627
  -0.0525858
  -0.0481028
  -0.0431559
   -0.037794
  -0.0320681
  -0.0260327
   -0.019747
  -0.0132715
 -0.00666804
 0.000204516
  0.00040705
 0.000605652
  0.00079841
 0.000983469
  0.00115905
  0.00132345
   0.0014751
  0.00161254
  0.00173444
  0.00183963
   0.0019271
    0.001996
  0.00204568
  0.00207566
  0.00208565
  0.00207555
  0.00204547
  0.00199568
  0.00192669
  0.00183914
  0.00173388
  0.00161193
  0.00147447
  0.00132281
  0.00115842
 0.000982889
 0.000797896
  0.00060523
 0.000406744
 0.000204351
 -0.00585792
  -0.0116591
  -0.0173479
  -0.0228699
  -0.0281721
  -0.0332023
  -0.0379127
  -0.0422587
   -0.046197
  -0.0496907
  -0.0527058
  -0.0552134
  -0.0571891
  -0.0586145
  -0.0594745
  -0.0597625
  -0.0594745
  -0.0586145
  -0.0571891
  -0.0552134
  -0.0527058
  -0.0496907
   -0.046197
  -0.0422587
  -0.0379127
  -0.0332023
  -0.0281721
  -0.0228699
  -0.0173479
  -0.0116591
 -0.00585792
 0.000157456
 0.000313383
 0.000466282
  0.00061468
 0.000757149
 0.000892315
  0.00101888
  0.00113562
  0.00124142
  0.00133526
  0.00141623
  0.00148356
   0.0015366
  0.00157484
  0.00159791
  0.00160559
   0.0015978
  0.00157463
   0.0015363
  0.00148318
  0.00141577
  0.00133474
  0.00124086
  0.00113503
  0.00101828
 0.000891735
 0.000756606
   0.0006142
 0.000465888
 0.000313098
 0.000157302
 -0.00508548
  -0.0101217
  -0.0150603
  -0.0198542
  -0.0244572
  -0.0288241
  -0.0329135
  -0.0366864
  -0.0401054
  -0.0431384
  -0.0457559
  -0.0479328
  -0.0496481
  -0.0508854
   -0.051632
  -0.0518821
   -0.051632
  -0.0508854
  -0.0496481
  -0.0479328
  -0.0457559
  -0.0431384
  -0.0401054
  -0.0366864
  -0.0329135
  -0.0288241
  -0.0244572
  -0.0198542
  -0.0150603
  -0.0101217
 -0.00508548
 0.000114159
 0.000227207
 0.000338057
 0.000445642
 0.000548925
 0.000646913
 0.000738663
 0.000823291
 0.000899984
 0.000968003
  0.00102669
  0.00107549
  0.00111393
  0.00114164
  0.00115835
  0.00116391
  0.00115826
  0.00114145
  0.00111365
  0.00107513
  0.00102626
 0.000967517
 0.000899457
  0.00082274
 0.000738106
 0.000646371
 0.000548419
 0.000445194
 0.000337689
  0.00022694
 0.000114015
 -0.00435073
 -0.00865928
  -0.0128844
  -0.0169857
  -0.0209236
  -0.0246596
  -0.0281581
  -0.0313859
  -0.0343109
  -0.0369057
   -0.039145
  -0.0410074
  -0.0424748
  -0.0435334
  -0.0441722
  -0.0443861
  -0.0441722
  -0.0435334
  -0.0424748
  -0.0410074
   -0.039145
  -0.0369057
  -0.0343109
  -0.0313859
  -0.0281581
  -0.0246596
  -0.0209236
  -0.0169857
  -0.0128844
 -0.00865928
 -0.00435073
  7.4622e-05
 0.000148515
 0.000220969
 0.000291285
 0.000358788
 0.000422826
 0.000482785
 0.000538087
 0.000588201
 0.000632644
  0.00067099
 0.000702869
 0.000727976
 0.000746071
 0.000756978
 0.000760595
 0.000756888
 0.000745892
 0.000727715
 0.000702533
 0.000670588
  0.00063219
 0.000587708
 0.000537572
 0.000482265
  0.00042232
 0.000358315
 0.000290867
 0.000220625
 0.000148266
 7.44878e-05
 -0.00365365
 -0.00727188
    -0.01082
  -0.0142642
  -0.0175712
  -0.0207086
  -0.0236466
  -0.0263572
  -0.0288136
  -0.0309926
  -0.0328731
  -0.0344372
  -0.0356695
  -0.0365585
  -0.0370948
  -0.0372745
  -0.0370948
  -0.0365585
  -0.0356695
  -0.0344372
  -0.0328731
  -0.0309926
  -0.0288136
  -0.0263572
  -0.0236466
  -0.0207086
  -0.0175712
  -0.0142642
    -0.01082
 -0.00727188
 -0.00365365
 3.88431e-05
 7.73029e-05
 0.000115009
 0.000151599
 0.000186721
 0.000220037
 0.000251227
  0.00027999
 0.000306051
 0.000329159
 0.000349093
 0.000365661
 0.000378705
 0.000388099
 0.000393754
 0.000395616
 0.000393669
 0.000387932
  0.00037846
 0.000365347
 0.000348718
 0.000328735
 0.000305591
 0.000279509
 0.000250741
 0.000219565
  0.00018628
 0.000151208
 0.000114688
 7.70702e-05
 3.87179e-05
 -0.00299425
 -0.00595948
 -0.00886728
  -0.0116898
     -0.0144
  -0.0169712
  -0.0193789
  -0.0216003
  -0.0236134
  -0.0253992
  -0.0269403
  -0.0282221
   -0.029232
  -0.0299605
  -0.0304001
  -0.0305473
  -0.0304001
  -0.0299605
   -0.029232
  -0.0282221
  -0.0269403
  -0.0253992
  -0.0236134
  -0.0216003
  -0.0193789
  -0.0169712
     -0.0144
  -0.0116898
 -0.00886728
 -0.00595948
 -0.00299425
  6.8186e-06
 1.35629e-05
 2.01682e-05
 2.65712e-05
 3.27108e-05
 3.85279e-05
 4.39673e-05
 4.89771e-05
 5.35094e-05
 5.75216e-05
 6.09755e-05
 6.38386e-05
 6.60841e-05
 6.76912e-05
  6.8645e-05
 6.89373e-05
  6.8566e-05
 6.75355e-05
 6.58563e-05
 6.35453e-05
 6.06255e-05
 5.71256e-05
 5.30799e-05
 4.85279e-05
 4.35139e-05
 3.80867e-05
 3.22989e-05
 2.62064e-05
 1.98683e-05
 1.33458e-05
 6.70171e-06
 -0.00237253
 -0.00472206
  -0.0070261
  -0.0092626
    -0.01141
  -0.0134473
  -0.0153551
  -0.0171153
  -0.0187104
  -0.0201254
  -0.0213465
  -0.0223621
  -0.0231623
  -0.0237396
  -0.0240879
  -0.0242045
  -0.0240879
  -0.0237396
  -0.0231623
  -0.0223621
  -0.0213465
  -0.0201254
  -0.0187104
  -0.0171153
  -0.0153551
  -0.0134473
    -0.01141
  -0.0092626
  -0.0070261
 -0.00472206
 -0.00237253
-2.14552e-05
-4.27119e-05
-6.35651e-05
-8.38135e-05
-0.000103262
-0.000121723
-0.000139018
-0.000154979
-0.000169454
-0.000182301
-0.000193397
-0.000202633
-0.000209921
-0.000215188
-0.000218385
-0.000219479
-0.000218459
-0.000215333
-0.000210133
-0.000202907
-0.000193723
-0.000182671
-0.000169855
-0.000155398
 -0.00013944
-0.000122134
-0.000103646
-8.41538e-05
-6.38447e-05
-4.29144e-05
-2.15642e-05
 -0.00178849
 -0.00355965
  -0.0052965
 -0.00698245
 -0.00860125
   -0.010137
  -0.0115752
  -0.0129021
  -0.0141045
  -0.0151712
  -0.0160917
  -0.0168573
  -0.0174605
  -0.0178957
  -0.0181582
  -0.0182462
  -0.0181582
  -0.0178957
  -0.0174605
  -0.0168573
  -0.0160917
  -0.0151712
  -0.0141045
  -0.0129021
  -0.0115752
   -0.010137
 -0.00860125
 -0.00698245
  -0.0052965
 -0.00355965
 -0.00178849
-4.59826e-05
-9.15299e-05
-0.000136203
-0.000179571
-0.000221217
-0.000260739
-0.000297755
-0.000331909
-0.000362872
-0.000390344
 -0.00041406
-0.000433793
 -0.00044935
-0.000460581
-0.000467378
-0.000469674
-0.000467447
-0.000460716
-0.000449548
-0.000434048
-0.000414365
-0.000390688
-0.000363245
-0.000332299
-0.000298149
-0.000261122
-0.000221574
-0.000179888
-0.000136463
-9.17184e-05
-4.60841e-05
 -0.00124213
 -0.00247223
  -0.0036785
 -0.00484941
 -0.00597369
 -0.00704031
 -0.00803914
 -0.00896066
 -0.00979576
  -0.0105366
  -0.0111759
  -0.0117076
  -0.0121266
  -0.0124288
  -0.0126112
  -0.0126722
  -0.0126112
  -0.0124288
  -0.0121266
  -0.0117076
  -0.0111759
  -0.0105366
 -0.00979576
 -0.00896066
 -0.00803914
 -0.00704031
 -0.00597369
 -0.00484941
  -0.0036785
 -0.00247223
 -0.00124213
-6.67682e-05
  -0.0001329
-0.000197759
 -0.00026072
-0.000321177
-0.000378546
-0.000432275
-0.000481846
 -0.00052678
-0.000566647
-0.000601059
-0.000629685
-0.000652249
-0.000668534
-0.000678382
-0.000681696
-0.000678445
 -0.00066866
-0.000652433
-0.000629922
-0.000601341
-0.000566966
-0.000527127
-0.000482208
 -0.00043264
-0.000378902
-0.000321509
-0.000261015
-0.000198001
-0.000133075
-6.68625e-05
-0.000733453
  -0.0014598
 -0.00217207
 -0.00286348
 -0.00352734
 -0.00415716
 -0.00474694
 -0.00529108
 -0.00578419
 -0.00622163
 -0.00659913
 -0.00691311
 -0.00716048
 -0.00733895
 -0.00744662
 -0.00748269
 -0.00744662
 -0.00733895
 -0.00716048
 -0.00691311
 -0.00659913
 -0.00622163
 -0.00578419
 -0.00529108
 -0.00474694
 -0.00415716
 -0.00352734
 -0.00286348
 -0.00217207
  -0.0014598
-0.000733453
-8.38172e-05
-0.000166834
 -0.00024825
-0.000327281
-0.000403166
-0.000475174
-0.000542611
-0.000604826
-0.000661222
-0.000711252
-0.000754437
-0.000790357
 -0.00081867
-0.000839099
-0.000851447
-0.000855597
-0.000851507
-0.000839215
-0.000818841
-0.000790577
-0.000754698
-0.000711548
-0.000661543
-0.000605162
-0.000542949
-0.000475504
-0.000403474
-0.000327553
-0.000248473
-0.000166996
-8.39045e-05
-0.000262454
-0.000522365
-0.000777241
 -0.00102465
  -0.0012622
 -0.00148757
 -0.00169862
 -0.00189333
 -0.00206978
 -0.00222631
 -0.00236139
 -0.00247374
 -0.00256226
 -0.00262612
 -0.00266465
 -0.00267756
 -0.00266465
 -0.00262612
 -0.00256226
 -0.00247374
 -0.00236139
 -0.00222631
 -0.00206978
 -0.00189333
 -0.00169862
 -0.00148757
  -0.0012622
 -0.00102465
-0.000777241
-0.000522365
-0.000262454
-9.71356e-05
-0.000193342
-0.000287691
-0.000379276
-0.000467214
-0.000550656
-0.000628801
-0.000700894
 -0.00076624
-0.000824211
-0.000874248
-0.000915868
-0.000948668
-0.000972335
-0.000986638
-0.000991439
-0.000986691
-0.000972442
-0.000948825
 -0.00091607
-0.000874489
-0.000824484
-0.000766537
-0.000701203
-0.000629113
 -0.00055096
-0.000467497
-0.000379527
-0.000287898
-0.000193491
-9.72159e-05
 0.000170865
 0.000340074
 0.000506006
 0.000667074
 0.000821728
  0.00096845
  0.00110585
  0.00123261
  0.00134748
  0.00144939
  0.00153733
  0.00161047
   0.0016681
  0.00170968
  0.00173476
  0.00174316
  0.00173476
  0.00170968
   0.0016681
  0.00161047
  0.00153733
  0.00144939
  0.00134748
  0.00123261
  0.00110585
  0.00096845
 0.000821728
 0.000667074
 0.000506006
 0.000340074
 0.000170865
 -0.00010673
-0.000212437
-0.000316104
-0.000416731
 -0.00051335
 -0.00060503
-0.000690888
-0.000770095
-0.000841889
 -0.00090558
-0.000960552
 -0.00100627
 -0.00104231
 -0.00106831
 -0.00108401
 -0.00108928
 -0.00108407
  -0.0010684
 -0.00104245
 -0.00100646
-0.000960772
 -0.00090583
-0.000842161
-0.000770378
-0.000691173
-0.000605308
 -0.00051361
-0.000416961
-0.000316292
-0.000212573
-0.000106803
 0.000566504
  0.00112752
  0.00167767
  0.00221169
  0.00272444
   0.0032109
  0.00366644
  0.00408672
  0.00446759
  0.00480546
  0.00509703
  0.00533954
  0.00553061
  0.00566845
  0.00575162
  0.00577947
  0.00575162
  0.00566845
  0.00553061
  0.00533954
  0.00509703
  0.00480546
  0.00446759
  0.00408672
  0.00366644
   0.0032109
  0.00272444
  0.00221169
  0.00167767
  0.00112752
 0.000566504
-0.000112607
-0.000224135
-0.000333509
-0.000439676
-0.000541613
-0.000638337
-0.000728919
-0.000812483
-0.000888227
 -0.00095542
 -0.00101341
 -0.00106165
 -0.00109966
 -0.00112709
 -0.00114366
 -0.00114921
  -0.0011437
 -0.00112717
 -0.00109979
 -0.00106182
 -0.00101361
-0.000955646
-0.000888473
 -0.00081274
-0.000729177
-0.000638589
-0.000541847
-0.000439883
-0.000333679
-0.000224258
-0.000112674
 0.000924463
  0.00183997
  0.00273774
   0.0036092
  0.00444595
  0.00523979
  0.00598317
  0.00666902
  0.00729055
   0.0078419
  0.00831772
  0.00871346
  0.00902526
   0.0092502
  0.00938592
  0.00943137
  0.00938592
   0.0092502
  0.00902526
  0.00871346
  0.00831772
   0.0078419
  0.00729055
  0.00666902
  0.00598317
  0.00523979
  0.00444595
   0.0036092
  0.00273774
  0.00183997
 0.000924463
-0.000114776
-0.000228452
-0.000339932
-0.000448142
-0.000552039
-0.000650625
-0.000742948
-0.000828119
-0.000905317
  -0.0009738
 -0.00103291
 -0.00108207
 -0.00112081
 -0.00114876
 -0.00116564
  -0.0011713
 -0.00116568
 -0.00114884
 -0.00112092
 -0.00108222
 -0.00103308
-0.000974001
-0.000905536
-0.000828347
-0.000743178
-0.000650848
-0.000552248
-0.000448326
-0.000340084
-0.000228562
-0.000114836
  0.00124474
  0.00247742
  0.00368623
   0.0048596
  0.00598624
  0.00705511
  0.00805603
  0.00897949
  0.00981635
   0.0105587
   0.0111994
   0.0117322
   0.0121521
   0.0124549
   0.0126377
   0.0126989
   0.0126377
   0.0124549
   0.0121521
   0.0117322
   0.0111994
   0.0105587
  0.00981635
  0.00897949
  0.00805603
  0.00705511
  0.00598624
   0.0048596
  0.00368623
  0.00247742
  0.00124474
-0.000113246
-0.000225405
-0.000335398
-0.000442164
-0.000544675
-0.000641943
-0.000733033
-0.000817065
-0.000893231
-0.000960799
 -0.00101911
 -0.00106762
 -0.00110584
 -0.00113341
 -0.00115007
 -0.00115565
  -0.0011501
 -0.00113348
 -0.00110594
 -0.00106775
 -0.00101927
-0.000960975
-0.000893424
-0.000817267
-0.000733236
-0.000642141
-0.000544858
-0.000442326
-0.000335531
-0.000225502
-0.000113298
  0.00152734
  0.00303988
  0.00452313
   0.0059629
  0.00734533
  0.00865686
  0.00988503
   0.0110181
    0.012045
   0.0129559
    0.013742
   0.0143958
    0.014911
   0.0152826
   0.0155068
   0.0155819
   0.0155068
   0.0152826
    0.014911
   0.0143958
    0.013742
   0.0129559
    0.012045
   0.0110181
  0.00988503
  0.00865686
  0.00734533
   0.0059629
  0.00452313
  0.00303988
  0.00152734
-0.000108027
-0.000215016
-0.000319938
-0.000421782
-0.000519568
-0.000612352
-0.000699241
-0.000779399
-0.000852053
-0.000916503
-0.000972128
 -0.00101839
 -0.00105485
 -0.00108115
 -0.00109704
 -0.00110236
 -0.00109707
 -0.00108121
 -0.00105494
 -0.00101851
-0.000972263
-0.000916656
-0.000852218
-0.000779572
-0.000699416
-0.000612521
-0.000519726
-0.000421923
-0.000320054
  -0.0002151
-0.000108072
  0.00177226
  0.00352735
  0.00524844
  0.00691909
   0.0085232
    0.010045
   0.0114702
    0.012785
   0.0139765
   0.0150335
   0.0159457
   0.0167043
   0.0173021
   0.0177333
   0.0179935
   0.0180806
   0.0179935
   0.0177333
   0.0173021
   0.0167043
   0.0159457
   0.0150335
   0.0139765
    0.012785
   0.0114702
    0.010045
   0.0085232
  0.00691909
  0.00524844
  0.00352735
  0.00177226
-9.91299e-05
-0.000197308
-0.000293589
-0.000387045
-0.000476775
-0.000561917
-0.000641649
-0.000715203
-0.000781872
-0.000841012
-0.000892055
-0.000934508
 -0.00096796
-0.000992092
 -0.00100667
 -0.00101155
  -0.0010067
-0.000992143
-0.000968035
-0.000934601
-0.000892167
 -0.00084114
-0.000782009
-0.000715348
-0.000641795
-0.000562059
-0.000476908
-0.000387162
-0.000293685
-0.000197378
-9.91677e-05
   0.0019795
  0.00393982
  0.00586217
  0.00772817
  0.00951986
   0.0112197
   0.0128114
     0.01428
   0.0156108
   0.0167914
   0.0178103
   0.0186576
   0.0193253
   0.0198069
   0.0200975
   0.0201949
   0.0200975
   0.0198069
   0.0193253
   0.0186576
   0.0178103
   0.0167914
   0.0156108
     0.01428
   0.0128114
   0.0112197
  0.00951986
  0.00772817
  0.00586217
  0.00393982
   0.0019795
-8.65688e-05
-0.000172306
-0.000256386
-0.000337999
-0.000416359
-0.000490711
-0.000560339
-0.000624572
-0.000682792
-0.000734437
-0.000779011
-0.000816082
-0.000845296
 -0.00086637
-0.000879099
-0.000883363
-0.000879119
-0.000866408
-0.000845354
-0.000816158
-0.000779101
 -0.00073454
-0.000682903
-0.000624688
-0.000560456
-0.000490825
-0.000416466
-0.000338093
-0.000256464
-0.000172362
 -8.6599e-05
  0.00214906
  0.00427729
  0.00636431
  0.00839015
   0.0103353
   0.0121807
   0.0139088
   0.0155032
    0.016948
   0.0182297
   0.0193358
   0.0202558
   0.0209806
   0.0215035
    0.021819
   0.0219247
    0.021819
   0.0215035
   0.0209806
   0.0202558
   0.0193358
   0.0182297
    0.016948
   0.0155032
   0.0139088
   0.0121807
   0.0103353
  0.00839015
  0.00636431
  0.00427729
  0.00214906
-7.03577e-05
-0.000140039
-0.000208374
-0.000274704
 -0.00033839
-0.000398818
-0.000455407
-0.000507611
-0.000554927
-0.000596901
-0.000633126
-0.000663255
-0.000686997
-0.000704123
-0.000714468
-0.000717933
-0.000714484
-0.000704154
-0.000687041
-0.000663312
-0.000633194
-0.000596977
 -0.00055501
-0.000507698
-0.000455494
-0.000398903
 -0.00033847
-0.000274775
-0.000208432
-0.000140082
-7.03805e-05
  0.00228094
  0.00453977
  0.00675486
  0.00890502
   0.0109696
   0.0129282
   0.0147624
   0.0164546
   0.0179881
   0.0193484
   0.0205224
   0.0214988
   0.0222681
   0.0228231
    0.023158
   0.0232702
    0.023158
   0.0228231
   0.0222681
   0.0214988
   0.0205224
   0.0193484
   0.0179881
   0.0164546
   0.0147624
   0.0129282
   0.0109696
  0.00890502
  0.00675486
  0.00453977
  0.00228094
-5.05135e-05
-0.000100541
-0.000149602
-0.000197223
-0.000242946
 -0.00028633
-0.000326957
-0.000364437
-0.000398407
-0.000428542
-0.000454549
 -0.00047618
-0.000493225
 -0.00050552
-0.000512947
-0.000515434
-0.000512957
 -0.00050554
-0.000493254
-0.000476217
-0.000454594
-0.000428592
-0.000398463
-0.000364495
-0.000327016
-0.000286387
   -0.000243
-0.000197271
-0.000149641
 -0.00010057
-5.05286e-05
  0.00237514
  0.00472726
  0.00703383
  0.00927279
   0.0114226
   0.0134621
    0.015372
   0.0171341
   0.0187309
   0.0201475
     0.02137
   0.0223867
   0.0231878
   0.0237657
   0.0241144
   0.0242312
   0.0241144
   0.0237657
   0.0231878
   0.0223867
     0.02137
   0.0201475
   0.0187309
   0.0171341
    0.015372
   0.0134621
   0.0114226
  0.00927279
  0.00703383
  0.00472726
  0.00237514
-2.70539e-05
-5.38478e-05
-8.01236e-05
-0.000105628
-0.000130116
-0.000153352
-0.000175111
-0.000195184
-0.000213377
-0.000229516
-0.000243445
 -0.00025503
-0.000264159
-0.000270744
-0.000274721
-0.000276053
-0.000274726
-0.000270753
-0.000264173
-0.000255049
-0.000243468
-0.000229542
-0.000213405
-0.000195213
 -0.00017514
 -0.00015338
-0.000130143
-0.000105652
-8.01429e-05
-5.38619e-05
-2.70615e-05
  0.00243166
  0.00483975
  0.00720121
  0.00949345
   0.0116944
   0.0137825
   0.0157378
   0.0175418
   0.0191767
   0.0206269
   0.0218785
   0.0229194
   0.0237396
   0.0243312
   0.0246882
   0.0248078
   0.0246882
   0.0243312
   0.0237396
   0.0229194
   0.0218785
   0.0206269
   0.0191767
   0.0175418
   0.0157378
   0.0137825
   0.0116944
  0.00949345
  0.00720121
  0.00483975
  0.00243166
           0
           0
           0
           0
           0
           0
           0
           0
           0
           0
           0
           0
           0
           0
           0
           0
           0
           0
           0
           0
           0
           0
           0
           0
           0
           0
           0
           0
           0
           0
           0
           0
           0
           0
           0
           0
           0
           0
           0
           0
           0
           0
           0
           0
           0
           0
           0
           0
           0
           0
           0
           0
           0
           0
           0
           0
           0
           0
           0
           0
           0
           0
