-7.8876800000000005
-7.668189999999999
-7.45155
-7.2378100000000005
-7.027
-6.81915
-6.61428
-6.41242
-6.21359
-6.01781
-5.82509
-5.63544
-5.4489
-5.26544
-5.0851
-4.9078800000000005
-4.73375
-4.56273
-4.394819999999999
-4.22999
-4.0682599999999995
-3.90962
-3.7540699999999996
-3.6015900000000003
-3.4522199999999996
-3.30591
-3.1627099999999997
-3.02258
-2.8855299999999997
-2.75158
-2.6207
-2.4929
-2.3681900000000002
-2.2465599999999997
-2.1280200000000002
-2.0125599999999997
-1.90019
-1.7909
-1.6847
-1.58158
-1.48155
-1.3846100000000001
-1.29075
-1.1999799999999998
-1.11229
-1.02769
-0.9461709999999999
-0.8677389999999999
-0.792388
-0.72012
-0.650935
-0.584829
-0.521807
-0.461863
-0.405001
-0.351217
-0.300512
-0.25288299999999997
-0.20833000000000002
-0.166852
-0.128447
-0.09311269999999999
-0.0608476
-0.0316493
-0.00551499
0.0175583
0.0375739
0.0545357
0.0684477
0.07931510000000001
0.0871428
0.09193689999999999
0.0937041
0.09245199999999999
0.08818889999999999
0.0809243
0.07066900000000001
0.0574346
0.0412347
0.022084200000000002
-2.24208e-44
