Residual: 
3.32818
2.00638
1.59034
1.41566
1.3235
1.25985
1.20708
1.15942
1.11494
1.0729
1.03297
0.994952
0.958722
0.924171
0.891206
0.859744
0.829711
0.801034
0.773648
0.747492
0.722505
0.698633
0.675822
0.654023
0.633189
0.613273
0.594232
0.576026
0.558615
0.541962
0.526032
0.51079
0.496204
0.482244
0.468881
0.456086
0.443832
0.432095
0.420851
0.410075
0.399747
0.389846
0.380351
0.371244
0.362506
0.354122
0.346073
0.338344
0.330922
0.323791
0.316938
0.31035
0.304016
0.297923
0.292061
0.286419
0.280988
0.275757
0.270717
0.265861
0.26118
0.256666
0.252312
0.248111
0.244055
0.24014
0.236359
0.232705
0.229174
0.225761
0.22246
0.219267
0.216177
0.213187
0.210291
0.207487
0.20477
0.202137
0.199585
0.197111
0.194711
0.192382
0.190123
0.18793
0.185801
0.183734
0.181725
0.179774
0.177878
0.176034
0.174242
0.172499
0.170804
0.169155
0.16755
0.165988
0.164467
0.162987
0.161545
0.16014
0.158772
0.157439
0.156139
0.154873
0.153638
0.152434
0.15126
0.150115
0.148997
0.147907
0.146844
0.145805
0.144792
0.143802
0.142836
0.141892
0.14097
0.14007
0.13919
0.138331
0.137491
0.136669
0.135867
0.135082
0.134314
0.133564
0.132829
0.132111
0.131408
0.130721
0.130048
0.129389
0.128744
0.128113
0.127495
0.126889
0.126296
0.125715
0.125146
0.124588
0.124042
0.123506
0.122981
0.122466
0.121961
0.121466
0.12098
0.120503
0.120036
0.119577
0.119127
0.118685
0.118251
0.117825
0.117407
0.116996
0.116593
0.116197
0.115807
0.115425
0.115049
0.114679
0.114316
0.113958
0.113607
0.113261
0.112922
0.112587
0.112258
0.111934
0.111616
0.111302
0.110993
0.110689
0.11039
0.110095
0.109805
0.109519
0.109237
0.108959
0.108685
0.108415
0.108149
0.107887
0.107628
0.107373
0.107121
0.106873
0.106628
0.106386
0.106148
0.105912
0.10568
0.10545
0.105224
0.105
0.104779
0.104561
0.104345
0.104132
0.103922
0.103714
0.103508
0.103305
0.103104
0.102905
0.102708
0.102514
0.102322
0.102131
0.101943
0.101757
0.101573
0.101391
0.10121
0.101032
0.100855
0.10068
0.100506
0.100335
0.100165
0.0999964
0.0998296
0.0996643
0.0995006
0.0993383
0.0991775
0.0990182
0.0988602
0.0987037
0.0985484
0.0983945
0.0982419
0.0980906
0.0979405
0.0977916
0.097644
0.0974974
0.0973522
0.097208
0.0970649
0.0969229
0.0967821
0.0966422
0.0965034
0.0963656
0.0962288
0.0960931
0.0959583
0.0958243
0.0956914
0.0955594
0.0954283
0.095298
0.0951686
0.09504
0.0949123
0.0947854
0.0946593
0.0945341
0.0944096
0.0942859
0.0941629
0.0940406
0.0939192
0.0937984
0.0936783
0.0935589
0.0934402
0.0933222
0.0932049
0.0930882
0.0929721
0.0928567
0.0927418
0.0926276
0.0925141
0.0924011
0.0922887
0.0921768
0.0920655
0.0919548
0.0918446
0.091735
0.0916258
0.0915172
0.0914091
0.0913016
0.0911945
0.091088
0.0909819
0.0908763
0.0907711
0.0906665
0.0905623
0.0904585
0.0903552
0.0902523
0.0901499
0.0900478
0.0899462
0.089845
0.0897442
0.0896439
0.0895439
0.0894442
0.089345
0.0892462
0.0891478
0.0890497
0.088952
0.0888546
0.0887576
0.0886609
0.0885646
0.0884686
0.0883731
0.0882777
0.0881827
0.0880882
0.0879938
0.0878998
0.087806
0.0877126
0.0876196
0.0875268
0.0874343
0.0873421
0.0872502
0.0871585
0.0870672
0.0869761
0.0868853
0.0867948
0.0867045
0.0866145
0.0865248
0.0864353
0.0863461
0.0862571
0.0861684
0.08608
0.0859917
0.0859036
0.085816
0.0857284
0.0856412
0.0855541
0.0854672
0.0853806
0.0852942
0.0852081
0.0851222
0.0850364
0.0849509
0.0848656
0.0847805
0.0846955
0.0846109
0.0845264
0.0844421
0.0843581
0.0842741
0.0841904
0.0841069
0.0840235
0.0839404
0.0838574
0.0837747
0.083692
0.0836096
0.0835274
0.0834455
0.0833635
0.0832818
0.0832002
0.0831188
0.0830377
0.0829565
0.0828757
0.082795
0.0827145
0.082634
0.0825538
0.0824738
0.0823939
0.082314
0.0822344
0.082155
0.0820757
0.0819964
0.0819174
0.0818385
0.0817599
0.0816812
0.0816027
0.0815245
0.0814463
0.0813682
0.0812904
0.0812126
0.0811351
0.0810576
0.0809803
0.080903
0.0808259
0.0807489
0.080672
0.0805954
0.0805188
0.0804424
0.080366
0.0802898
0.0802136
0.0801378
0.080062
0.0799862
0.0799105
0.0798351
0.0797598
0.0796845
0.0796093
0.0795343
0.0794594
0.0793846
0.0793099
0.0792354
0.0791608
0.0790865
0.0790123
0.0789381
0.0788641
0.0787902
0.0787163
0.0786425
0.078569
0.0784956
0.0784221
0.0783488
0.0782756
0.0782025
0.0781295
0.0780567
0.0779839
0.0779112
0.0778386
0.0777661
0.0776937
0.0776213
0.0775491
0.077477
0.077405
0.0773331
0.0772612
0.0771895
0.0771178
0.0770463
0.0769749
0.0769036
0.0768321
0.076761
0.0766898
0.0766189
0.0765479
0.0764771
0.0764063
0.0763357
0.0762651
0.0761946
0.0761242
0.0760538
0.0759836
0.0759135
0.0758435
0.0757733
0.0757034
0.0756337
0.0755638
0.0754943
0.0754247
0.0753551
0.0752858
0.0752164
0.0751472
0.0750779
0.0750089
0.0749398
0.074871
0.074802
0.0747333
0.0746644
0.0745959
0.0745274
0.0744589
0.0743904
0.0743222
0.0742539
0.0741858
0.0741176
0.0740496
0.0739816
0.0739137
0.0738459
0.0737782
0.0737104
0.073643
0.0735753
0.0735079
0.0734405
0.0733732
0.073306
0.0732388
0.0731717
0.0731046
0.0730378
0.0729709
0.072904
0.0728374
0.0727706
0.0727041
0.0726376
0.072571
0.0725046
0.0724381
0.0723719
0.0723057
0.0722396
0.0721735
0.0721075
0.0720415
0.0719756
0.0719098
0.0718441
0.0717783
0.0717128
0.0716472
0.0715818
0.0715163
0.071451
0.0713856
0.0713204
0.0712552
0.0711902
0.0711251
0.0710601
0.0709952
0.0709303
0.0708657
0.0708009
0.0707362
0.0706716
0.0706071
0.0705424
0.0704781
0.0704137
0.0703495
0.0702851
0.0702212
0.070157
0.0700929
0.0700289
0.0699648
0.069901
0.0698373
0.0697735
0.0697098
0.0696461
0.0695826
0.069519
0.0694555
0.0693921
0.0693287
0.0692654
0.0692023
0.069139
0.069076
0.0690129
0.0689499
0.0688869
0.0688242
0.0687611
0.0686986
0.0686357
0.0685731
0.0685104
0.0684478
0.0683854
0.068323
0.0682606
0.0681982
0.0681359
0.0680738
0.0680116
0.0679495
0.0678875
0.0678253
0.0677635
0.0677016
0.0676398
0.067578
0.0675163
0.0674546
0.0673931
0.0673314
0.0672699
0.0672085
0.0671471
0.0670857
0.0670245
0.0669632
0.066902
0.0668409
0.0667799
0.0667187
0.0666578
0.0665968
0.0665361
0.0664752
0.0664145
0.0663538
0.0662931
0.0662324
0.0661719
0.0661114
0.066051
0.0659906
0.0659302
0.0658699
0.0658096
0.0657495
0.0656893
0.0656293
0.0655693
0.0655093
0.0654493
0.0653895
0.0653296
0.0652698
0.0652102
0.0651504
0.0650908
0.0650313
0.0649717
0.0649122
0.0648528
0.0647934
0.0647341
0.0646748
0.0646155
0.0645564
0.0644973
0.0644382
0.0643791
0.0643201
0.0642613
0.0642023
0.0641435
0.0640847
0.064026
0.0639674
0.0639086
0.0638503
0.0637917
0.0637333
0.0636747
0.0636165
0.0635579
0.0634997
0.0634415
0.0633833
0.0633252
0.063267
0.063209
0.0631509
0.0630931
0.063035
0.0629773
0.0629195
0.0628617
0.0628041
0.0627464
0.0626887
0.0626311
0.0625737
0.0625161
0.0624587
0.0624013
0.0623441
0.0622868
0.0622295
0.0621724
0.0621152
0.0620581
0.0620012
0.0619441
0.0618872
0.0618303
0.0617734
0.0617167
0.0616598
0.0616031
0.0615464
0.0614899
0.0614332
0.0613767
0.0613203
0.0612638
0.0612075
0.0611513
0.0610948
0.0610386
0.0609824
0.0609262
0.0608701
0.0608141
0.0607579
0.060702
0.0606461
0.0605902
0.0605344
0.0604786
0.0604229
0.0603672
0.0603115
0.0602559
0.0602003
0.0601448
0.0600894
0.0600339
0.0599785
0.0599234
0.059868
0.0598128
0.0597575
0.0597024
0.0596472
0.0595922
0.0595373
0.0594823
0.0594274
0.0593725
0.0593176
0.0592628
0.0592082
0.0591534
0.0590988
0.0590442
0.0589896
0.0589352
0.0588806
0.0588261
0.0587718
0.0587175
0.0586631
0.0586089
0.0585546
0.0585006
0.0584464
0.0583924
0.0583383
0.0582843
0.0582304
0.0581765
0.0581225
0.0580689
0.0580151
0.0579614
0.0579077
0.057854
0.0578006
0.057747
0.0576935
0.0576399
0.0575867
0.0575332
0.0574799
0.0574266
0.0573733
0.0573203
0.0572671
0.0572139
0.057161
0.0571079
0.0570549
0.0570019
0.0569492
0.0568963
0.0568436
0.0567906
0.0567379
0.0566854
0.0566328
0.0565802
0.0565277
0.056475
0.0564228
0.0563702
0.056318
0.0562656
0.0562134
0.0561611
0.056109
0.0560566
0.0560047
0.0559525
0.0559006
0.0558486
0.0557968
0.0557448
0.0556929
0.0556411
0.0555892
0.0555376
0.055486
0.0554343
0.0553828
0.0553313
0.0552797
0.0552281
0.0551767
0.0551255
0.0550742
0.0550228
0.0549716
0.0549204
0.0548693
0.0548181
0.054767
0.0547159
0.0546649
0.0546141
0.0545633
0.0545123
0.0544614
0.0544107
0.05436
0.0543093
0.0542585
0.0542079
0.0541575
0.0541068
0.0540564
0.054006
0.0539556
0.0539051
0.0538548
0.0538046
0.0537543
0.0537041
0.053654
0.0536038
0.0535539
0.0535038
0.0534538
0.0534039
0.0533542
0.0533041
0.0532543
0.0532044
0.0531549
0.053105
0.0530554
0.0530058
0.0529564
0.0529066
0.0528573
0.0528077
0.0527585
0.0527089
0.0526597
0.0526104
0.0525613
0.0525121
0.0524629
0.0524137
0.0523648
0.0523156
0.0522668
0.0522176
0.0521689
0.05212
0.0520712
0.0520223
0.0519737
0.051925
0.0518763
0.0518276
0.051779
0.0517305
0.051682
0.0516336
0.0515851
0.0515367
0.0514885
0.0514402
0.0513918
0.0513437
0.0512955
0.0512474
0.0511993
0.0511511
0.0511033
0.0510553
0.0510074
0.0509595
0.0509115
0.0508639
0.0508161
0.0507684
0.0507206
0.0506731
0.0506254
0.0505779
0.0505304
0.0504829
0.0504353
0.050388
0.0503408
0.0502933
0.0502459
0.0501988
0.0501515
0.0501043
0.0500573
0.0500103
0.0499632
0.0499163
0.0498693
0.0498223
0.0497754
0.0497286
0.0496817
0.0496349
0.0495883
0.0495415
0.0494949
0.0494485
0.0494019
0.0493552
0.0493089
0.0492624
0.049216
0.0491697
0.0491234
0.049077
0.0490308
0.0489848
0.0489384
0.0488924
0.0488464
0.0488002
0.0487542
0.0487083
0.0486623
0.0486166
0.0485706
0.0485247
0.048479
0.0484334
0.0483876
0.0483419
0.0482964
0.048251
0.0482053
0.0481598
0.0481142
0.0480689
0.0480235
0.0479781
0.0479329
0.0478876
0.0478425
0.0477973
0.0477521
0.0477069
0.0476619
0.0476168
0.0475719
0.047527
0.0474822
0.0474374
0.0473924
0.0473476
0.0473027
0.0472581
0.0472134
0.047169
0.0471242
0.0470798
0.0470353
0.0469907
0.0469463
0.0469018
0.0468575
0.0468133
0.046769
0.0467246
0.0466804
0.0466363
0.0465922
0.0465481
0.046504
0.0464602
0.0464161
0.0463721
0.0463281
0.0462843
0.0462405
0.0461967
0.046153
0.0461093
0.0460655
0.046022
0.0459783
0.0459347
0.0458913
0.0458478
0.0458042
0.0457611
0.0457176
0.0456741
0.0456309
0.0455873
0.0455444
0.0455015
0.0454583
0.0454151
0.0453722
0.0453289
0.045286
0.045243
0.0452003
0.0451573
0.0451146
0.0450718
0.0450289
0.0449862
0.0449434
0.0449007
0.0448582
0.0448156
0.0447731
0.0447306
0.0446883
0.0446457
0.0446033
0.044561
0.0445187
0.0444765
0.0444343
0.0443919
0.0443497
0.0443077
0.0442655
0.0442235
0.0441814
0.0441396
0.0440976
0.0440557
0.0440138
0.0439719
0.0439303
0.0438885
0.0438468
0.0438053
0.0437634
0.043722
0.0436804
0.0436387
0.0435973
0.043556
0.0435143
0.043473
0.0434317
0.0433903
0.0433491
0.0433079
0.0432668
0.0432255
0.0431844
0.0431433
0.0431024
0.0430612
0.0430204
0.0429793
0.0429384
0.0428976
0.0428567
0.042816
0.0427751
0.0427344
0.0426937
0.042653
0.0426125
0.0425719
0.0425314
0.0424909
0.0424505
0.04241
0.0423696
0.0423291
0.0422891
0.0422486
0.0422084
0.0421682
0.0421279
0.0420878
0.0420477
0.0420075
0.0419676
0.0419276
0.0418876
0.0418477
0.0418078
0.0417679
0.0417281
0.0416883
0.0416486
0.0416089
0.0415691
0.0415296
0.0414898
0.0414503
0.0414109
0.0413713
0.0413319
0.0412924
0.0412531
0.0412137
0.0411744
0.0411351
0.0410958
0.0410566
0.0410176
0.0409782
0.0409395
0.0409001
0.0408612
0.0408221
0.0407831
0.0407442
0.0407053
0.0406665
0.0406277
0.0405888
0.0405502
0.0405114
0.0404726
0.040434
0.0403954
0.0403567
0.0403182
0.0402798
0.0402412
0.040203
0.0401646
0.0401261
0.0400879
0.0400494
0.0400111
0.039973
0.0399347
0.0398966
0.0398583
0.0398204
0.0397824
0.0397442
0.0397063
0.0396684
0.0396303
0.0395925
0.0395547
0.0395167
0.039479
0.0394414
0.0394036
0.0393659
0.0393282
0.0392906
0.0392531
0.0392156
0.0391782
0.0391405
0.0391032
0.0390657
0.0390282
0.038991
0.0389538
0.0389165
0.0388793
0.0388421
0.0388048
0.0387678
0.0387305
0.0386936
0.0386564
0.0386195
0.0385827
0.0385457
0.0385087
0.0384717
0.038435
0.0383983
0.0383615
0.0383246
0.0382881
0.0382513
0.0382147
0.0381781
0.0381416
0.0381051
0.0380687
0.0380322
0.0379958
0.0379594
0.0379231
0.0378867
0.0378503
0.037814
0.0377782
0.0377417
0.0377057
0.0376694
0.0376334
0.0375974
0.0375614
0.0375253
0.0374893
0.0374535
0.0374177
0.0373818
0.0373459
0.0373099
0.0372744
0.0372386
0.0372029
0.0371672
0.0371314
0.0370962
0.0370603
0.037025
0.0369893
0.036954
0.0369184
0.036883
0.0368477
0.0368124
0.0367773
0.0367418
0.0367066
0.0366715
0.0366362
0.0366012
0.036566
0.0365308
0.0364958
0.0364612
0.0364259
0.0363908
0.0363559
0.0363212
0.0362863
0.0362516
0.0362167
0.0361819
0.0361473
0.0361128
0.036078
0.0360434
0.0360089
0.0359741
0.0359397
0.0359052
0.0358707
0.0358363
0.0358019
0.0357675
0.0357331
0.0356989
0.0356645
0.0356303
0.0355963
0.0355619
0.0355278
0.0354936
0.0354597
0.0354257
0.0353916
0.0353575
0.0353235
0.0352897
0.0352559
0.0352221
0.0351884
0.0351544
0.0351206
0.0350871
0.0350532
0.0350195
0.034986
0.0349523
0.0349187
0.0348852
0.0348517
0.0348181
0.0347848
0.0347512
0.034718
0.0346844
0.0346512
0.034618
0.0345847
0.0345514
0.0345183
0.0344852
0.0344521
0.0344192
0.0343859
0.0343526
0.0343197
0.034287
0.034254
0.034221
0.0341881
0.0341552
0.0341224
0.0340894
0.0340565
0.034024
0.0339914
0.0339586
0.033926
0.0338935
0.0338609
0.0338285
0.0337957
0.0337632
0.0337308
0.0336984
0.033666
0.0336338
0.0336014
0.0335689
0.0335366
0.0335044
0.0334723
0.0334401
0.0334079
0.0333757
0.0333435
0.0333118
0.0332795
0.0332473
0.0332154
0.0331836
0.0331517
0.0331199
0.033088
0.0330561
0.0330242
0.0329927
0.0329609
0.0329291
0.0328974
0.0328658
0.0328341
0.0328025
0.032771
0.0327396
0.032708
0.0326764
0.0326451
0.0326138
0.0325823
0.0325508
0.0325196
0.0324883
0.0324572
0.0324258
0.0323946
0.0323634
0.0323322
0.0323012
0.0322699
0.0322389
0.032208
0.0321768
0.0321461
0.032115
0.032084
0.0320532
0.0320225
0.0319915
0.0319608
0.03193
0.0318993
0.0318686
0.0318378
0.0318072
0.0317767
0.031746
0.0317156
0.0316849
0.0316545
0.0316239
0.0315935
0.0315631
0.0315326
0.0315023
0.0314719
0.0314418
0.0314115
0.0313811
0.031351
0.0313208
0.0312906
0.0312605
0.0312302
0.0312003
0.0311702
0.0311402
0.0311101
0.0310805
0.0310503
0.0310205
0.0309905
0.0309608
0.0309308
0.030901
0.0308713
0.0308416
0.0308119
0.0307821
0.0307525
0.030723
0.0306935
0.0306639
0.0306341
0.0306046
0.0305752
0.0305457
0.0305163
0.0304869
0.0304575
0.0304284
0.0303991
0.0303696
0.0303405
0.0303113
0.030282
0.0302526
0.0302235
0.0301944
0.0301653
0.0301366
0.0301073
0.0300783
0.0300491
0.0300203
0.0299913
0.0299625
0.0299336
0.0299048
0.0298759
0.0298473
0.0298184
0.0297896
0.0297611
0.0297322
0.0297037
0.029675
0.0296464
0.029618
0.0295893
0.0295607
0.0295324
0.0295038
0.0294754
0.029447
0.0294184
0.0293901
0.0293619
0.0293335
0.0293054
0.0292771
0.0292489
0.0292206
0.0291926
0.0291643
0.0291362
0.0291083
0.0290801
0.0290521
0.0290241
0.0289962
0.0289681
0.0289401
0.0289122
0.0288845
0.0288566
0.0288288
0.0288008
0.0287731
0.0287453
0.0287178
0.0286898
0.0286624
0.0286347
0.0286072
0.0285797
0.028552
0.0285243
0.0284971
0.0284695
0.0284421
0.0284147
0.0283873
0.0283599
0.0283323
0.0283052
0.028278
0.0282506
0.0282234
0.028196
0.0281688
0.0281418
0.0281147
0.0280875
0.0280604
0.0280334
0.0280062
0.0279793
0.0279524
0.0279254
0.0278984
0.0278716
0.0278446
0.0278176
0.0277911
0.0277642
0.0277373
0.0277106
0.0276838
0.0276572
0.0276302
0.0276038
0.0275772
0.0275508
0.0275241
0.0274974
0.0274711
0.0274445
0.0274178
0.0273915
0.0273652
0.0273385
0.0273124
0.0272861
0.0272597
0.0272334
0.0272073
0.027181
0.0271547
0.0271284
0.0271022
0.0270763
0.0270502
0.027024
0.0269979
0.0269719
0.0269458
0.0269197
0.0268937
0.026868
0.026842
0.0268162
0.0267902
0.0267644
0.0267384
0.0267128
0.0266869
0.0266612
0.0266353
0.0266098
0.0265842
0.0265584
0.0265328
0.0265072
0.0264817
0.0264562
0.0264307
0.026405
0.0263798
0.0263541
0.0263289
0.0263032
0.0262781
0.0262527
0.0262273
0.0262019
0.0261766
0.0261515
0.026126
0.0261009
0.0260756
0.0260506
0.0260254
0.0260004
0.0259753
0.0259501
0.0259251
0.0259003
0.0258752
0.0258502
0.0258251
0.0258
0.0257752
0.0257506
0.0257255
0.0257008
0.0256757
0.0256513
0.0256263
0.0256017
0.025577
0.0255522
0.0255276
0.0255031
0.0254785
0.0254537
0.0254293
0.0254046
0.02538
0.0253554
0.0253309
0.0253068
0.0252823
0.0252578
0.0252333
0.0252092
0.0251847
0.0251605
0.025136
0.0251121
0.0250879
0.0250634
0.0250393
0.0250151
0.0249909
0.0249669
0.0249427
0.0249187
0.0248945
0.0248706
0.0248467
0.0248224
0.0247987
0.0247745
0.0247507
0.0247269
0.0247031
0.0246792
0.0246556
0.0246317
0.0246078
0.0245841
0.0245601
0.0245365
0.024513
0.0244891
0.0244655
0.0244418
0.0244183
0.0243947
0.0243712
0.0243477
0.0243244
0.0243007
0.0242771
0.0242538
0.0242303
0.024207
0.0241837
0.0241603
0.024137
0.0241137
0.0240904
0.024067
0.0240439
0.0240208
0.0239974
0.0239743
0.023951
0.0239279
0.0239049
0.0238817
0.0238585
0.0238358
0.0238129
0.0237896
0.0237669
0.0237438
0.0237211
0.0236978
0.0236749
0.0236522
0.0236293
0.0236065
0.023584
0.0235607
0.0235383
0.0235155
0.0234927
0.0234702
0.0234474
0.0234247
0.0234024
0.0233797
0.023357
0.023334
0.0233118
0.0232894
0.0232669
0.0232443
0.023222
0.0231996
0.0231772
0.0231546
0.0231324
0.02311
0.0230875
0.0230654
0.0230432
0.0230209
0.0229985
0.0229764
0.0229542
0.022932
0.0229098
0.0228877
0.0228656
0.0228434
0.0228215
0.0227995
0.0227775
0.0227553
0.0227334
0.0227115
0.0226895
0.0226675
0.0226459
0.0226237
0.0226019
0.0225803
0.0225585
0.0225366
0.0225149
0.0224929
0.0224713
0.0224496
0.0224277
0.0224062
0.0223845
0.022363
0.0223414
0.0223196
0.0222984
0.0222766
0.0222551
0.0222339
0.0222121
0.022191
0.0221692
0.0221478
0.0221264
0.0221051
0.0220836
0.0220623
0.0220411
0.02202
0.0219984
0.0219773
0.021956
0.0219347
0.0219137
0.0218925
0.0218713
0.0218502
0.0218292
0.0218078
0.0217869
0.0217658
0.0217448
0.0217235
0.0217027
0.0216818
0.021661
0.0216399
0.0216191
0.021598
0.0215773
0.0215565
0.0215356
0.0215149
0.0214941
0.0214731
0.0214525
0.0214316
0.021411
0.0213904
0.0213698
0.0213489
0.0213283
0.0213077
0.0212872
0.0212669
0.021246
0.0212255
0.0212051
0.0211843
0.021164
0.0211436
0.0211229
0.0211025
0.0210824
0.0210618
0.0210417
0.0210214
0.021001
0.0209805
0.0209604
0.02094
0.0209196
0.0208994
0.0208793
0.0208592
0.0208388
0.0208188
0.0207988
0.0207786
0.0207583
0.0207384
0.0207182
0.0206983
0.0206784
0.0206582
0.0206383
0.0206184
0.0205985
0.0205784
0.0205587
0.020539
0.0205189
0.0204992
0.0204794
0.0204592
0.0204399
0.02042
0.0204004
0.0203805
0.0203606
0.0203411
0.0203214
0.0203019
0.0202821
0.0202625
0.0202429
0.0202232
0.0202037
0.0201843
0.0201649
0.020145
0.0201258
0.0201061
0.0200868
0.0200674
0.020048
0.0200284
0.020009
0.01999
0.0199704
0.0199511
0.0199319
0.0199124
0.0198933
0.019874
0.0198548
0.0198356
0.0198165
0.0197973
0.0197782
0.0197588
0.0197398
0.0197206
0.0197015
0.0196825
0.0196636
0.0196446
0.0196255
0.0196066
0.0195876
0.0195686
0.0195498
0.0195306
0.0195117
0.0194928
0.0194742
0.0194552
0.0194366
0.0194177
0.0193989
0.0193802
0.0193613
0.0193425
0.0193239
0.0193052
0.0192865
0.0192678
0.0192493
0.0192305
0.0192119
0.0191934
0.019175
0.0191562
0.0191376
0.0191192
0.0191006
0.0190822
0.0190637
0.0190453
0.0190268
0.0190083
0.01899
0.0189715
0.0189531
0.0189347
0.0189165
0.0188983
0.0188799
0.0188616
0.0188434
0.0188253
0.0188068
0.0187886
0.0187703
0.0187522
0.018734
0.0187161
0.0186979
0.0186798
0.0186617
0.0186437
0.0186255
0.0186075
0.0185898
0.0185716
0.0185535
0.0185355
0.0185177
0.0184995
0.0184816
0.0184639
0.018446
0.018428
0.01841
0.0183924
0.0183746
0.0183568
0.018339
0.0183209
0.0183035
0.0182859
0.0182679
0.0182503
0.0182327
0.0182152
0.0181973
0.0181797
0.0181623
0.0181444
0.0181268
0.0181093
0.0180916
0.0180743
0.0180568
0.0180392
0.0180219
0.0180043
0.0179869
0.0179695
0.0179523
0.0179345
0.0179172
0.0178999
0.0178825
0.0178651
0.017848
0.0178306
0.0178135
0.017796
0.0177788
0.0177615
0.0177444
0.017727
0.0177101
0.0176926
0.0176756
0.0176582
0.0176412
0.0176242
0.017607
0.01759
0.017573
0.0175559
0.017539
0.0175218
0.0175049
0.017488
0.0174709
0.0174543
0.0174369
0.0174204
0.0174034
0.0173864
0.0173696
0.0173528
0.0173357
0.0173192
0.0173023
0.0172856
0.0172686
0.017252
0.017235
0.0172185
0.0172019
0.0171847
0.0171683
0.0171516
0.0171353
0.0171185
0.0171019
0.0170855
0.0170688
0.0170521
0.0170354
0.017019
0.0170023
0.016986
0.0169694
0.016953
0.0169366
0.0169201
0.0169037
0.0168873
0.0168708
0.0168546
0.0168381
0.0168218
0.0168052
0.0167893
0.0167729
0.0167566
0.0167405
0.0167239
0.0167079
0.0166917
0.0166755
0.0166593
0.0166432
0.0166269
0.0166108
0.0165946
0.0165784
0.0165624
0.0165462
0.0165302
0.0165142
0.0164982
0.0164822
0.0164661
0.0164499
0.016434
0.0164181
0.0164019
0.0163862
0.0163701
0.0163543
0.0163387
0.0163227
0.0163065
0.0162911
0.0162748
0.0162594
0.0162434
0.0162277
0.016212
0.016196
0.0161806
0.0161646
0.016149
0.0161331
0.0161177
0.0161019
0.0160864
0.0160706
0.0160548
0.0160391
0.0160236
0.0160083
0.0159924
0.0159769
0.0159616
0.0159459
0.0159304
0.015915
0.0158995
0.0158841
0.0158687
0.0158533
0.0158377
0.0158224
0.0158069
0.0157916
0.0157762
0.0157609
0.0157455
0.0157301
0.015715
0.0156993
0.0156843
0.0156691
0.0156538
0.0156386
0.0156234
0.0156082
0.0155928
0.0155777
0.0155625
0.0155476
0.0155322
0.0155172
0.0155022
0.0154872
0.0154718
0.0154569
0.0154419
0.0154266
0.0154119
0.0153966
0.0153816
0.0153668
0.0153519
0.0153369
0.015322
0.0153069
0.0152919
0.0152773
0.0152623
0.0152474
0.0152325
0.0152176
0.0152027
0.0151882
0.0151733
0.0151586
0.0151437
0.0151288
0.0151143
0.0150997
0.0150847
0.0150701
0.0150556
0.0150408
0.015026
0.0150114
0.0149968
0.0149822
0.0149676
0.0149531
0.0149384
0.0149236
0.0149094
0.0148948
0.0148802
0.0148655
0.0148513
0.0148367
0.0148223
0.0148079
0.0147933
0.0147787
0.0147647
0.0147501
0.0147358
0.0147214
0.0147071
0.0146927
0.0146781
0.0146641
0.0146499
0.0146353
0.0146211
0.014607
0.0145924
0.0145784
0.0145642
0.01455
0.0145358
0.0145215
0.0145074
0.0144933
0.014479
0.0144647
0.014451
0.0144366
0.0144227
0.0144082
0.0143946
0.0143803
0.0143663
0.0143525
0.0143382
0.0143241
0.0143105
0.0142963
0.0142823
0.0142684
0.0142547
0.0142405
0.0142267
0.0142126
0.014199
0.0141847
0.0141711
0.0141574
0.0141434
0.0141297
0.0141158
0.0141022
0.0140881
0.0140748
0.0140608
0.0140468
0.0140333
0.0140196
0.0140057
0.0139919
0.0139783
0.0139648
0.0139513
0.0139374
0.0139238
0.0139103
0.0138967
0.0138832
0.0138692
0.013856
0.0138423
0.0138289
0.0138154
0.0138018
0.0137882
0.0137747
0.0137613
0.013748
0.0137344
0.0137212
0.0137076
0.013694
0.0136806
0.0136677
0.013654
0.0136407
0.0136272
0.0136139
0.0136008
0.0135872
0.0135739
0.0135606
0.0135474
0.0135342
0.0135209
0.0135078
0.0134942
0.0134812
0.013468
0.0134546
0.0134417
0.0134284
0.0134153
0.0134022
0.0133891
0.0133761
0.013363
0.0133498
0.0133369
0.0133237
0.0133106
0.0132976
0.0132845
0.0132716
0.0132583
0.0132453
0.0132323
0.0132197
0.0132064
0.0131938
0.0131805
0.0131677
0.013155
0.013142
0.013129
0.0131164
0.0131033
0.0130906
0.0130778
0.0130648
0.0130519
0.0130392
0.0130266
0.0130135
0.0130008
0.012988
0.0129754
0.0129624
0.0129499
0.0129372
0.0129245
0.0129118
0.0128991
0.0128866
0.012874
0.0128613
0.0128487
0.0128358
0.0128233
0.0128109
0.0127982
0.0127858
0.0127731
0.0127607
0.0127482
0.0127355
0.012723
0.0127107
0.0126981
0.0126856
0.0126733
0.0126606
0.0126484
0.0126358
0.0126236
0.012611
0.0125984
0.0125864
0.012574
0.0125617
0.0125493
0.0125368
0.0125245
0.0125122
0.0124997
0.0124877
0.0124754
0.0124631
0.0124509
0.0124388
0.0124264
0.0124142
0.012402
0.0123897
0.0123776
0.0123655
0.0123535
0.0123412
0.0123291
0.0123168
0.0123048
0.0122928
0.0122807
0.0122688
0.0122566
0.0122444
0.0122321
0.0122204
0.0122084
0.0121963
0.0121843
0.0121725
0.0121602
0.0121486
0.0121364
0.0121246
0.0121125
0.0121006
0.0120886
0.0120767
0.0120651
0.0120531
0.0120412
0.0120294
0.0120173
0.0120055
0.0119936
0.0119821
0.0119701
0.0119583
0.0119465
0.0119349
0.0119232
0.0119116
0.0118997
0.0118879
0.0118764
0.0118645
0.0118527
0.0118414
0.0118295
0.0118178
0.0118061
0.0117945
0.011783
0.0117713
0.0117595
0.0117482
0.0117366
0.0117249
0.0117134
0.011702
0.0116904
0.0116789
0.0116673
0.0116558
0.0116443
0.0116328
0.0116213
0.0116098
0.0115984
0.0115871
0.0115756
0.0115643
0.0115528
0.0115413
0.01153
0.0115185
0.0115072
0.011496
0.0114847
0.0114733
0.0114619
0.0114504
0.0114394
0.0114277
0.0114166
0.0114054
0.0113941
0.0113828
0.0113715
0.0113603
0.011349
0.011338
0.0113267
0.0113155
0.0113042
0.0112932
0.0112824
0.0112711
0.0112599
0.0112488
0.0112378
0.0112266
0.0112154
0.0112043
0.0111931
0.0111824
0.0111711
0.0111602
0.0111493
0.0111382
0.0111271
0.0111162
0.0111052
0.0110941
0.0110831
0.0110723
0.0110613
0.0110505
0.0110396
0.0110283
0.0110178
0.011007
0.0109959
0.0109851
0.0109741
0.0109634
0.0109523
0.0109415
0.0109308
0.0109201
0.0109091
0.0108983
0.0108878
0.0108769
0.010866
0.0108552
0.0108446
0.0108339
0.010823
0.0108125
0.0108019
0.0107911
0.0107804
0.0107697
0.0107589
0.0107485
0.0107378
0.0107273
0.0107166
0.0107057
0.0106953
0.0106847
0.0106741
0.0106635
0.0106527
0.0106423
0.0106319
0.0106213
0.010611
0.0106002
0.0105897
0.0105793
0.010569
0.0105583
0.0105479
0.0105376
0.010527
0.0105165
0.0105062
0.0104956
0.0104854
0.010475
0.0104645
0.0104543
0.0104441
0.010434
0.0104234
0.0104128
0.0104025
0.0103922
0.0103819
0.0103717
0.0103613
0.0103508
0.0103407
0.0103307
0.0103204
0.01031
0.0102998
0.0102897
0.0102794
0.0102691
0.010259
0.0102488
0.0102385
0.0102286
0.0102183
0.010208
0.0101979
0.0101879
0.0101776
0.0101676
0.0101577
0.0101474
0.0101373
0.0101273
0.0101171
0.0101074
0.0100973
0.0100872
0.0100771
0.0100672
0.0100574
0.0100473
0.0100372
0.0100272
0.0100173
0.0100074
0.00999762
0.00998764
0.00997781
0.00996781
0.00995793
0.00994777
0.0099379
0.0099282
0.00991866
0.00990855
0.00989848
0.00988866
0.00987891
0.00986909
0.00985931
0.00984952
0.00983968
0.00982986
0.00981996
0.00981039
0.00980055
0.00979095
0.00978117
0.00977153
0.00976196
0.00975214
0.00974229
0.00973265
0.00972311
0.00971326
0.00970333
0.0096939
0.0096844
0.00967489
0.00966516
0.00965545
0.00964582
0.00963637
0.00962667
0.00961694
0.00960749
0.00959811
0.00958857
0.00957897
0.00956939
0.00956015
0.00955042
0.00954061
0.00953133
0.00952192
0.0095123
0.00950264
0.00949357
0.00948411
0.00947475
0.00946527
0.00945579
0.00944641
0.00943717
0.00942751
0.00941811
0.0094087
0.00939947
0.00939004
0.00938077
0.00937129
0.00936189
0.00935273
0.00934341
0.00933416
0.00932477
0.00931542
0.00930623
0.00929703
0.00928782
0.00927843
0.00926914
0.00926006
0.00925072
0.00924152
0.00923205
0.00922296
0.0092139
0.00920482
0.00919564
0.0091865
0.00917708
0.00916807
0.00915911
0.00915007
0.0091407
0.0091314
0.00912245
0.00911348
0.0091042
0.00909494
0.00908609
0.00907706
0.00906824
0.00905919
0.00905013
0.00904098
0.00903176
0.00902288
0.00901385
0.00900503
0.00899591
0.00898697
0.00897816
0.0089691
0.00896002
0.00895113
0.00894223
0.00893343
0.00892437
0.0089157
0.00890671
0.00889737
0.0088887
0.00887997
0.00887091
0.00886251
0.00885346
0.00884451
0.00883583
0.00882694
0.0088183
0.00880936
0.00880054
0.00879189
0.00878286
0.00877422
0.00876548
0.00875685
0.008748
0.00873913
0.00873051
0.0087216
0.00871302
0.00870457
0.0086957
0.00868706
0.00867839
0.0086696
0.00866097
0.00865263
0.0086438
0.00863529
0.00862651
0.00861782
0.0086092
0.00860101
0.00859216
0.00858356
0.00857489
0.00856634
0.00855782
0.00854924
0.0085407
0.00853233
0.00852366
0.0085151
0.00850671
0.00849802
0.00848968
0.00848098
0.00847259
0.00846431
0.00845576
0.00844725
0.00843875
0.00843073
0.00842223
0.00841354
0.00840511
0.00839687
0.00838836
0.00838
0.0083716
0.00836318
0.00835487
0.00834647
0.00833814
0.00832984
0.00832138
0.00831329
0.00830483
0.00829662
0.00828843
0.00827992
0.00827174
0.00826356
0.00825519
0.00824707
0.00823858
0.00823032
0.00822228
0.00821411
0.00820576
0.00819766
0.00818931
0.00818116
0.00817313
0.00816493
0.00815687
0.00814839
0.00814029
0.00813223
0.00812414
0.00811584
0.00810786
0.00809964
0.00809151
0.00808368
0.00807525
0.00806725
0.00805903
0.00805111
0.00804315
0.00803512
0.00802711
0.00801894
0.00801107
0.00800313
0.00799504
0.00798676
0.00797888
0.00797098
0.00796295
0.00795503
0.00794707
0.00793903
0.00793116
0.00792328
0.00791532
0.00790713
0.00789917
0.00789166
0.00788375
0.0078757
0.00786804
0.00785994
0.00785218
0.00784432
0.00783625
0.00782838
0.00782087
0.00781282
0.00780512
0.00779749
0.00778951
0.007782
0.007774
0.00776628
0.00775828
0.00775034
0.00774278
0.00773511
0.00772732
0.00771952
0.00771172
0.00770436
0.00769624
0.00768837
0.00768087
0.0076732
0.00766543
0.0076579
0.00765006
0.0076424
0.00763464
0.00762719
0.00761955
0.00761192
0.00760421
0.00759658
0.007589
0.00758123
0.00757381
0.00756609
0.00755848
0.00755116
0.00754328
0.00753599
0.00752853
0.00752086
0.00751385
0.00750581
0.00749818
0.00749077
0.00748318
0.00747581
0.0074683
0.00746059
0.00745335
0.00744585
0.0074386
0.00743099
0.00742355
0.00741622
0.00740858
0.00740121
0.00739386
0.00738635
0.007379
0.0073714
0.00736409
0.00735686
0.00734933
0.0073419
0.00733463
0.00732732
0.00732011
0.00731264
0.00730524
0.00729791
0.00729072
0.00728331
0.00727621
0.00726878
0.0072613
0.00725402
0.00724691
0.00723973
0.00723244
0.00722501
0.00721764
0.00721076
0.00720346
0.00719661
0.00718903
0.00718178
0.00717469
0.00716752
0.00716006
0.00715278
0.00714595
0.00713871
0.00713158
0.00712429
0.00711708
0.00711019
0.00710305
0.00709584
0.0070887
0.00708131
0.00707438
0.00706744
0.00706026
0.00705309
0.00704598
0.007039
0.00703197
0.00702504
0.00701772
0.00701082
0.00700386
0.00699661
0.00698955
0.00698285
0.0069758
0.00696867
0.0069618
0.0069547
0.00694779
0.00694101
0.00693379
0.00692676
0.00691989
0.00691291
0.00690604
0.00689909
0.00689235
0.00688519
0.00687826
0.00687156
0.00686468
0.00685782
0.00685101
0.00684382
0.00683691
0.00683028
0.00682335
0.00681641
0.00680966
0.00680268
0.00679593
0.00678909
0.00678236
0.0067755
0.0067692
0.00676192
0.00675534
0.00674846
0.00674176
0.00673472
0.00672809
0.00672128
0.00671457
0.0067077
0.00670113
0.00669438
0.00668754
0.006681
0.0066742
0.00666778
0.006661
0.0066541
0.00664763
0.0066406
0.0066341
0.00662759
0.00662078
0.0066141
0.00660756
0.00660091
0.00659456
0.00658758
0.00658104
0.00657457
0.0065677
0.00656122
0.00655487
0.00654806
0.00654153
0.00653499
0.00652824
0.00652158
0.00651525
0.00650872
0.00650228
0.00649564
0.00648902
0.0064827
0.00647601
0.00646961
0.00646309
0.00645669
0.00645014
0.00644376
0.00643704
0.00643063
0.0064243
0.00641791
0.00641124
0.00640483
0.00639849
0.00639206
0.00638593
0.00637908
0.00637288
0.00636653
0.00635996
0.00635379
0.00634726
0.0063409
0.00633462
0.00632819
0.00632159
0.00631559
0.00630918
0.00630266
0.00629637
0.0062902
0.00628381
0.00627755
0.00627118
0.00626476
0.00625855
0.00625258
0.00624591
0.00624
0.00623361
0.00622728
0.00622084
0.00621453
0.00620855
0.00620231
0.00619593
0.00618985
0.00618361
0.0061776
0.00617129
0.00616493
0.00615887
0.00615233
0.00614646
0.00614014
0.00613416
0.00612776
0.00612175
0.00611574
0.00610949
0.00610331
0.00609711
0.00609115
0.0060849
0.00607894
0.0060727
0.00606654
0.00606053
0.00605455
0.00604846
0.00604254
0.0060362
0.00603019
0.00602422
0.00601806
0.00601212
0.00600602
0.006
0.00599411
0.00598791
0.00598203
0.00597576
0.0059701
0.00596387
0.00595808
0.00595214
0.00594596
0.00593988
0.00593419
0.00592802
0.00592212
0.00591596
0.00591037
0.00590432
0.00589837
0.00589243
0.00588644
0.00588055
0.0058748
0.00586894
0.00586303
0.00585702
0.00585088
0.00584536
0.0058393
0.00583358
0.00582757
0.00582175
0.00581601
0.00581007
0.00580417
0.00579862
0.0057926
0.00578664
0.00578115
0.00577529
0.00576933
0.00576368
0.00575764
0.00575229
0.00574622
0.00574042
0.00573474
0.00572913
0.00572321
0.0057174
0.00571169
0.00570609
0.00570035
0.00569439
0.00568899
0.00568291
0.00567751
0.0056718
0.00566593
0.00566052
0.0056547
0.00564888
0.00564324
0.00563776
0.00563192
0.00562641
0.00562069
0.00561487
0.00560943
0.00560362
0.00559827
0.00559239
0.00558698
0.00558123
0.00557571
0.00556994
0.00556432
0.00555903
0.00555312
0.00554778
0.00554209
0.00553664
0.00553115
0.00552562
0.00551984
0.00551463
0.0055089
0.00550324
0.00549801
0.00549226
0.0054867
0.00548123
0.0054759
0.00547019
0.00546494
0.00545916
0.00545385
0.00544842
0.00544295
0.00543736
0.00543196
0.00542637
0.0054212
0.00541566
0.00541026
0.0054048
0.00539925
0.00539379
0.00538827
0.00538347
0.00537754
0.00537241
0.00536685
0.00536162
0.00535599
0.00535089
0.00534531
0.00534012
0.00533452
0.00532931
0.00532391
0.00531864
0.00531317
0.00530776
0.00530257
0.00529722
0.00529211
0.00528646
0.00528134
0.00527626
0.00527071
0.00526549
0.00526
0.00525489
0.00524969
0.00524423
0.0052391
0.00523383
0.00522869
0.00522357
0.00521784
0.0052128
0.00520762
0.00520233
0.00519736
0.00519195
0.00518665
0.00518164
0.0051761
0.00517114
0.005166
0.00516069
0.00515558
0.00515052
0.00514527
0.00513987
0.00513507
0.00512975
0.00512455
0.00511954
0.00511436
0.00510908
0.00510392
0.00509933
0.00509367
0.00508877
0.00508378
0.00507833
0.00507368
0.00506839
0.00506327
0.00505836
0.00505309
0.00504791
0.00504316
0.0050377
0.00503289
0.00502789
0.0050226
0.00501774
0.00501272
0.00500764
0.00500259
0.00499751
0.00499256
0.00498757
0.00498267
0.00497742
0.00497263
0.00496755
0.0049627
0.00495768
0.00495266
0.00494763
0.00494269
0.00493786
0.00493295
0.00492782
0.00492299
0.00491807
0.00491304
0.0049082
0.00490339
0.00489807
0.00489349
0.00488849
0.00488361
0.00487882
0.00487371
0.00486858
0.00486417
0.00485925
0.00485437
0.00484928
0.00484456
0.00483973
0.00483478
0.00483012
0.00482522
0.00482026
0.00481552
0.00481075
0.00480582
0.00480104
0.00479608
0.00479149
0.0047865
0.00478171
0.00477706
0.00477205
0.00476743
0.0047626
0.00475785
0.00475307
0.00474836
0.00474366
0.00473883
0.00473399
0.00472941
0.00472447
0.00471981
0.00471526
0.00471023
0.00470566
0.00470083
0.00469629
0.0046916
0.00468695
0.004682
0.00467739
0.00467266
0.00466805
0.00466339
0.00465855
0.0046542
0.00464932
0.00464476
0.00463991
0.00463516
0.0046308
0.00462594
0.00462144
0.00461685
0.00461218
0.00460762
0.00460306
0.00459827
0.00459361
0.00458902
0.00458458
0.00458
0.0045754
0.00457068
0.00456626
0.00456148
0.00455721
0.00455232
0.00454782
0.00454338
0.00453873
0.00453449
0.00452972
0.00452514
0.00452069
0.00451589
0.00451171
0.00450706
0.00450241
0.00449804
0.00449348
0.00448908
0.00448432
0.0044801
0.00447547
0.00447098
0.00446679
0.00446192
0.00445788
0.00445307
0.00444881
0.00444417
0.00443978
0.00443522
0.00443094
0.00442648
0.00442181
0.00441768
0.00441311
0.00440877
0.00440438
0.0043999
0.00439554
0.00439113
0.00438665
0.00438249
0.00437779
0.0043735
0.00436924
0.00436444
0.00436037
0.00435604
0.00435153
0.00434725
0.004343
0.00433861
0.00433424
0.00432984
0.00432569
0.0043214
0.00431677
0.00431266
0.00430834
0.00430379
0.00429957
0.00429549
0.00429095
0.00428694
0.00428225
0.00427833
0.00427355
0.00426961
0.00426522
0.00426111
0.00425683
0.0042523
0.00424828
0.00424407
0.00423946
0.0042357
0.00423134
0.00422714
0.0042226
0.00421873
0.00421418
0.00421031
0.00420585
0.00420164
0.00419759
0.00419331
0.00418903
0.00418494
0.00418084
0.00417642
0.00417227
0.00416815
0.00416398
0.00415981
0.00415566
0.00415159
0.00414715
0.00414305
0.00413907
0.00413463
0.00413092
0.00412676
0.00412256
0.00411829
0.00411423
0.00411017
0.00410615
0.00410189
0.00409782
0.00409366
0.00408951
0.00408549
0.00408155
0.00407742
0.00407311
0.0040693
0.00406506
0.00406078
0.00405699
0.00405307
0.00404864
0.00404489
0.00404081
0.00403667
0.0040327
0.00402864
0.00402477
0.00402057
0.0040164
0.00401269
0.00400846
0.00400462
0.00400055
0.0039966
0.00399239
0.00398877
0.00398428
0.00398061
0.00397663
0.00397248
0.00396868
0.0039645
0.00396078
0.00395662
0.00395287
0.0039486
0.00394487
0.00394096
0.00393679
0.00393317
0.00392896
0.00392518
0.00392109
0.00391725
0.00391341
0.00390934
0.00390562
0.00390131
0.00389788
0.00389376
0.00388987
0.00388609
0.00388221
0.0038782
0.00387443
0.00387058
0.00386683
0.00386268
0.00385901
0.00385509
0.00385122
0.00384731
0.0038435
0.00383977
0.00383573
0.00383214
0.00382805
0.00382419
0.00382056
0.00381681
0.00381292
0.00380915
0.00380533
0.00380148
0.00379755
0.00379383
0.00378992
0.00378636
0.00378228
0.0037791
0.00377476
0.00377132
0.0037672
0.00376375
0.00375973
0.0037559
0.00375241
0.00374858
0.0037446
0.00374139
0.00373724
0.00373378
0.00372983
0.00372618
0.00372225
0.00371874
0.00371498
0.00371125
0.00370735
0.00370368
0.00370035
0.00369611
0.0036929
0.00368887
0.00368542
0.00368157
0.00367797
0.00367424
0.00367082
0.00366706
0.00366332
0.00365963
0.00365583
0.00365261
0.00364885
0.00364503
0.00364124
0.00363784
0.00363394
0.00363055
0.00362684
0.00362324
0.00361952
0.00361591
0.00361259
0.00360886
0.0036049
0.00360171
0.00359797
0.00359424
0.00359075
0.0035871
0.00358366
0.00357992
0.00357648
0.00357271
0.00356926
0.00356589
0.0035619
0.00355872
0.00355507
0.00355145
0.00354801
0.0035442
0.00354109
0.00353719
0.00353359
0.0035305
0.00352685
0.00352322
0.00351962
0.00351622
0.00351267
0.00350916
0.00350552
0.00350215
0.00349866
0.00349503
0.00349188
0.00348804
0.00348465
0.00348108
0.0034776
0.0034742
0.00347057
0.0034675
0.00346365
0.00346038
0.00345693
0.00345322
0.00344995
0.00344646
0.00344298
0.00343986
0.00343631
0.00343273
0.00342913
0.00342611
0.00342239
0.00341918
0.00341563
0.00341206
0.00340903
0.00340533
0.00340198
0.00339847
0.00339538
0.00339173
0.00338859
0.00338493
0.00338174
0.00337804
0.00337503
0.0033716
0.00336813
0.00336486
0.00336137
0.00335822
0.00335473
0.00335142
0.00334812
0.00334459
0.00334164
0.00333812
0.0033348
0.00333142
0.00332798
0.00332474
0.00332151
0.00331772
0.00331474
0.00331154
0.00330809
0.00330474
0.00330166
0.00329827
0.00329497
0.00329177
0.00328833
0.00328511
0.00328185
0.00327868
0.00327525
0.0032721
0.00326857
0.00326549
0.00326222
0.00325905
0.00325558
0.00325261
0.00324913
0.00324609
0.00324263
0.00323972
0.00323607
0.00323314
0.00322957
0.00322651
0.00322329
0.00322008
0.00321717
0.00321352
0.00321045
0.00320731
0.00320411
0.00320093
0.00319774
0.00319437
0.00319136
0.00318835
0.00318464
0.0031817
0.00317878
0.00317524
0.00317214
0.00316902
0.00316592
0.00316267
0.00315948
0.00315636
0.00315335
0.00315
0.00314696
0.00314373
0.00314064
0.00313776
0.00313436
0.00313129
0.00312806
0.00312533
0.00312181
0.00311878
0.00311559
0.00311264
0.00310948
0.00310619
0.00310317
0.00310022
0.00309713
0.00309376
0.0030909
0.00308787
0.00308468
0.00308182
0.00307833
0.00307547
0.00307265
0.00306925
0.00306633
0.00306311
0.00306023
0.00305715
0.0030539
0.00305102
0.00304793
0.00304521
0.00304188
0.00303855
0.00303592
0.00303282
0.0030299
0.00302656
0.00302364
0.00302062
0.00301774
0.00301465
0.0030116
0.00300855
0.00300567
0.00300265
0.00299965
0.00299658
0.00299387
0.00299078
0.00298775
0.00298458
0.00298177
0.00297905
0.00297573
0.00297277
0.00296984
0.00296692
0.00296381
0.00296103
0.0029581
0.00295501
0.00295196
0.00294925
0.00294621
0.00294336
0.00294027
0.00293737
0.00293442
0.00293166
0.00292866
0.00292561
0.0029229
0.0029197
0.00291676
0.00291418
0.00291114
0.00290818
0.00290514
0.00290252
0.00289947
0.00289662
0.0028938
0.00289083
0.00288806
0.00288516
0.00288214
0.00287932
0.00287658
0.00287346
0.00287066
0.00286794
0.00286499
0.00286203
0.00285951
0.00285633
0.0028535
0.00285095
0.0028478
0.00284493
0.00284206
0.00283938
0.00283668
0.00283367
0.00283069
0.00282798
0.00282542
0.00282247
0.00281956
0.0028168
0.00281414
0.00281118
0.00280818
0.00280563
0.00280264
0.00279992
0.00279705
0.00279431
0.00279173
0.00278878
0.00278605
0.00278315
0.00278034
0.00277775
0.00277508
0.00277211
0.00276925
0.00276665
0.00276399
0.00276093
0.00275817
0.00275562
0.00275296
0.00275015
0.0027473
0.00274456
0.00274216
0.00273908
0.00273646
0.0027336
0.00273102
0.0027282
0.00272543
0.00272287
0.00272014
0.00271735
0.00271467
0.00271174
0.00270931
0.00270684
0.00270357
0.00270113
0.00269855
0.00269553
0.00269298
0.00269056
0.00268772
0.00268491
0.00268216
0.00267961
0.00267691
0.0026743
0.00267153
0.00266884
0.00266616
0.00266363
0.00266097
0.00265848
0.00265563
0.00265301
0.0026503
0.00264771
0.00264502
0.00264239
0.00263966
0.00263731
0.00263444
0.00263197
0.00262926
0.00262664
0.00262412
0.00262147
0.00261889
0.00261615
0.00261365
0.00261096
0.0026085
0.00260579
0.00260307
0.00260058
0.00259818
0.00259534
0.00259276
0.00259015
0.00258753
0.00258511
0.00258257
0.00257969
0.00257726
0.00257484
0.0025722
0.00256967
0.002567
0.00256451
0.00256215
0.00255915
0.00255677
0.00255429
0.00255164
0.00254905
0.00254656
0.00254433
0.00254183
0.00253868
0.00253655
0.00253409
0.00253138
0.002529
0.00252647
0.0025239
0.00252133
0.00251883
0.00251617
0.00251393
0.00251163
0.0025089
0.00250611
0.00250368
0.00250158
0.00249889
0.00249622
0.00249377
0.00249145
0.00248889
0.00248632
0.00248391
0.00248126
0.00247905
0.00247626
0.00247414
0.0024715
0.00246917
0.00246661
0.00246402
0.00246165
0.00245926
0.00245675
0.0024545
0.00245173
0.00244943
0.00244715
0.00244472
0.00244205
0.00243969
0.00243713
0.00243498
0.00243249
0.00242984
0.00242751
0.00242533
0.00242243
0.00242036
0.00241798
0.00241543
0.002413
0.00241087
0.00240814
0.00240581
0.00240351
0.00240104
0.00239876
0.00239625
0.0023939
0.00239138
0.00238916
0.00238658
0.00238455
0.0023818
0.00237958
0.00237725
0.00237495
0.00237231
0.00236999
0.00236787
0.00236538
0.00236307
0.00236084
0.00235835
0.00235573
0.00235359
0.00235139
0.00234886
0.00234663
0.0023443
0.00234197
0.00233962
0.00233719
0.00233495
0.00233253
0.00233018
0.00232792
0.00232562
0.00232337
0.00232089
0.00231866
0.00231623
0.00231412
0.00231174
0.00230932
0.00230714
0.00230448
0.00230249
0.00230041
0.00229802
0.00229543
0.0022933
0.00229096
0.00228885
0.00228665
0.00228419
0.00228163
0.00227961
0.00227758
0.0022752
0.00227294
0.00227036
0.00226816
0.00226594
0.00226387
0.00226134
0.00225958
0.00225693
0.00225456
0.0022525
0.00225032
0.00224815
0.00224576
0.00224341
0.0022412
0.00223918
0.00223683
0.00223461
0.00223238
0.00223022
0.0022278
0.00222566
0.00222352
0.00222133
0.00221901
0.002217
0.00221444
0.00221254
0.00221033
0.00220792
0.00220571
0.00220353
0.00220151
0.00219919
0.00219696
0.00219496
0.00219276
0.00219041
0.00218806
0.00218612
0.00218401
0.0021819
0.0021796
0.00217722
0.00217528
0.00217312
0.00217088
0.00216865
0.00216666
0.0021642
0.0021622
0.00216001
0.00215792
0.00215576
0.00215369
0.00215143
0.0021493
0.00214721
0.00214498
0.00214292
0.00214079
0.00213844
0.00213655
0.00213431
0.00213221
0.00212995
0.00212797
0.00212595
0.00212391
0.00212152
0.00211952
0.00211745
0.00211535
0.0021132
0.00211114
0.0021087
0.00210693
0.00210477
0.00210276
0.00210057
0.00209846
0.00209624
0.00209433
0.00209224
0.00209032
0.00208803
0.0020859
0.00208366
0.00208171
0.00207989
0.00207767
0.00207573
0.0020735
0.0020712
0.00206927
0.00206736
0.00206553
0.00206315
0.00206097
0.00205894
0.00205705
0.00205505
0.00205293
0.00205095
0.00204878
0.0020468
0.00204473
0.00204279
0.00204051
0.0020384
0.0020366
0.0020346
0.00203249
0.00203034
0.00202836
0.00202651
0.00202459
0.00202226
0.00202054
0.00201844
0.00201624
0.00201421
0.00201242
0.00201048
0.0020084
0.00200612
0.0020044
0.0020024
0.00200038
0.00199832
0.00199639
0.00199423
0.0019921
0.00199041
0.00198857
0.00198633
0.00198437
0.00198264
0.00198049
0.0019785
0.00197663
0.00197458
0.00197255
0.00197048
0.00196867
0.00196705
0.00196476
0.00196252
0.00196089
0.00195892
0.00195693
0.00195477
0.00195308
0.00195121
0.00194905
0.00194708
0.00194515
0.00194334
0.00194132
0.00193948
0.00193765
0.00193553
0.00193333
0.00193168
0.00192991
0.00192786
0.00192582
0.00192403
0.00192205
0.00192001
0.00191819
0.00191641
0.00191463
0.00191246
0.00191062
0.00190861
0.00190692
0.0019049
0.00190297
0.00190109
0.00189918
0.00189737
0.00189539
0.00189347
0.00189161
0.00188994
0.0018879
0.00188587
0.00188411
0.00188218
0.00188039
0.00187833
0.0018764
0.00187498
0.001873
0.0018708
0.00186905
0.0018674
0.00186547
0.00186348
0.00186151
0.00185997
0.00185816
0.00185617
0.00185429
0.00185224
0.0018505
0.00184854
0.00184693
0.00184517
0.00184338
0.00184142
0.00183958
0.00183758
0.00183562
0.00183401
0.0018323
0.00183043
0.00182844
0.00182667
0.00182483
0.00182307
0.00182134
0.00181951
0.0018175
0.00181571
0.00181402
0.00181224
0.00181053
0.00180846
0.00180682
0.00180513
0.00180327
0.00180123
0.00179966
0.00179786
0.00179607
0.00179438
0.00179221
0.00179065
0.00178902
0.00178704
0.00178523
0.00178336
0.00178178
0.00178003
0.00177817
0.00177633
0.00177453
0.001773
0.00177103
0.00176932
0.00176749
0.00176568
0.00176403
0.00176226
0.00176059
0.00175883
0.0017572
0.00175522
0.00175341
0.00175174
0.00175012
0.00174846
0.00174668
0.00174476
0.00174314
0.00174132
0.00173963
0.00173776
0.00173611
0.00173455
0.00173275
0.00173103
0.00172929
0.00172742
0.00172571
0.00172399
0.00172238
0.00172047
0.00171888
0.00171715
0.00171547
0.00171377
0.00171204
0.0017105
0.00170861
0.00170685
0.00170524
0.00170359
0.00170187
0.00170012
0.0016983
0.0016967
0.00169515
0.00169344
0.00169154
0.00168987
0.00168811
0.00168666
0.00168515
0.00168323
0.00168161
0.00167968
0.0016781
0.00167658
0.00167492
0.00167331
0.00167176
0.00166987
0.00166797
0.00166631
0.00166485
0.00166322
0.00166178
0.00165977
0.00165812
0.00165653
0.00165494
0.00165334
0.00165158
0.00164991
0.00164838
0.00164681
0.001645
0.00164332
0.00164179
0.00164029
0.00163862
0.00163682
0.00163499
0.00163375
0.00163225
0.00163044
0.00162862
0.00162675
0.00162555
0.00162406
0.00162235
0.00162062
0.00161892
0.00161743
0.00161584
0.0016143
0.00161263
0.0016111
0.00160937
0.00160754
0.00160605
0.00160464
0.00160309
0.00160141
0.00159967
0.00159816
0.00159665
0.00159494
0.00159324
0.00159181
0.00159016
0.00158874
0.00158702
0.00158558
0.00158389
0.00158236
0.00158074
0.001579
0.00157744
0.00157605
0.00157443
0.0015731
0.00157146
0.00156949
0.00156794
0.00156661
0.00156522
0.00156367
0.00156179
0.00156028
0.00155871
0.0015573
0.00155586
0.00155427
0.00155263
0.0015509
0.00154952
0.0015478
0.00154643
0.00154514
0.00154348
0.00154161
0.00154031
0.00153866
0.0015371
0.00153581
0.00153423
0.00153273
0.00153105
0.00152961
0.00152812
0.00152635
0.00152493
0.00152328
0.00152206
0.00152046
0.0015191
0.00151756
0.00151577
0.00151432
0.00151273
0.00151127
0.00150985
0.00150851
0.00150696
0.00150547
0.00150375
0.00150216
0.0015007
0.00149936
0.00149806
0.0014965
0.00149478
0.0014934
0.0014917
0.00149028
0.00148897
0.00148743
0.00148593
0.00148453
0.00148305
0.00148173
0.00148011
0.00147866
0.00147701
0.00147548
0.00147415
0.00147285
0.00147135
0.00146975
0.00146844
0.00146692
0.00146541
0.00146392
0.0014624
0.00146098
0.00145958
0.00145816
0.00145669
0.00145514
0.00145368
0.00145225
0.0014509
0.00144947
0.00144792
0.00144656
0.00144504
0.00144368
0.00144224
0.0014407
0.00143922
0.00143774
0.00143652
0.00143523
0.00143395
0.00143217
0.00143054
0.00142929
0.00142781
0.00142652
0.00142522
0.00142342
0.00142229
0.00142087
0.00141942
0.00141821
0.00141651
0.00141519
0.00141383
0.00141229
0.00141085
0.00140936
0.00140808
0.00140676
0.00140532
0.00140393
0.00140257
0.00140099
0.00139962
0.00139835
0.00139697
0.00139557
0.00139418
0.00139271
0.0013914
0.00139001
0.0013885
0.00138723
0.00138582
0.00138449
0.00138325
0.00138185
0.00138025
0.00137884
0.00137751
0.00137622
0.00137491
0.00137359
0.00137206
0.00137077
0.00136918
0.00136795
0.00136651
0.00136537
0.00136383
0.00136248
0.00136114
0.00135982
0.00135847
0.00135719
0.00135583
0.00135423
0.00135304
0.00135149
0.00135037
0.00134918
0.0013478
0.00134658
0.00134501
0.0013436
0.00134233
0.00134093
0.00133968
0.00133834
0.00133702
0.0013359
0.00133446
0.00133308
0.00133161
0.00133019
0.0013289
0.00132783
0.0013266
0.00132532
0.00132394
0.00132233
0.0013209
0.00131974
0.00131836
0.00131708
0.00131607
0.00131478
0.00131317
0.00131184
0.00131058
0.00130925
0.00130818
0.00130687
0.00130547
0.00130413
0.00130265
0.00130152
0.00130015
0.00129906
0.00129784
0.00129642
0.00129513
0.00129367
0.00129228
0.00129101
0.00128999
0.00128863
0.00128747
0.00128617
0.00128482
0.00128345
0.00128198
0.00128091
0.00127974
0.0012784
0.00127708
0.00127601
0.00127462
0.0012732
0.00127204
0.00127086
0.00126974
0.0012685
0.00126686
0.0012654
0.00126444
0.00126319
0.00126199
0.00126082
0.00125965
0.00125827
0.00125677
0.00125552
0.00125443
0.00125323
0.00125203
0.00125066
0.0012495
0.00124839
0.00124691
0.00124564
0.00124448
0.00124341
0.00124195
0.00124077
0.00123946
0.00123828
0.00123696
0.00123588
0.00123477
0.00123338
0.00123217
0.00123082
0.00122973
0.0012285
0.0012272
0.00122615
0.0012248
0.00122367
0.00122237
0.00122106
0.00121985
0.00121865
0.00121755
0.00121639
0.00121519
0.00121404
0.00121247
0.00121139
0.00121014
0.00120913
0.00120795
0.00120683
0.00120558
0.00120416
0.00120283
0.00120176
0.0012006
0.00119965
0.00119818
0.00119702
0.00119617
0.0011947
0.00119335
0.00119237
0.00119127
0.00118986
0.00118871
0.00118758
0.00118643
0.00118524
0.00118411
0.00118295
0.00118173
0.00118059
0.00117926
0.00117791
0.00117686
0.00117577
0.00117459
0.00117352
0.00117255
0.00117128
0.00116995
0.00116866
0.00116767
0.00116659
0.00116532
0.00116429
0.0011632
0.00116168
0.00116053
0.00115945
0.00115847
0.00115733
0.00115612
0.00115496
0.0011536
0.00115237
0.00115151
0.00115029
0.00114934
0.00114808
0.00114678
0.00114576
0.00114463
0.00114347
0.00114239
0.00114122
0.00114005
0.00113895
0.00113795
0.00113672
0.00113553
0.00113449
0.00113317
0.00113224
0.00113119
0.00112998
0.00112889
0.00112751
0.00112647
0.00112551
0.00112435
0.00112323
0.00112212
0.00112087
0.00111971
0.00111854
0.00111781
0.00111662
0.00111567
0.00111433
0.00111318
0.00111191
0.00111083
0.00110981
0.00110888
0.00110768
0.0011067
0.00110552
0.00110437
0.00110322
0.00110203
0.00110095
0.00109995
0.00109895
0.00109787
0.00109672
0.00109542
0.00109443
0.00109357
0.00109248
0.00109121
0.00109018
0.00108919
0.00108788
0.0010869
0.00108589
0.00108497
0.0010837
0.00108285
0.00108141
0.0010803
0.00107924
0.00107834
0.00107734
0.00107636
0.00107533
0.00107423
0.00107305
0.00107175
0.0010707
0.00106981
0.00106872
0.00106763
0.00106666
0.00106534
0.00106439
0.00106343
0.0010624
0.00106142
0.00106028
0.00105931
0.00105813
0.00105696
0.00105607
0.00105491
0.00105396
0.00105279
0.00105179
0.00105072
0.00104973
0.00104869
0.00104786
0.00104684
0.00104561
0.00104445
0.00104345
0.00104234
0.00104132
0.00104031
0.00103945
0.00103845
0.00103748
0.00103631
0.00103513
0.001034
0.00103313
0.0010321
0.00103109
0.00102998
0.00102922
0.00102811
0.00102703
0.00102606
0.00102499
0.00102393
0.00102293
0.001022
0.00102077
0.00101981
0.00101888
0.00101791
0.00101701
0.00101594
0.00101502
0.00101397
0.00101279
0.00101176
0.00101075
0.00100985
0.00100873
0.00100777
0.00100691
0.00100567
0.00100473
0.00100393
0.00100305
0.00100183
0.00100094
0.000999983
0.000998696
0.000997707
0.000996769
0.000995807
0.000994951
0.000994092
0.000992941
0.000992047
0.000990902
0.000989801
0.000988967
0.000988116
0.000987056
0.000986141
0.000985077
0.00098412
0.000983175
0.000982067
0.000981205
0.0009801
0.000979283
0.00097821
0.000977156
0.000976336
0.000975296
0.000974289
0.000973306
0.000972331
0.000971451
0.000970447
0.000969488
0.00096865
0.000967618
0.000966736
0.000965628
0.000964712
0.000963632
0.000962653
0.000961704
0.000960959
0.000959968
0.000959071
0.000958202
0.000957112
0.000956092
0.000955329
0.000954226
0.000953145
0.000952328
0.000951491
0.00095038
0.000949487
0.000948471
0.000947577
0.000946687
0.000945653
0.000944804
0.000944098
0.000942884
0.000941888
0.000941008
0.000940112
0.00093919
0.000938343
0.000937308
0.000936304
0.000935445
0.000934567
0.000933609
0.000932577
0.000931712
0.000930784
0.000929796
0.000928959
0.000928141
0.000927236
0.000926359
0.000925368
0.00092435
0.000923545
0.000922508
0.000921531
0.000920694
0.000919812
0.000918895
0.000918084
0.000917116
0.000916174
0.000915182
0.000914356
0.000913356
0.000912552
0.000911632
0.000910684
0.000909953
0.0009086
0.000907697
0.00090705
0.000906213
0.000905495
0.000904599
0.000903697
0.00090271
0.000901898
0.000900846
0.000899787
0.000898799
0.000898169
0.000897298
0.000896354
0.000895535
0.000894662
0.000893576
0.000892698
0.00089204
0.000891026
0.000890062
0.000889416
0.000888491
0.000887667
0.00088667
0.000885674
0.000884679
0.000883909
0.00088313
0.000882237
0.000881432
0.000880693
0.000879734
0.000878829
0.000877977
0.000876878
0.000876051
0.000875268
0.000874313
0.000873406
0.00087253
0.000871851
0.000871008
0.000870126
0.000869284
0.000868402
0.000867545
0.000866512
0.000865728
0.000865062
0.000864083
0.000863001
0.000862219
0.000861292
0.000860622
0.000859899
0.000859065
0.000858185
0.000857331
0.000856384
0.000855432
0.000854587
0.000853614
0.000852769
0.000852132
0.000851348
0.000850465
0.00084971
0.000848917
0.000847977
0.000847095
0.000846369
0.000845316
0.000844612
0.000843793
0.00084289
0.000842144
0.000841163
0.000840151
0.000839443
0.000838738
0.000838021
0.000837198
0.000836269
0.000835317
0.000834463
0.000833595
0.000832734
0.000832084
0.000831271
0.000830513
0.000829663
0.000828768
0.000828083
0.000827095
0.000826397
0.000825471
0.000824606
0.000823917
0.000823079
0.000822251
0.000821448
0.000820715
0.000819644
0.000818992
0.000818129
0.000817241
0.000816681
0.000815769
0.000815004
0.00081404
0.000813334
0.000812555
0.000811703
0.000811009
0.000810112
0.000809322
0.0008086
0.000807781
0.00080686
0.000805916
0.000805137
0.000804527
0.000803688
0.000803001
0.000802047
0.000801299
0.000800593
0.0007997
0.000798907
0.000798163
0.000797338
0.000796442
0.000795674
0.000794849
0.000794139
0.000793443
0.000792643
0.000791801
0.000791043
0.000790234
0.000789462
0.000788726
0.000787974
0.000787161
0.000786312
0.000785594
0.000784738
0.000783895
0.000783319
0.000782449
0.000781903
0.000781094
0.000780375
0.000779443
0.000778682
0.000777879
0.000777043
0.000776167
0.000775161
0.000774512
0.000774009
0.000773247
0.000772464
0.000771784
0.000770857
0.000770156
0.000769473
0.000768769
0.000768
0.000767205
0.000766298
0.000765597
0.00076486
0.000764033
0.000763336
0.000762637
0.000761918
0.000761119
0.000760204
0.000759427
0.000758768
0.000757923
0.000757225
0.000756525
0.000755818
0.00075514
0.000754379
0.000753647
0.000752908
0.000752036
0.000751368
0.000750688
0.000749719
0.000748981
0.000748438
0.000747624
0.000746948
0.000746214
0.000745373
0.000744779
0.000744019
0.000743104
0.000742324
0.000741634
0.000741017
0.000740374
0.000739553
0.000738875
0.000738067
0.000737363
0.000736663
0.000735873
0.000735106
0.000734437
0.0007337
0.000732881
0.000732119
0.000731623
0.000730786
0.000730199
0.000729349
0.00072865
0.000727909
0.000727195
0.000726393
0.000725669
0.000724902
0.000724184
0.000723578
0.000722969
0.000722167
0.000721487
0.000720796
0.000720127
0.000719287
0.000718419
0.000717931
0.000717109
0.000716389
0.000715585
0.000715007
0.000714435
0.000713772
0.000713148
0.000712464
0.000711592
0.000710913
0.000709921
0.000709203
0.000708558
0.000707843
0.000707145
0.0007066
0.000705996
0.000705292
0.000704626
0.000703941
0.000703178
0.000702274
0.000701649
0.000701089
0.000700403
0.000699548
0.000698986
0.000698168
0.00069759
0.000696994
0.000696399
0.000695582
0.000694687
0.000693928
0.000693428
0.000692708
0.000692053
0.000691488
0.000690725
0.000690113
0.000689406
0.00068874
0.000687973
0.000687406
0.000686666
0.000685942
0.000685269
0.000684519
0.000683832
0.000683246
0.000682716
0.000681966
0.000681106
0.000680363
0.000679772
0.000679122
0.00067856
0.000677787
0.00067722
0.000676565
0.000675948
0.000675227
0.000674541
0.000673922
0.000673256
0.00067227
0.000671729
0.000671177
0.000670445
0.000669858
0.00066917
0.000668561
0.000667899
0.000667291
0.000666709
0.000665833
0.00066516
0.000664524
0.000663804
0.000663212
0.000662688
0.000661997
0.000661392
0.000660811
0.00065987
0.000659248
0.000658637
0.000657994
0.000657367
0.000656644
0.000656009
0.000655314
0.000654645
0.000653964
0.000653506
0.00065284
0.000652214
0.000651532
0.000650865
0.000650307
0.000649579
0.000648912
0.000648411
0.000647731
0.000647013
0.000646462
0.000645822
0.000645175
0.000644666
0.000643899
0.000643253
0.0006428
0.000642171
0.000641452
0.000640811
0.000640143
0.000639457
0.000638786
0.000638033
0.000637431
0.000636812
0.000636267
0.000635558
0.000635059
0.000634325
0.000633806
0.000633234
0.000632711
0.000632149
0.000631342
0.000630624
0.000630015
0.000629368
0.000628676
0.000627992
0.000627447
0.000626961
0.000626197
0.00062562
0.000625028
0.000624358
0.000623863
0.000623413
0.000622721
0.000622135
0.000621448
0.000620827
0.000620159
0.000619533
0.000618894
0.000618197
0.000617649
0.000616986
0.000616412
0.000615841
0.000615243
0.000614637
0.000614099
0.000613498
0.000612972
0.000612268
0.00061169
0.000611243
0.000610318
0.000609818
0.000609192
0.000608539
0.00060793
0.000607433
0.000606706
0.000606115
0.000605564
0.000605061
0.00060445
0.000603834
0.000603341
0.000602782
0.000601957
0.000601426
0.000600812
0.000600206
0.000599712
0.000599043
0.000598565
0.00059809
0.000597466
0.000596847
0.000596229
0.000595615
0.000595065
0.000594378
0.000593845
0.000593199
0.000592494
0.000591855
0.000591354
0.000590696
0.000590182
0.000589679
0.000589073
0.00058843
0.000587959
0.000587467
0.000586933
0.000586297
0.000585726
0.000585093
0.00058458
0.00058403
0.000583429
0.000582721
0.000582284
0.000581612
0.000580927
0.00058034
0.000579792
0.000579348
0.000578678
0.00057822
0.000577603
0.000577079
0.000576377
0.000575796
0.000575282
0.000574669
0.000574203
0.000573671
0.000573173
0.000572678
0.000571903
0.000571471
0.000570844
0.000570286
0.00056978
0.000569221
0.000568602
0.000567799
0.000567323
0.00056675
0.00056625
0.00056568
0.000565046
0.000564652
0.00056414
0.000563452
0.000562908
0.000562323
0.000561901
0.00056141
0.000560869
0.000560263
0.000559611
0.000559179
0.000558607
0.000558055
0.000557464
0.000556767
0.000556438
0.00055587
0.000555273
0.00055461
0.000554144
0.000553522
0.000553144
0.000552485
0.000551978
0.000551553
0.000550922
0.000550405
0.000549788
0.000549263
0.000548604
0.000548107
0.000547493
0.000547001
0.000546472
0.000545961
0.000545575
0.00054497
0.000544405
0.000543881
0.000543186
0.000542896
0.00054236
0.000541847
0.000541236
0.000540733
0.000540217
0.000539594
0.000539007
0.000538465
0.000537942
0.000537405
0.000536956
0.000536511
0.000535997
0.000535377
0.000534848
0.000534252
0.000533747
0.000533153
0.000532732
0.000532096
0.000531667
0.000531128
0.000530741
0.000530261
0.000529654
0.000529184
0.000528575
0.000528006
0.000527484
0.000526984
0.000526385
0.000525855
0.00052524
0.000524648
0.000524174
0.000523688
0.000523205
0.000522754
0.000522395
0.000521868
0.000521514
0.000521072
0.000520484
0.000519915
0.000519391
0.000518793
0.000518114
0.000517587
0.000517138
0.000516636
0.000516107
0.00051561
0.000515149
0.000514632
0.000514204
0.000513826
0.000513234
0.000512749
0.000512154
0.000511419
0.000510935
0.000510425
0.000509987
0.000509626
0.000509089
0.000508577
0.000508167
0.000507674
0.000507153
0.000506659
0.000506128
0.000505759
0.000505404
0.000504837
0.000504177
0.00050355
0.000503069
0.000502659
0.000502041
0.000501512
0.000501065
0.000500437
0.000500046
0.000499596
0.000499198
0.000498848
0.000498414
0.000497952
0.000497477
0.000496809
0.00049633
0.000495719
0.00049522
0.00049471
0.000494228
0.000493754
0.000493234
0.000492648
0.000492359
0.000491903
0.000491452
0.000491004
0.000490544
0.000490032
0.000489417
0.000489085
0.000488491
0.000487946
0.000487402
0.000486918
0.00048649
0.000486048
0.000485462
0.000485021
0.000484602
0.000484174
0.000483812
0.000483368
0.000483011
0.000482409
0.000482026
0.000481517
0.000480847
0.000480403
0.000479866
0.000479398
0.000478835
0.00047832
0.000477891
0.000477391
0.000477012
0.000476423
0.000476072
0.000475701
0.000475217
0.000474796
0.000474375
0.000473931
0.000473429
0.00047312
0.000472565
0.000471965
0.000471399
0.000470988
0.000470584
0.000470037
0.000469626
0.000469196
0.000468765
0.000468311
0.000467813
0.000467374
0.000467055
0.000466405
0.000466049
0.000465624
0.000465086
0.000464621
0.000464036
0.000463602
0.000463101
0.000462744
0.000462209
0.000461775
0.000461304
0.000460914
0.000460481
0.000460062
0.000459676
0.000459283
0.000458801
0.000458399
0.000457882
0.000457395
0.000457053
0.000456525
0.000455931
0.00045542
0.000455038
0.000454636
0.000454222
0.000453624
0.000453207
0.000452755
0.000452376
0.000451998
0.00045152
0.000451221
0.000450766
0.000450353
0.000449942
0.000449517
0.000448892
0.00044853
0.00044803
0.000447556
0.000447099
0.00044663
0.000446176
0.000445655
0.000445232
0.000444725
0.000444381
0.00044395
0.000443629
0.00044317
0.000442758
0.000442409
0.000441937
0.000441615
0.000441143
0.000440781
0.000440236
0.000439881
0.000439466
0.000438841
0.000438285
0.000437808
0.00043745
0.000437074
0.000436682
0.000436098
0.000435786
0.000435354
0.000434954
0.000434609
0.000434141
0.00043371
0.000433197
0.00043278
0.000432503
0.000432046
0.000431625
0.000431301
0.000430826
0.000430381
0.000429978
0.000429432
0.000429103
0.000428536
0.000428162
0.000427704
0.000427276
0.000427003
0.000426472
0.000426141
0.000425662
0.0004253
0.000424783
0.000424345
0.000423933
0.000423554
0.000423071
0.000422701
0.000422419
0.000421911
0.000421593
0.000421099
0.000420707
0.000420239
0.000419973
0.000419564
0.000418977
0.000418703
0.000418272
0.000417907
0.000417344
0.000416964
0.000416581
0.000416101
0.000415754
0.000415411
0.000414949
0.000414762
0.000414239
0.000413851
0.000413391
0.000412927
0.00041265
0.000412141
0.0004118
0.000411372
0.000410965
0.000410518
0.000409999
0.000409636
0.000409187
0.000408778
0.000408407
0.000408116
0.000407835
0.000407355
0.000406926
0.000406597
0.000406054
0.00040582
0.000405423
0.00040496
0.000404504
0.000404095
0.000403742
0.000403248
0.0004029
0.000402568
0.000402181
0.000401701
0.000401262
0.000400903
0.000400546
0.000400183
0.000399773
0.000399454
0.000399027
0.000398633
0.000398354
0.000397869
0.000397549
0.000397199
0.000396713
0.000396286
0.000395791
0.000395532
0.000394931
0.000394601
0.00039428
0.000393999
0.000393522
0.000393235
0.000392857
0.00039245
0.000391968
0.000391649
0.000391311
0.000390906
0.00039048
0.000390148
0.000389715
0.000389344
0.000389027
0.000388749
0.000388193
0.000387816
0.000387443
0.000387
0.000386731
0.000386319
0.000385916
0.000385561
0.00038521
0.000384857
0.000384545
0.000384199
0.000383784
0.000383276
0.000382958
0.000382486
0.000382104
0.000381751
0.000381462
0.000381002
0.000380595
0.000380256
0.000379934
0.000379551
0.000379126
0.000378929
0.000378402
0.000378054
0.000377727
0.000377312
0.000376999
0.000376676
0.000376256
0.000375929
0.00037549
0.000375124
0.000374716
0.000374381
0.00037405
0.000373634
0.000373328
0.000373036
0.000372697
0.000372273
0.000371913
0.000371566
0.000371107
0.000370668
0.000370266
0.000369985
0.00036969
0.000369235
0.000368928
0.000368508
0.0003682
0.000367914
0.000367479
0.000367157
0.000366732
0.000366324
0.000365974
0.000365591
0.000365343
0.000364878
0.000364557
0.00036432
0.000363908
0.000363711
0.00036333
0.000362828
0.000362509
0.00036224
0.000361907
0.00036146
0.000361131
0.000360822
0.000360616
0.000360109
0.000359677
0.000359337
0.000358854
0.000358565
0.00035818
0.000357928
0.000357612
0.000357254
0.000356992
0.00035661
0.000356268
0.000355811
0.000355415
0.0003551
0.000354812
0.000354319
0.000354046
0.000353667
0.000353275
0.000352978
0.000352681
0.000352307
0.000351944
0.000351653
0.000351227
0.000350987
0.000350674
0.000350188
0.000349966
0.000349608
0.000349311
0.000348974
0.000348685
0.000348335
0.000348115
0.000347713
0.000347388
0.000347028
0.000346717
0.000346319
0.00034604
0.000345694
0.000345256
0.000344806
0.000344428
0.000344096
0.000343799
0.000343453
0.000343141
0.000342859
0.000342317
0.000342085
0.000341769
0.000341522
0.000341215
0.000340861
0.000340637
0.0003404
0.000340021
0.000339696
0.000339443
0.000339064
0.000338792
0.000338441
0.000338195
0.000337699
0.000337308
0.000336978
0.000336629
0.000336291
0.000335743
0.000335332
0.000335073
0.000334875
0.000334499
0.000334203
0.000333891
0.000333603
0.000333272
0.000332954
0.000332745
0.000332306
0.000332121
0.000331694
0.000331354
0.000331105
0.000330801
0.000330534
0.000330133
0.000329786
0.000329544
0.000329231
0.000328733
0.000328453
0.000328132
0.000327716
0.000327417
0.000327128
0.000326729
0.00032646
0.000326094
0.000325779
0.000325464
0.000325219
0.000324961
0.000324563
0.000324369
0.000323964
0.000323801
0.000323445
0.00032314
0.000322923
0.000322545
0.000322278
0.000322045
0.000321757
0.000321361
0.000321016
0.000320582
0.000320321
0.000319988
0.000319532
0.000319354
0.000318909
0.000318636
0.000318373
0.000318045
0.000317655
0.000317429
0.000317021
0.000316896
0.000316447
0.000316105
0.000315894
0.000315546
0.00031535
0.000315064
0.000314724
0.000314459
0.000314161
0.000313803
0.000313521
0.000313159
0.000312969
0.000312527
0.000312297
0.000311956
0.000311704
0.00031145
0.000311103
0.000310885
0.000310416
0.000310212
0.000309777
0.000309469
0.000309172
0.000308916
0.000308614
0.000308275
0.000308001
0.000307709
0.000307442
0.000307135
0.000306822
0.000306513
0.000306092
0.000306008
0.000305655
0.000305435
0.000305031
0.000304811
0.000304356
0.000303978
0.00030373
0.00030351
0.000303192
0.000302917
0.000302657
0.000302338
0.000301997
0.000301782
0.000301427
0.000301195
0.000300874
0.000300588
0.000300336
0.000300053
0.000299857
0.000299534
0.000299332
0.000298994
0.00029877
0.000298532
0.000298165
0.000297899
0.000297514
0.000297237
0.000296902
0.000296538
0.000296236
0.000296049
0.00029578
0.000295521
0.000295101
0.000294821
0.000294499
0.000294127
0.000293813
0.000293645
0.000293383
0.000292973
0.000292777
0.000292528
0.000292258
0.00029209
0.000291773
0.000291556
0.000291274
0.000291044
0.000290783
0.000290549
0.000290171
0.000289927
0.000289611
0.000289243
0.00028906
0.000288651
0.000288327
0.000288055
0.000287859
0.000287549
0.000287212
0.000286923
0.000286521
0.000286288
0.000285843
0.000285649
0.000285416
0.000285152
0.00028484
0.00028461
0.000284416
0.000284123
0.000283837
0.000283635
0.000283303
0.000283169
0.000282872
0.000282513
0.000282332
0.000282082
0.00028177
0.000281584
0.00028136
0.000281127
0.000280737
0.000280497
0.000280209
0.000279885
0.000279762
0.000279327
0.000279118
0.000278769
0.000278464
0.00027813
0.000277787
0.000277632
0.000277297
0.000277059
0.000276802
0.000276537
0.000276211
0.000275996
0.000275614
0.000275407
0.000275221
0.00027486
0.000274652
0.000274486
0.000274127
0.000273901
0.000273697
0.000273513
0.000273269
0.000272987
0.000272721
0.000272298
0.000272086
0.000271944
0.00027163
0.000271442
0.000271252
0.000270741
0.000270495
0.000270339
0.000270167
0.000269758
0.000269255
0.000269122
0.000268773
0.000268494
0.000268186
0.000267946
0.000267706
0.000267479
0.000267259
0.000266926
0.000266752
0.000266496
0.000266358
0.00026617
0.000265938
0.000265709
0.000265213
0.000265201
0.000264809
0.00026462
0.000264353
0.000264098
0.000263882
0.000263678
0.000263351
0.000263195
0.000262909
0.000262612
0.000262367
0.000261939
0.00026177
0.000261578
0.000261153
0.000260995
0.000260659
0.0002604
0.000260161
0.000259843
0.000259699
0.000259399
0.000259269
0.000258943
0.000258679
0.000258584
0.000258378
0.000258024
0.0002578
0.000257483
0.000257281
0.000257059
0.000256824
0.0002566
0.000256397
0.000256214
0.000255983
0.000255552
0.000255359
0.000255037
0.000254864
0.000254501
0.000254259
0.000253997
0.00025385
0.000253475
0.00025323
0.000253055
0.000252736
0.000252565
0.000252347
0.000252189
0.000251912
0.000251564
0.000251369
0.000251148
0.000250887
0.000250662
0.000250379
0.000250139
0.000249937
0.000249727
0.000249391
0.00024914
0.000248944
0.000248753
0.000248513
0.000248287
0.00024804
0.000247861
0.00024753
0.000247348
0.000247109
0.000246744
0.000246511
0.000246363
0.000246121
0.000245855
0.000245528
0.000245342
0.000245046
0.000244914
0.000244686
0.000244474
0.000244173
0.000243938
0.000243649
0.000243386
0.000243204
0.00024291
0.000242702
0.000242596
0.000242344
0.000242106
0.000241904
0.000241579
0.000241446
0.000241268
0.000241056
0.000240701
0.000240455
0.000240252
0.000240203
0.000239821
0.000239475
0.000239289
0.00023895
0.000238783
0.000238578
0.000238299
0.000238139
0.000237954
0.000237751
0.000237463
0.000237295
0.000237077
0.000236705
0.000236648
0.000236312
0.000236202
0.00023591
0.000235643
0.000235386
0.000235183
0.000234901
0.000234747
0.000234592
0.000234251
0.000234145
0.000233894
0.000233626
0.000233505
0.000233334
0.000233013
0.000232805
0.000232576
0.000232345
0.000232121
0.000231779
0.000231599
0.000231521
0.000231215
0.000231008
0.000230691
0.000230506
0.000230255
0.000230127
0.000229877
0.000229639
0.000229379
0.000229141
0.000228858
0.000228768
0.000228486
0.000228276
0.000227921
0.000227832
0.000227595
0.000227336
0.000227138
0.000226931
0.000226814
0.000226468
0.000226276
0.000226027
0.000225836
0.000225675
0.000225522
0.000225341
0.000225062
0.00022492
0.000224726
0.00022458
0.00022435
0.00022405
0.000223921
0.000223602
0.000223393
0.000223135
0.000222988
0.000222815
0.000222442
0.000222237
0.000222108
0.000221951
0.000221696
0.000221437
0.000221284
0.000221025
0.000220898
0.000220644
0.000220451
0.000220121
0.000220112
0.000219793
0.000219637
0.00021941
0.000219142
0.000218911
0.000218738
0.000218645
0.000218225
0.000218053
0.000217823
0.000217702
0.000217461
0.000217299
0.000216924
0.000216769
0.000216578
0.000216239
0.000216101
0.000215934
0.00021574
0.00021552
0.000215346
0.000215214
0.000214986
0.000214748
0.000214541
0.000214359
0.000213997
0.000213907
0.000213702
0.000213424
0.000213288
0.000213105
0.000212889
0.000212717
0.000212513
0.000212411
0.000212147
0.000211996
0.000211702
0.000211559
0.000211397
0.000211196
0.000211008
0.000210839
0.000210595
0.000210409
0.00021015
0.00020994
0.000209785
0.000209416
0.000209291
0.000209054
0.000208867
0.000208686
0.000208471
0.000208345
0.000208048
0.000207852
0.00020774
0.000207573
0.000207298
0.000207142
0.000206933
0.000206636
0.000206445
0.000206354
0.000206082
0.000205884
0.000205784
0.000205502
0.000205442
0.000205186
0.000204941
0.000204808
0.00020461
0.000204527
0.000204325
0.00020402
0.000203836
0.000203642
0.000203534
0.000203209
0.000202962
0.000202862
0.000202599
0.00020249
0.000202293
0.000202088
0.000201857
0.000201696
0.000201472
0.000201232
0.000201024
0.000200865
0.000200671
0.00020051
0.000200397
0.00020008
0.000199924
0.000199713
0.00019957
0.00019947
0.000199207
0.000198935
0.000198799
0.000198591
0.000198358
0.000198255
0.000198115
0.000197921
0.000197718
0.000197546
0.000197276
0.000197194
0.000196938
0.000196762
0.000196522
0.000196315
0.000196187
0.000196071
0.000195796
0.000195551
0.000195469
0.000195267
0.000195179
0.000194931
0.000194824
0.000194556
0.000194314
0.000194253
0.000194075
0.000193948
0.000193612
0.000193393
0.000193366
0.000193184
0.000192992
0.000192592
0.000192435
0.000192273
0.000192231
0.000191991
0.000191749
0.000191597
0.000191448
0.000191309
0.000191129
0.000191013
0.000190774
0.000190605
0.00019053
0.000190217
0.000190016
0.000189668
0.00018959
0.000189398
0.000189143
0.000189066
0.00018877
0.000188616
0.000188597
0.000188286
0.000188237
0.000187951
0.000187726
0.0001877
0.000187475
0.000187429
0.000187092
0.000186951
0.000186778
0.000186598
0.000186512
0.000186272
0.00018606
0.000185975
0.000185607
0.00018551
0.000185312
0.000185228
0.000185029
0.000184775
0.000184673
0.000184464
0.000184347
0.000184231
0.000184007
0.000183811
0.000183717
0.000183538
0.000183245
0.000183213
0.00018306
0.000182839
0.00018266
0.000182493
0.000182246
0.000182028
0.000181849
0.000181736
0.000181551
0.000181434
0.00018122
0.000180956
0.000180969
0.000180645
0.000180617
0.000180325
0.000180263
0.000179995
0.000179901
0.000179601
0.000179534
0.000179346
0.000179276
0.000179093
0.000178836
0.000178775
0.000178449
0.000178458
0.000178196
0.000177919
0.000177897
0.000177718
0.000177504
0.000177451
0.00017723
0.000177001
0.000176921
0.000176762
0.000176588
0.000176384
0.000176181
0.000176054
0.000175924
0.000175656
0.000175468
0.000175329
0.000175188
0.000175054
0.000174837
0.000174641
0.000174558
0.00017428
0.000174101
0.000174119
0.000173864
0.000173761
0.000173509
0.000173401
0.000173214
0.000173029
0.00017295
0.000172832
0.000172616
0.000172429
0.000172225
0.000172096
0.000171996
0.000171764
0.00017155
0.000171353
0.000171248
0.000171108
0.00017094
0.000170792
0.000170652
0.000170677
0.000170376
0.000170144
0.000170087
0.000169852
0.000169752
0.000169635
0.000169377
0.000169292
0.000169038
0.000168942
0.000168714
0.000168547
0.000168375
0.000168209
0.000168007
0.000167939
0.000167725
0.000167588
0.00016749
0.000167306
0.000167134
0.000167078
0.000166837
0.000166672
0.000166548
0.000166504
0.000166256
0.000166104
0.000165909
0.000165809
0.00016561
0.000165482
0.000165323
0.000165179
0.00016499
0.0001649
0.000164727
0.000164605
0.000164405
0.000164248
0.00016401
0.000163903
0.000163817
0.00016371
0.000163517
0.000163345
0.000163159
0.000163094
0.000162963
0.000162744
0.000162638
0.000162348
0.000162246
0.00016215
0.000161898
0.000161738
0.000161547
0.000161507
0.000161282
0.000161236
0.000160976
0.000160734
0.000160652
0.000160574
0.000160428
0.000160254
0.000160089
0.000160032
0.000159859
0.000159711
0.000159579
0.00015929
0.00015933
0.00015916
0.000158935
0.00015886
0.000158582
0.000158522
0.000158404
0.00015821
0.000158076
0.000157889
0.000157856
0.00015773
0.000157474
0.000157257
0.000157195
0.000157081
0.000156901
0.000156732
0.000156618
0.00015637
0.000156253
0.000156232
0.000156028
0.000155837
0.000155676
0.000155547
0.000155498
0.000155387
0.000155274
0.000155013
0.000154952
0.00015486
0.000154738
0.000154534
0.000154397
0.000154301
0.000154125
0.000154065
0.000153784
0.000153728
0.000153576
0.000153463
0.000153242
0.000153202
0.000153
0.000152865
0.000152743
0.000152578
0.00015243
0.000152159
0.000152145
0.000151888
0.00015174
0.000151477
0.000151313
0.000151237
0.00015111
0.000150904
0.000150851
0.000150703
0.000150573
0.000150386
0.000150362
0.000150124
0.000150001
0.000149876
0.00014977
0.000149598
0.000149415
0.000149264
0.000149161
0.000149136
0.00014883
0.000148893
0.000148721
0.000148444
0.00014844
0.000148216
0.000148038
0.000147925
0.000147838
0.000147868
0.000147643
0.000147505
0.000147398
0.000147106
0.000147096
0.000146945
0.000146779
0.000146563
0.000146551
0.000146378
0.000146362
0.000146228
0.000146022
0.000145965
0.000145659
0.000145591
0.000145419
0.000145424
0.000145278
0.000145118
0.000145027
0.000144763
0.000144742
0.000144552
0.000144444
0.000144265
0.000144179
0.000144066
0.00014389
0.000143692
0.000143623
0.000143518
0.000143417
0.000143157
0.00014306
0.000142907
0.000142799
0.000142628
0.000142514
0.000142416
0.000142386
0.000142027
0.000141944
0.000141779
0.00014167
0.000141474
0.000141354
0.000141144
0.000141109
0.000141031
0.00014075
0.00014069
0.000140628
0.000140574
0.000140289
0.00014023
0.000140146
0.000139878
0.0001399
0.000139667
0.000139608
0.000139463
0.000139301
0.000139232
0.000139097
0.000138971
0.000138882
0.000138728
0.000138662
0.000138462
0.000138216
0.000138184
0.000138078
0.000137987
0.000137814
0.000137747
0.000137607
0.000137524
0.000137455
0.000137338
0.000137075
0.000137026
0.000136827
0.000136715
0.000136715
0.000136446
0.000136363
0.000136156
0.000136189
0.000135952
0.000135885
0.000135707
0.000135616
0.000135475
0.000135588
0.000135372
0.000135039
0.000134989
0.000134938
0.000134831
0.000134685
0.000134617
0.000134533
0.000134318
0.000134161
0.00013408
0.000133947
0.000133848
0.000133747
0.000133619
0.000133398
0.000133369
0.000133125
0.000133061
0.000132971
0.000132865
0.000132686
0.00013251
0.000132483
0.000132296
0.000132013
0.000132017
0.000131794
0.000131685
0.000131573
0.000131459
0.000131292
0.000131248
0.000131069
0.000131056
0.000130863
0.00013068
0.000130659
0.000130391
0.000130539
0.000130356
0.000130182
0.000130019
0.000129917
0.000129797
0.000129703
0.000129574
0.000129545
0.000129455
0.000129364
0.000129153
0.00012915
0.000128944
0.00012882
0.00012886
0.000128607
0.000128461
0.00012833
0.000128296
0.000128108
0.000128091
0.000127925
0.000127771
0.000127654
0.00012756
0.000127399
0.000127329
0.000127167
0.000127113
0.000126968
0.000126874
0.000126745
0.000126577
0.00012662
0.000126523
0.000126288
0.000126178
0.000126065
0.000125936
0.000125892
0.000125725
0.000125576
0.000125404
0.000125486
0.000125199
0.000125091
0.000125158
0.000124877
0.000124742
0.000124684
0.00012445
0.00012444
0.000124208
0.000124115
0.000123993
0.000123831
0.000123718
0.000123661
0.000123494
0.000123353
0.000123251
0.00012314
0.000123057
0.000122991
0.000122824
0.000122794
0.000122593
0.000122529
0.000122464
0.000122324
0.000122294
0.000122129
0.000122061
0.000121988
0.000121792
0.000121753
0.000121705
0.000121542
0.000121389
0.000121385
0.000121148
0.00012108
0.000121012
0.000120989
0.000120869
0.000120676
0.000120542
0.000120463
0.000120443
0.000120251
0.000120246
0.000120027
0.000119948
0.000119881
0.00011982
0.000119777
0.000119471
0.000119451
0.000119208
0.000119295
0.00011916
0.000118993
0.000118782
0.000118794
0.000118708
0.00011853
0.000118438
0.000118317
0.000118199
0.000118093
0.00011801
0.000117965
0.0001177
0.000117632
0.000117473
0.000117332
0.000117408
0.000117188
0.000117077
0.000116932
0.000116807
0.000116692
0.000116578
0.00011651
0.000116331
0.000116296
0.000116109
0.000116
0.000115999
0.000115766
0.000115721
0.000115623
0.000115507
0.000115497
0.00011532
0.000115201
0.00011509
0.00011505
0.00011499
0.000114806
0.000114683
0.000114641
0.000114537
0.000114508
0.000114472
0.000114385
0.000114291
0.000113982
0.000113988
0.000113845
0.000113822
0.000113711
0.000113504
0.000113377
0.000113407
0.000113259
0.000113217
0.000112991
0.000112858
0.000113002
0.000112794
0.000112737
0.000112593
0.000112464
0.00011234
0.00011236
0.000112335
0.000112158
0.000112003
0.000111893
0.000111911
0.000111748
0.000111677
0.00011148
0.000111474
0.000111269
0.000111089
0.000111071
0.00011101
0.000110904
0.000110829
0.000110626
0.000110551
0.000110493
0.000110271
0.000110227
0.000110203
0.000110021
0.000109888
0.000109776
0.000109756
0.00010955
0.000109476
0.000109452
0.000109363
0.000109195
0.000109085
0.000108865
0.000108963
0.000108846
0.00010871
0.000108594
0.000108397
0.000108567
0.0001084
0.000108279
0.000108142
0.000108
0.000107997
0.000107808
0.00010773
0.000107656
0.000107574
0.000107543
0.000107407
0.000107295
0.000107157
0.000107089
0.000107031
0.000106953
0.000106903
0.000106807
0.000106739
0.000106569
0.00010646
0.000106395
0.000106354
0.0001061
0.000106131
0.000105916
0.000105913
0.000105848
0.000105705
0.000105622
0.000105486
0.000105499
0.000105388
0.000105239
0.000105277
0.000105081
0.000104974
0.000104929
0.000104754
0.000104768
0.000104651
0.000104521
0.000104425
0.000104375
0.000104184
0.00010416
0.000104019
0.000103999
0.000103759
0.000103764
0.000103669
0.000103628
0.000103575
0.000103343
0.000103392
0.000103194
0.000103015
0.000102991
0.000102973
0.000102718
0.000102744
0.000102568
0.000102666
0.000102423
0.000102339
0.00010226
0.000102042
0.000102193
0.000101902
0.000101908
0.000101901
0.000101611
0.000101501
0.000101564
0.000101344
0.00010126
0.000101234
0.000101164
0.000101113
0.000100919
0.000100878
0.000100783
0.000100767
0.000100659
0.000100574
0.000100482
0.000100405
0.000100259
0.000100195
0.000100107
9.9919e-05
