   0.772975
    1.53853
    2.28929
    3.01802
     3.7177
    4.38161
          5
          5
          5
          5
          5
          5
          5
          5
          5
          5
          5
          5
          5
          5
          5
          5
          5
          5
          5
     4.3825
    3.71854
    3.01876
     2.2899
    1.53897
   0.773214
   0.751458
     1.4957
    2.22556
      2.934
    3.61422
    4.25964
    4.86406
          5
          5
          5
          5
          5
          5
          5
          5
          5
          5
          5
          5
          5
          5
          5
          5
          5
    4.86491
    4.26046
    3.61498
    2.93468
    2.22612
     1.4961
   0.751676
   0.730228
    1.45344
    2.16268
    2.85111
    3.51211
     4.1393
    4.72665
          5
          5
          5
          5
          5
          5
          5
          5
          5
          5
          5
          5
          5
          5
          5
          5
          5
    4.72742
    4.14005
    3.51281
    2.85174
    2.16319
    1.45382
   0.730429
   0.709286
    1.41176
    2.10066
    2.76935
    3.41139
    4.02059
    4.59109
          5
          5
          5
          5
          5
          5
          5
          5
          5
          5
          5
          5
          5
          5
          5
          5
          5
    4.59179
    4.02127
    3.41202
    2.76991
    2.10112
     1.4121
   0.709469
   0.688636
    1.37066
     2.0395
    2.68871
    3.31205
    3.90352
     4.4574
    4.96838
          5
          5
          5
          5
          5
          5
          5
          5
          5
          5
          5
          5
          5
          5
          5
    4.96899
    4.45802
    3.90412
    3.31262
    2.68922
    2.03991
    1.37096
   0.688801
   0.668276
    1.33013
    1.97919
    2.60921
    3.21412
    3.78809
    4.32559
    4.82145
          5
          5
          5
          5
          5
          5
          5
          5
          5
          5
          5
          5
          5
          5
          5
      4.822
    4.32615
    3.78863
    3.21463
    2.60967
    1.97957
     1.3304
   0.668424
   0.648207
    1.29019
    1.91975
    2.53085
    3.11759
    3.67431
    4.19567
    4.67663
          5
          5
          5
          5
          5
          5
          5
          5
          5
          5
          5
          5
          5
          5
          5
    4.67712
    4.19617
    3.67481
    3.11805
    2.53126
    1.92009
    1.29043
   0.648341
   0.628434
    1.25083
    1.86119
    2.45364
    3.02247
    3.56221
    4.06765
    4.53393
    4.95656
          5
          5
          5
          5
          5
          5
          5
          5
          5
          5
          5
          5
          5
    4.95698
    4.53438
    4.06811
    3.56265
    3.02289
    2.45401
    1.86149
    1.25105
   0.628554
   0.608956
    1.21206
     1.8035
    2.37758
    2.92878
    3.45178
    3.94155
    4.39338
     4.8029
          5
          5
          5
          5
          5
          5
          5
          5
          5
          5
          5
          5
          5
    4.80328
    4.39378
    3.94196
    3.45218
    2.92915
    2.37792
    1.80377
    1.21226
   0.609063
   0.589774
    1.17388
    1.74669
    2.30268
    2.83652
    3.34305
    3.81739
    4.25497
    4.65159
          5
          5
          5
          5
          5
          5
          5
          5
          5
          5
          5
          5
          5
    4.65193
    4.25533
    3.81776
    3.34341
    2.83686
    2.30299
    1.74694
    1.17406
   0.589872
   0.570893
     1.1363
    1.69077
    2.22897
    2.74571
    3.23601
    3.69516
    4.11873
    4.50264
     4.8432
          5
          5
          5
          5
          5
          5
          5
          5
          5
          5
          5
    4.84348
    4.50295
    4.11906
    3.69549
    3.23634
    2.74601
    2.22923
    1.69099
    1.13646
   0.570981
   0.552315
    1.09932
    1.63574
    2.15642
    2.65634
    3.13069
    3.57489
    3.98467
    4.35608
    4.68554
    4.96988
          5
          5
          5
          5
          5
          5
          5
          5
          5
    4.97011
    4.68579
    4.35635
    3.98496
    3.57519
    3.13098
    2.65661
    2.15666
    1.63594
    1.09946
   0.552394
   0.534038
    1.06294
    1.58161
    2.08506
    2.56844
    3.02708
    3.45658
    3.85279
    4.21191
    4.53046
    4.80538
          5
          5
          5
          5
          5
          5
          5
          5
          5
    4.80557
    4.53068
    4.21215
    3.85305
    3.45684
    3.02733
    2.56867
    2.08527
    1.58179
    1.06307
   0.534108
   0.516065
    1.02717
    1.52838
    2.01488
    2.48199
    2.92519
    3.34023
     3.7231
    4.07012
    4.37795
    4.64362
    4.86456
          5
          5
          5
          5
          5
          5
          5
     4.8647
    4.64378
    4.37815
    4.07034
    3.72333
    3.34045
    2.92541
    2.48219
    2.01507
    1.52853
    1.02728
   0.516125
   0.498396
   0.991997
    1.47605
    1.94589
      2.397
    2.82502
    3.22585
    3.59561
    3.93074
    4.22802
    4.48458
    4.69795
    4.86609
    4.98736
          5
          5
          5
    4.98742
    4.86619
    4.69809
    4.48473
    4.22819
    3.93092
     3.5958
    3.22604
    2.82521
    2.39717
    1.94605
    1.47618
   0.992091
   0.498447
    0.48103
   0.957432
    1.42462
    1.87809
    2.31347
    2.72658
    3.11344
    3.47031
    3.79376
    4.08068
     4.3283
    4.53423
     4.6965
    4.81354
    4.88423
    4.90788
    4.88426
     4.8136
    4.69658
    4.53433
    4.32841
    4.08081
    3.79391
    3.47047
    3.11359
    2.72673
    2.31362
    1.87822
    1.42472
   0.957509
   0.481072
   0.463969
   0.923473
    1.37409
    1.81147
    2.23141
    2.62987
      3.003
    3.34721
    3.65918
    3.93592
    4.17475
    4.37338
    4.52989
    4.64277
    4.71094
    4.73375
    4.71096
    4.64281
    4.52994
    4.37345
    4.17484
    3.93603
     3.6593
    3.34733
    3.00312
    2.62999
    2.23153
    1.81157
    1.37417
   0.923533
   0.464002
   0.447211
   0.890118
    1.32446
    1.74604
    2.15082
    2.53488
    2.89452
     3.2263
      3.527
    3.79373
    4.02393
    4.21538
    4.36623
    4.47504
    4.54075
    4.56273
    4.54077
    4.47508
    4.36629
    4.21546
    4.02401
    3.79381
    3.52708
    3.22638
    2.89461
    2.53496
    2.15089
    1.74611
    1.32451
   0.890161
   0.447234
   0.430758
   0.857369
    1.27573
     1.6818
    2.07167
     2.4416
    2.78801
    3.10758
    3.39722
    3.65414
    3.87587
    4.06027
    4.20557
    4.31037
    4.37366
    4.39482
    4.37366
    4.31038
    4.20559
     4.0603
     3.8759
    3.65418
    3.39726
    3.10762
    2.78806
    2.44165
    2.07172
    1.68184
    1.27576
   0.857394
   0.430772
   0.414606
   0.825221
    1.22789
    1.61873
    1.99399
    2.35005
    2.68347
    2.99105
    3.26982
     3.5171
    3.73051
    3.90799
    4.04784
     4.1487
    4.20961
    4.22999
    4.20962
    4.14871
    4.04785
    3.90801
    3.73053
    3.51712
    3.26983
    2.99106
    2.68348
    2.35006
    1.99401
    1.61875
    1.22791
   0.825234
   0.414613
   0.398757
   0.793675
    1.18095
    1.55685
    1.91776
     2.2602
    2.58087
    2.87669
    3.14481
    3.38263
    3.58789
    3.75858
    3.89308
    3.99009
    4.04867
    4.06826
    4.04868
     3.9901
    3.89309
    3.75859
    3.58789
    3.38264
    3.14481
     2.8767
    2.58088
     2.2602
    1.91776
    1.55685
    1.18095
   0.793674
   0.398757
    0.38321
   0.762731
    1.13491
    1.49615
    1.84299
    2.17208
    2.48025
    2.76453
    3.02219
    3.25074
    3.44799
    3.61203
    3.74128
    3.83451
     3.8908
    3.90962
    3.89079
     3.8345
    3.74127
    3.61201
    3.44797
    3.25072
    3.02216
     2.7645
    2.48022
    2.17205
    1.84296
    1.49613
    1.13489
   0.762719
   0.383204
   0.367968
   0.732392
    1.08976
    1.43664
    1.76967
    2.08567
    2.38157
    2.65454
    2.90195
    3.12141
    3.31081
    3.46832
    3.59244
    3.68195
      3.736
    3.75407
    3.73599
    3.68193
    3.59241
    3.46829
    3.31077
    3.12137
    2.90191
     2.6545
    2.38152
    2.08561
    1.76963
    1.43659
    1.08973
   0.732366
   0.367954
   0.353026
   0.702652
    1.04551
     1.3783
    1.69781
    2.00097
    2.28486
    2.54675
    2.78411
    2.99465
    3.17635
    3.32746
    3.44653
     3.5324
    3.58426
    3.60159
    3.58424
    3.53238
    3.44649
    3.32741
    3.17629
    2.99458
    2.78403
    2.54667
    2.28479
     2.0009
    1.69774
    1.37823
    1.04546
   0.702614
   0.353006
   0.338388
   0.673516
    1.00216
    1.32114
     1.6274
    1.91799
    2.19011
    2.44113
    2.66864
    2.87045
    3.04461
    3.18946
    3.30359
     3.3859
     3.4356
    3.45222
    3.43558
    3.38587
    3.30354
     3.1894
    3.04454
    2.87036
    2.66854
    2.44103
    2.19001
    1.91789
    1.62731
    1.32106
    1.00209
   0.673466
   0.338362
   0.324051
   0.644979
   0.959694
    1.26516
    1.55845
    1.83672
    2.09731
    2.33769
    2.55556
    2.74882
     2.9156
     3.0543
    3.16359
    3.24241
       3.29
    3.30591
    3.28998
    3.24237
    3.16353
    3.05423
    2.91551
    2.74872
    2.55545
    2.33757
    2.09719
    1.83661
    1.55834
    1.26507
   0.959616
   0.644923
   0.324021
   0.310017
   0.617045
   0.918129
    1.21037
    1.49095
    1.75717
    2.00646
    2.23644
    2.44487
    2.62975
     2.7893
      2.922
    3.02655
    3.10196
    3.14749
    3.16271
    3.14747
    3.10191
    3.02648
    2.92191
     2.7892
    2.62963
    2.44474
     2.2363
    2.00633
    1.75703
    1.49082
    1.21026
   0.918037
   0.616979
   0.309981
   0.296284
   0.589712
   0.877459
    1.15675
     1.4249
    1.67933
    1.91758
    2.13736
    2.33656
    2.51325
    2.66574
    2.79255
    2.89247
    2.96453
    3.00804
    3.02258
    3.00801
    2.96447
    2.89239
    2.79245
    2.66561
    2.51311
    2.33641
    2.13721
    1.91742
    1.67918
    1.42476
    1.15663
   0.877355
   0.589638
   0.296244
   0.282854
   0.562981
   0.837682
    1.10431
    1.36031
     1.6032
    1.83065
    2.04046
    2.23063
    2.39931
    2.54488
    2.66594
    2.76132
    2.83011
    2.87165
    2.88553
    2.87162
    2.83006
    2.76124
    2.66583
    2.54475
    2.39916
    2.23046
    2.04029
    1.83048
    1.60303
    1.36015
    1.10418
    0.83757
   0.562899
    0.28281
   0.269726
    0.53685
   0.798801
    1.05306
    1.29717
    1.52878
    1.74567
    1.94575
    2.12708
    2.28793
    2.42674
    2.54218
    2.63314
    2.69874
    2.73834
    2.75158
    2.73831
    2.69867
    2.63304
    2.54206
     2.4266
    2.28777
    2.12691
    1.94556
    1.74549
     1.5286
      1.297
    1.05291
    0.79868
   0.536762
   0.269678
   0.256899
    0.51132
   0.760813
    1.00298
    1.23548
    1.45607
    1.66265
    1.85321
    2.02591
    2.17911
    2.31132
    2.42127
     2.5079
    2.57037
     2.6081
     2.6207
    2.60806
    2.57031
     2.5078
    2.42114
    2.31117
    2.17895
    2.02573
    1.85302
    1.66246
    1.45589
     1.2353
    1.00282
   0.760686
   0.511228
   0.256849
   0.244374
    0.48639
   0.723719
   0.954074
    1.17524
    1.38508
    1.58158
    1.76284
    1.92713
    2.07285
    2.19862
     2.3032
    2.38561
    2.44503
    2.48091
     2.4929
    2.48088
    2.44497
    2.38551
    2.30307
    2.19846
    2.07268
    1.92694
    1.76265
    1.58138
    1.38488
    1.17506
   0.953913
   0.723587
   0.486295
   0.244322
   0.232151
   0.462063
   0.687519
   0.906351
    1.11645
     1.3158
    1.50247
    1.67466
    1.83073
    1.96917
    2.08864
    2.18799
    2.26626
    2.32272
     2.3568
    2.36819
    2.35677
    2.32265
    2.26617
    2.18785
    2.08847
    1.96899
    1.83054
    1.67446
    1.50226
     1.3156
    1.11627
   0.906187
   0.687384
   0.461964
   0.232098
   0.220231
   0.438336
   0.652216
    0.85981
    1.05912
    1.24823
    1.42531
    1.58866
    1.73671
    1.86804
    1.98137
    2.07562
    2.14987
    2.20343
    2.23576
    2.24656
    2.23573
    2.20336
    2.14978
    2.07549
    1.98121
    1.86786
    1.73652
    1.58846
     1.4251
    1.24802
    1.05893
   0.859642
   0.652077
   0.438236
   0.220177
   0.208612
   0.415211
   0.617806
   0.814448
    1.00324
    1.18237
    1.35011
    1.50484
    1.64508
    1.76948
    1.87683
     1.9661
    2.03644
    2.08716
    2.11779
    2.12802
    2.11775
    2.08709
    2.03634
    1.96597
    1.87666
    1.76929
    1.64488
    1.50464
     1.3499
    1.18217
    1.00305
   0.814278
   0.617666
   0.415109
   0.208557
   0.197295
   0.392686
   0.584291
   0.770264
   0.948815
    1.11823
    1.27686
     1.4232
    1.55583
    1.67348
      1.775
    1.85943
    1.92595
    1.97392
    2.00289
    2.01256
    2.00285
    1.97385
    1.92585
     1.8593
    1.77484
    1.67329
    1.55563
      1.423
    1.27666
    1.11802
   0.948625
   0.770095
   0.584151
   0.392585
   0.197241
   0.186281
   0.370763
    0.55167
    0.72726
   0.895842
    1.05579
    1.20558
    1.34374
    1.46897
    1.58004
     1.6759
    1.75561
    1.81842
    1.86371
    1.89106
    1.90019
    1.89102
    1.86364
    1.81832
    1.75548
    1.67574
    1.57986
    1.46877
    1.34354
    1.20537
    1.05559
   0.895654
   0.727093
   0.551532
   0.370663
   0.186227
   0.175568
   0.349441
   0.519944
   0.685435
   0.844323
   0.995075
    1.13624
    1.26646
    1.38448
    1.48917
    1.57951
    1.65464
    1.71384
    1.75652
    1.78229
     1.7909
    1.78226
    1.75645
    1.71373
    1.65451
    1.57936
    1.48899
    1.38429
    1.26626
    1.13604
   0.994878
   0.844139
   0.685272
   0.519809
   0.349343
   0.175515
   0.165157
    0.32872
   0.489112
   0.644791
   0.794257
   0.936069
    1.06886
    1.19136
    1.30239
    1.40086
    1.48585
    1.55652
     1.6122
    1.65236
     1.6766
     1.6847
    1.67657
    1.65229
    1.61211
     1.5564
     1.4857
    1.40069
     1.3022
    1.19117
    1.06867
   0.935878
   0.794078
   0.644632
   0.488982
   0.328625
   0.165106
   0.155049
     0.3086
   0.459176
   0.605327
   0.745644
   0.878777
    1.00344
    1.11844
    1.22267
    1.31512
     1.3949
    1.46125
    1.51353
    1.55123
    1.57398
    1.58158
    1.57395
    1.55116
    1.51343
    1.46113
    1.39476
    1.31496
    1.22249
    1.11826
    1.00326
   0.878594
   0.745472
   0.605175
   0.459051
    0.30851
      0.155
   0.145243
   0.289083
   0.430135
   0.567042
   0.698485
   0.823198
    0.93998
    1.04771
    1.14534
    1.23195
    1.30668
    1.36883
     1.4178
    1.45312
    1.47443
    1.48155
     1.4744
    1.45305
    1.41771
    1.36872
    1.30654
    1.23179
    1.14517
    1.04753
   0.939801
   0.823023
   0.698323
   0.566898
   0.430017
   0.288997
   0.145196
   0.135739
   0.270167
    0.40199
   0.529939
   0.652781
   0.769333
   0.878474
   0.979152
     1.0704
    1.15133
    1.22118
    1.27927
    1.32503
    1.35803
    1.37796
    1.38461
    1.37793
    1.35797
    1.32494
    1.27916
    1.22105
    1.15119
    1.07024
   0.978985
   0.878305
   0.769169
   0.652628
   0.529802
   0.401878
   0.270086
   0.135695
   0.126538
   0.251854
   0.374741
   0.494017
   0.608531
   0.717183
   0.818926
    0.91278
   0.997841
    1.07329
     1.1384
    1.19255
    1.23521
    1.26598
    1.28455
    1.29075
    1.28452
    1.26592
    1.23513
    1.19245
    1.13828
    1.07315
    0.99769
   0.912622
   0.818767
   0.717028
   0.608386
   0.493888
   0.374635
   0.251777
   0.126496
   0.117639
   0.234143
   0.348388
   0.459276
   0.565738
   0.666749
   0.761336
    0.84859
   0.927669
   0.997812
    1.05835
    1.10868
    1.14834
    1.17695
    1.19421
    1.19998
    1.19419
     1.1769
    1.14827
    1.10859
    1.05823
    0.99768
   0.927525
    0.84844
   0.761185
   0.666602
     0.5656
   0.459154
   0.348288
    0.23407
     0.1176
   0.109043
   0.217033
    0.32293
   0.425715
   0.524397
   0.618027
   0.705703
   0.786581
   0.859881
   0.924899
   0.981009
    1.02767
    1.06443
    1.09095
    1.10695
    1.11229
    1.10692
    1.09089
    1.06436
    1.02758
   0.980899
   0.924775
   0.859747
   0.786441
   0.705563
   0.617891
    0.52427
   0.425602
   0.322837
   0.216966
   0.109007
   0.100749
   0.200526
   0.298368
   0.393335
   0.484513
   0.571021
   0.652028
   0.726753
   0.794478
   0.854551
   0.906392
   0.949504
    0.98347
    1.00796
    1.02275
    1.02769
    1.02273
    1.00792
   0.983403
   0.949418
    0.90629
   0.854436
   0.794353
   0.726622
   0.651895
   0.570892
   0.484392
   0.393229
   0.298281
   0.200462
   0.100715
   0.092758
    0.18462
   0.274702
   0.362136
   0.446081
   0.525727
   0.600309
   0.669107
    0.73146
   0.786767
   0.834496
   0.874188
    0.90546
   0.928011
   0.941625
   0.946171
   0.941604
    0.92797
   0.905399
   0.874109
   0.834402
    0.78666
   0.731343
   0.668986
   0.600186
   0.525607
   0.445969
   0.362037
    0.27462
   0.184561
  0.0927262
  0.0850689
   0.169316
   0.251931
   0.332118
   0.409104
   0.482148
   0.550547
   0.613642
   0.670826
   0.721548
   0.765322
   0.801722
   0.830402
   0.851085
    0.86357
   0.867739
    0.86355
   0.851045
   0.830345
   0.801649
   0.765233
   0.721449
   0.670718
   0.613528
   0.550432
   0.482036
   0.408999
   0.332025
   0.251855
   0.169261
  0.0850393
  0.0776823
   0.154614
   0.230055
   0.303279
   0.373579
   0.440281
   0.502741
   0.560357
   0.612576
   0.658894
   0.698865
   0.732106
   0.758295
   0.777181
   0.788582
   0.792388
   0.788563
   0.777144
   0.758241
   0.732037
   0.698783
   0.658801
   0.612474
   0.560251
   0.502633
   0.440177
   0.373482
   0.303192
   0.229984
   0.154563
  0.0776545
  0.0705977
   0.140513
   0.209074
    0.27562
   0.339509
   0.400127
    0.45689
   0.509252
   0.556709
   0.598802
   0.635128
   0.665337
   0.689137
     0.7063
   0.716661
    0.72012
   0.716643
   0.706266
   0.689087
   0.665272
   0.635051
   0.598715
   0.556614
   0.509153
   0.456791
    0.40003
   0.339418
    0.27554
   0.209008
   0.140466
  0.0705719
  0.0638154
   0.127014
   0.188988
    0.24914
   0.306892
   0.361686
   0.412996
   0.460327
   0.503224
   0.541274
   0.574109
   0.601415
   0.622929
   0.638444
   0.647809
   0.650935
   0.647792
   0.638411
   0.622882
   0.601355
   0.574037
   0.541192
   0.503136
   0.460235
   0.412902
   0.361595
   0.306807
   0.249065
   0.188926
   0.126969
  0.0637911
  0.0573351
   0.114116
   0.169797
   0.223841
   0.275728
   0.324958
   0.371057
   0.413582
   0.452122
   0.486308
   0.515809
   0.540341
   0.559669
   0.573607
   0.582021
   0.584829
   0.582006
   0.573578
   0.559626
   0.540284
    0.51574
   0.486231
   0.452039
   0.413495
    0.37097
   0.324873
   0.275648
   0.223771
   0.169739
   0.114075
  0.0573126
  0.0511571
    0.10182
   0.151501
   0.199721
   0.246016
   0.289941
   0.331072
   0.369014
   0.403401
   0.433903
   0.460224
   0.482113
   0.499358
   0.511795
   0.519302
   0.521807
   0.519287
   0.511766
   0.499317
    0.48206
   0.460161
   0.433831
   0.403323
   0.368933
    0.33099
   0.289861
   0.245942
   0.199655
   0.151446
   0.101781
  0.0511359
  0.0452809
  0.0901243
   0.134098
    0.17678
   0.217757
   0.256637
   0.293043
   0.326626
   0.357062
   0.384059
   0.407357
   0.426731
   0.441995
   0.453002
   0.459646
   0.461863
   0.459633
   0.452976
   0.441957
   0.426682
   0.407298
   0.383993
    0.35699
    0.32655
   0.292966
   0.256562
   0.217687
   0.176718
   0.134048
  0.0900875
  0.0452611
  0.0397067
  0.0790295
    0.11759
   0.155017
    0.19095
   0.225042
   0.256967
   0.286415
   0.313105
   0.336777
   0.357207
   0.374195
    0.38758
   0.397231
   0.403056
   0.405001
   0.403044
   0.397207
   0.387543
   0.374149
   0.357151
   0.336715
   0.313037
   0.286344
   0.256895
   0.224973
   0.190885
   0.154959
   0.117543
  0.0789953
  0.0396882
  0.0344344
  0.0685358
   0.101976
   0.134433
   0.165594
   0.195159
   0.222844
   0.248382
   0.271527
   0.292056
   0.309772
   0.324504
    0.33611
    0.34448
   0.349531
   0.351217
    0.34952
   0.344457
   0.336077
   0.324461
    0.30972
   0.291997
   0.271463
   0.248315
   0.222777
   0.195094
   0.165533
   0.134379
   0.101932
  0.0685036
   0.034417
  0.0294637
  0.0586424
  0.0872553
   0.115027
    0.14169
   0.166987
   0.190674
   0.212525
   0.232328
   0.249894
   0.265052
   0.277657
   0.287587
   0.294748
    0.29907
   0.300512
   0.299059
   0.294726
   0.287556
   0.277616
   0.265003
   0.249839
   0.232269
   0.212463
   0.190612
   0.166925
   0.141632
   0.114976
  0.0872138
  0.0586124
  0.0294475
  0.0247947
  0.0493496
  0.0734281
  0.0967984
   0.119236
   0.140524
   0.160457
   0.178845
   0.195509
    0.21029
   0.223045
   0.233652
   0.242008
   0.248034
    0.25167
   0.252883
    0.25166
   0.248013
   0.241979
   0.233614
      0.223
   0.210239
   0.195454
   0.178787
   0.160399
   0.140466
   0.119182
  0.0967514
  0.0733894
  0.0493215
  0.0247796
  0.0204273
  0.0406569
  0.0604939
  0.0797473
  0.0982318
   0.115769
   0.132191
   0.147339
   0.161068
   0.173244
   0.183752
    0.19249
   0.199373
   0.204336
   0.207332
    0.20833
   0.207322
   0.204318
   0.199346
   0.192454
    0.18371
   0.173197
   0.161016
   0.147285
   0.132137
   0.115716
  0.0981821
  0.0797032
  0.0604576
  0.0406306
  0.0204132
  0.0163613
   0.032564
  0.0484521
  0.0638728
  0.0786775
  0.0927237
   0.105876
   0.118008
   0.129003
   0.138755
    0.14717
   0.154168
    0.15968
   0.163655
   0.166053
   0.166852
   0.166044
   0.163637
   0.159655
   0.154135
   0.147131
   0.138711
   0.128955
   0.117957
   0.105825
  0.0926739
  0.0786311
  0.0638317
  0.0484184
  0.0325395
  0.0163481
  0.0125965
  0.0250707
  0.0373026
  0.0491744
  0.0605719
  0.0713852
  0.0815103
  0.0908498
  0.0993138
   0.106821
   0.113299
   0.118685
   0.122928
   0.125987
   0.127833
   0.128447
   0.127824
   0.125971
   0.122904
   0.118654
   0.113262
   0.106779
  0.0992686
  0.0908026
  0.0814626
  0.0713388
  0.0605285
   0.049136
   0.037271
  0.0250478
  0.0125841
 0.00913269
  0.0181766
  0.0270446
  0.0356513
   0.043914
   0.051753
   0.059093
  0.0658633
  0.0719987
  0.0774403
  0.0821355
  0.0860395
  0.0891146
  0.0913313
  0.0926682
  0.0931127
  0.0926604
   0.091316
  0.0890923
  0.0860107
  0.0821011
  0.0774013
  0.0719566
  0.0658192
  0.0590485
  0.0517097
  0.0438736
  0.0356155
  0.0270151
  0.0181552
 0.00912119
 0.00596976
  0.0118812
  0.0176775
  0.0233028
   0.028703
  0.0338261
  0.0386228
   0.043047
  0.0470561
  0.0506115
  0.0536792
  0.0562295
  0.0582381
  0.0596857
  0.0605583
  0.0608476
   0.060551
  0.0596714
  0.0582172
  0.0562026
   0.053647
  0.0505752
  0.0470166
  0.0430058
  0.0385812
  0.0337856
  0.0286652
  0.0232693
    0.01765
  0.0118613
 0.00595903
 0.00310745
 0.00618423
 0.00920073
  0.0121279
  0.0149377
   0.017603
  0.0200981
  0.0223992
  0.0244841
  0.0263328
  0.0279275
  0.0292529
  0.0302964
  0.0310479
  0.0315003
  0.0316493
  0.0314935
  0.0310346
  0.0302768
  0.0292278
  0.0278975
  0.0262988
  0.0244473
  0.0223607
  0.0200593
  0.0175652
  0.0149024
  0.0120967
 0.00917503
 0.00616562
 0.00309743
0.000545488
 0.00108503
 0.00161345
  0.0021257
 0.00261686
 0.00308223
 0.00351738
 0.00391816
 0.00428076
 0.00460173
 0.00487804
 0.00510709
 0.00528673
  0.0054153
  0.0054916
 0.00551499
 0.00548528
 0.00540284
  0.0052685
 0.00508362
 0.00485004
 0.00457005
 0.00424639
 0.00388223
 0.00348111
 0.00304694
 0.00258391
 0.00209651
 0.00158946
 0.00106766
0.000536137
-0.00171642
-0.00341696
-0.00508521
-0.00670508
-0.00826096
-0.00973782
 -0.0111214
 -0.0123984
 -0.0135563
 -0.0145841
 -0.0154717
 -0.0162106
 -0.0167936
 -0.0172151
 -0.0174708
 -0.0175583
 -0.0174767
 -0.0172267
 -0.0168106
 -0.0162325
 -0.0154979
 -0.0146136
 -0.0135884
 -0.0124319
 -0.0111552
-0.00977074
-0.00829168
 -0.0067323
-0.00510758
-0.00343315
-0.00172514
-0.00367861
-0.00732239
 -0.0108962
 -0.0143657
 -0.0176973
 -0.0208591
 -0.0238204
 -0.0265527
 -0.0290297
 -0.0312275
 -0.0331248
 -0.0347034
  -0.035948
 -0.0368465
 -0.0373902
 -0.0375739
 -0.0373957
 -0.0368573
 -0.0359638
 -0.0347238
 -0.0331492
  -0.031255
 -0.0290596
 -0.0265839
 -0.0238519
 -0.0208897
  -0.017726
  -0.014391
 -0.0109171
-0.00733747
-0.00368673
-0.00534145
  -0.010632
 -0.0158207
 -0.0208576
 -0.0256941
 -0.0302836
  -0.034582
 -0.0385476
 -0.0421424
 -0.0453317
 -0.0480847
 -0.0503748
   -0.05218
 -0.0534828
 -0.0542705
 -0.0545357
 -0.0542756
 -0.0534928
 -0.0521947
 -0.0503937
 -0.0481073
 -0.0453573
 -0.0421702
 -0.0385766
 -0.0346112
 -0.0303121
 -0.0257207
 -0.0208812
 -0.0158401
  -0.010646
  -0.005349
-0.00670538
 -0.0133467
   -0.01986
 -0.0261825
 -0.0322533
 -0.0380139
 -0.0434089
 -0.0483861
 -0.0528977
 -0.0569002
 -0.0603549
 -0.0632286
 -0.0654936
 -0.0671279
 -0.0681158
 -0.0684477
 -0.0681206
 -0.0671372
 -0.0655072
 -0.0632461
 -0.0603759
 -0.0569238
 -0.0529234
 -0.0484129
  -0.043436
 -0.0380403
 -0.0322779
 -0.0262043
 -0.0198779
 -0.0133597
-0.00671236
-0.00777085
 -0.0154673
 -0.0230153
 -0.0303421
 -0.0373771
 -0.0440525
 -0.0503041
 -0.0560715
 -0.0612992
 -0.0659369
 -0.0699398
 -0.0732694
 -0.0758935
 -0.0777868
  -0.078931
 -0.0793151
 -0.0789353
 -0.0777954
  -0.075906
 -0.0732856
 -0.0699591
 -0.0659587
 -0.0613229
 -0.0560962
  -0.050329
 -0.0440768
 -0.0373997
 -0.0303622
 -0.0230318
 -0.0154793
-0.00777728
-0.00853838
  -0.016995
 -0.0252883
 -0.0333385
  -0.041068
 -0.0484024
  -0.055271
 -0.0616076
 -0.0673511
 -0.0724464
 -0.0768442
  -0.080502
 -0.0833848
 -0.0854645
 -0.0867212
 -0.0871428
 -0.0867252
 -0.0854723
 -0.0833961
 -0.0805167
 -0.0768618
 -0.0724664
 -0.0673729
 -0.0616302
 -0.0552938
 -0.0484246
 -0.0410888
 -0.0333568
 -0.0253034
 -0.0170059
-0.00854426
-0.00900859
 -0.0179308
 -0.0266807
  -0.035174
  -0.043329
  -0.051067
 -0.0583135
 -0.0649986
 -0.0710582
 -0.0764336
 -0.0810731
  -0.084932
 -0.0879729
 -0.0901669
 -0.0914925
 -0.0919369
  -0.091496
 -0.0901739
 -0.0879833
 -0.0849452
  -0.081089
 -0.0764517
 -0.0710778
 -0.0650192
 -0.0583341
 -0.0510871
 -0.0433477
 -0.0351906
 -0.0266944
 -0.0179407
 -0.0090139
-0.00918211
 -0.0182761
 -0.0271945
 -0.0358513
 -0.0441631
   -0.05205
 -0.0594358
 -0.0662495
 -0.0724254
  -0.077904
 -0.0826325
 -0.0865654
 -0.0896647
 -0.0919005
 -0.0932513
 -0.0937041
 -0.0932546
 -0.0919068
 -0.0896739
 -0.0865773
 -0.0826467
 -0.0779201
 -0.0724429
 -0.0662678
 -0.0594542
 -0.0520679
 -0.0441798
 -0.0358661
 -0.0272067
 -0.0182849
-0.00918685
-0.00905968
 -0.0180324
 -0.0268318
 -0.0353731
  -0.043574
 -0.0513555
 -0.0586426
 -0.0653652
 -0.0714585
 -0.0768639
 -0.0815291
 -0.0854093
  -0.088467
 -0.0906728
 -0.0920054
  -0.092452
 -0.0920082
 -0.0906784
 -0.0884752
 -0.0854197
 -0.0815416
  -0.076878
 -0.0714739
 -0.0653813
 -0.0586588
 -0.0513712
 -0.0435887
 -0.0353861
 -0.0268425
 -0.0180402
-0.00906386
-0.00864213
 -0.0172013
  -0.025595
 -0.0337426
 -0.0415654
 -0.0489882
 -0.0559393
 -0.0623519
 -0.0681642
 -0.0733202
 -0.0777703
 -0.0814714
 -0.0843881
 -0.0864921
 -0.0877631
 -0.0881889
 -0.0877656
 -0.0864968
  -0.084395
 -0.0814805
  -0.077781
 -0.0733325
 -0.0681774
 -0.0623658
 -0.0559533
 -0.0490017
 -0.0415781
 -0.0337538
 -0.0256043
  -0.017208
-0.00864573
-0.00793039
 -0.0157846
 -0.0234871
 -0.0309636
  -0.038142
 -0.0449534
 -0.0513319
 -0.0572163
 -0.0625498
  -0.067281
 -0.0713644
 -0.0747606
 -0.0774368
 -0.0793674
 -0.0805336
 -0.0809243
 -0.0805357
 -0.0793715
 -0.0774428
 -0.0747681
 -0.0713734
 -0.0672912
 -0.0625607
 -0.0572278
 -0.0513436
 -0.0449647
 -0.0381526
  -0.030973
 -0.0234948
 -0.0157902
-0.00793342
 -0.0069255
 -0.0137845
 -0.0205109
 -0.0270399
 -0.0333087
 -0.0392569
 -0.0448271
 -0.0499658
 -0.0546234
  -0.058755
 -0.0623208
 -0.0652866
 -0.0676237
 -0.0693096
  -0.070328
  -0.070669
 -0.0703295
 -0.0693127
 -0.0676283
 -0.0652926
 -0.0623281
 -0.0587632
 -0.0546323
 -0.0499751
 -0.0448365
  -0.039266
 -0.0333173
 -0.0270475
 -0.0205171
  -0.013789
-0.00692792
-0.00562862
 -0.0112032
 -0.0166699
 -0.0219763
 -0.0270712
 -0.0319054
 -0.0364326
 -0.0406089
 -0.0443942
 -0.0477521
 -0.0506501
 -0.0530604
 -0.0549598
 -0.0563298
 -0.0571574
 -0.0574346
 -0.0571587
 -0.0563323
 -0.0549633
  -0.053065
 -0.0506555
 -0.0477582
 -0.0444008
 -0.0406158
 -0.0364395
 -0.0319123
 -0.0270776
  -0.021982
 -0.0166746
 -0.0112065
-0.00563044
-0.00404108
-0.00804332
 -0.0119682
 -0.0157779
 -0.0194357
 -0.0229064
 -0.0261566
  -0.029155
 -0.0318726
 -0.0342833
 -0.0363639
 -0.0380944
  -0.039458
 -0.0404416
 -0.0410358
 -0.0412347
 -0.0410365
 -0.0404432
 -0.0394603
 -0.0380974
 -0.0363675
 -0.0342874
  -0.031877
 -0.0291596
 -0.0261613
  -0.022911
   -0.01944
 -0.0157817
 -0.0119713
-0.00804557
-0.00404229
-0.00216431
-0.00430782
-0.00640988
-0.00845027
 -0.0104093
 -0.0122681
 -0.0140088
 -0.0156147
 -0.0170702
 -0.0183613
 -0.0194756
 -0.0204024
 -0.0211327
 -0.0216595
 -0.0219777
 -0.0220842
 -0.0219781
 -0.0216603
 -0.0211338
 -0.0204039
 -0.0194774
 -0.0183633
 -0.0170724
  -0.015617
 -0.0140112
 -0.0122704
 -0.0104114
-0.00845216
-0.00641144
-0.00430895
-0.00216492
          0
          0
          0
          0
          0
          0
          0
          0
          0
          0
          0
          0
          0
          0
          0
          0
          0
          0
          0
          0
          0
          0
          0
          0
          0
          0
          0
          0
          0
          0
          0
