   0.0980201
     0.19509
     0.29028
     0.38268
      0.4714
    0.555569
    0.634389
    0.707109
    0.773009
    0.831469
    0.881919
    0.923879
    0.956939
    0.980789
    0.995179
    0.999999
    0.995179
    0.980789
    0.956939
    0.923879
    0.881919
    0.831469
    0.773009
    0.707109
    0.634389
    0.555569
      0.4714
     0.38268
     0.29028
     0.19509
   0.0980199
   -0.772975
    -1.53853
    -2.28929
    -3.01802
     -3.7177
    -4.38161
    -5.00333
    -5.57689
    -6.09675
    -6.55791
    -6.95592
    -7.28695
     -7.5478
    -7.73596
    -7.84962
    -7.88768
    -7.84978
    -7.73627
    -7.54825
    -7.28753
    -6.95662
     -6.5587
    -6.09762
     -5.5778
    -5.00425
     -4.3825
    -3.71854
    -3.01876
     -2.2899
    -1.53897
   -0.773214
   0.0950211
    0.189074
    0.281197
    0.370437
    0.455856
     0.53653
    0.611559
    0.680054
    0.741553
    0.795712
    0.842195
    0.880693
    0.910934
    0.932698
    0.945823
    0.950209
    0.945823
    0.932698
    0.910934
    0.880694
    0.842197
    0.795714
    0.741556
    0.680058
    0.611564
    0.536537
    0.455862
    0.370443
    0.281202
    0.189078
    0.095023
   -0.751458
     -1.4957
    -2.22556
      -2.934
    -3.61422
    -4.25964
    -4.86406
    -5.42167
    -5.92707
     -6.3754
    -6.76234
    -7.08417
    -7.33776
    -7.52069
    -7.63119
    -7.66819
    -7.63134
    -7.52098
    -7.33818
     -7.0847
    -6.76299
    -6.37613
    -5.92786
     -5.4225
    -4.86491
    -4.26046
    -3.61498
    -2.93468
    -2.22612
     -1.4961
   -0.751676
   0.0917039
    0.182436
    0.271231
    0.357135
    0.439216
    0.516567
    0.588317
    0.653636
    0.712009
    0.763191
    0.806949
    0.843072
    0.871374
    0.891702
    0.903945
    0.908034
    0.903946
    0.891703
    0.871375
    0.843075
    0.806953
    0.763195
    0.712014
    0.653643
    0.588325
    0.516576
    0.439225
    0.357143
    0.271238
    0.182442
    0.091707
   -0.730228
    -1.45344
    -2.16268
    -2.85111
    -3.51211
     -4.1393
    -4.72665
     -5.2685
    -5.75963
     -6.1953
    -6.57131
    -6.88404
    -7.13047
    -7.30823
     -7.4156
    -7.45155
    -7.41573
    -7.30849
    -7.13085
    -6.88452
    -6.57189
    -6.19596
    -5.76035
    -5.26926
    -4.72742
    -4.14005
    -3.51281
    -2.85174
    -2.16319
    -1.45382
   -0.730429
   0.0883657
    0.175778
    0.261293
     0.34398
    0.422935
    0.497289
     0.56621
     0.62892
    0.684817
    0.733707
    0.775412
     0.80977
    0.836644
    0.855922
    0.867523
    0.871396
    0.867524
    0.855924
    0.836646
    0.809773
    0.775416
    0.733713
    0.684824
    0.628928
     0.56622
      0.4973
    0.422947
    0.343991
    0.261302
    0.175785
   0.0883695
   -0.709286
    -1.41176
    -2.10066
    -2.76935
    -3.41139
    -4.02059
    -4.59109
     -5.1174
    -5.59444
     -6.0176
    -6.38283
    -6.68659
    -6.92595
    -7.09861
     -7.2029
    -7.23781
    -7.20301
    -7.09884
    -6.92629
    -6.68703
    -6.38336
     -6.0182
    -5.59509
    -5.11808
    -4.59179
    -4.02127
    -3.41202
    -2.76991
    -2.10112
     -1.4121
   -0.709469
   0.0851692
    0.169417
    0.251829
    0.331512
    0.407596
    0.479247
    0.545678
    0.606153
    0.659997
    0.707019
    0.747073
    0.780031
    0.805784
    0.824243
    0.835344
     0.83905
    0.835345
    0.824245
    0.805787
    0.780035
    0.747079
    0.707025
    0.660005
    0.606163
     0.54569
     0.47926
    0.407609
    0.331525
    0.251841
    0.169425
   0.0851738
   -0.688636
    -1.37066
     -2.0395
    -2.68871
    -3.31205
    -3.90352
     -4.4574
    -4.96838
    -5.43152
    -5.84236
    -6.19695
    -6.49185
    -6.72423
    -6.89186
    -6.99311
      -7.027
    -6.99321
    -6.89207
    -6.72454
    -6.49225
    -6.19741
     -5.8429
     -5.4321
    -4.96899
    -4.45802
    -3.90412
    -3.31262
    -2.68922
    -2.03991
    -1.37096
   -0.688801
   0.0821714
    0.163457
    0.242978
    0.319875
    0.393317
    0.462505
    0.526686
    0.585162
     0.63729
    0.682763
    0.721459
    0.753272
    0.778111
    0.795905
    0.806603
    0.810172
    0.806604
    0.795907
    0.778114
    0.753277
    0.721467
    0.682774
    0.637304
    0.585178
    0.526704
    0.462522
    0.393333
    0.319891
    0.242991
    0.163466
   0.0821766
   -0.668276
    -1.33013
    -1.97919
    -2.60921
    -3.21412
    -3.78809
    -4.32559
    -4.82145
    -5.27089
    -5.66957
    -6.01366
    -6.29984
    -6.52535
    -6.68801
    -6.78626
    -6.81915
    -6.78636
    -6.68821
    -6.52563
     -6.3002
    -6.01409
    -5.67005
    -5.27141
      -4.822
    -4.32615
    -3.78863
    -3.21463
    -2.60967
    -1.97957
     -1.3304
   -0.668424
     0.07939
    0.157931
     0.23478
    0.309115
    0.380139
    0.447089
    0.509249
     0.56595
    0.616585
     0.66072
    0.698251
    0.729088
    0.753153
    0.770387
    0.780746
    0.784203
    0.780749
    0.770392
    0.753161
    0.729098
    0.698264
    0.660735
    0.616602
     0.56597
     0.50927
     0.44711
    0.380158
    0.309132
    0.234794
    0.157941
   0.0793958
   -0.648207
    -1.29019
    -1.91975
    -2.53085
    -3.11759
    -3.67431
    -4.19567
    -4.67663
    -5.11256
    -5.49926
    -5.83302
     -6.1106
    -6.32933
     -6.4871
    -6.58239
    -6.61428
    -6.58247
    -6.48726
    -6.32957
    -6.11092
     -5.8334
     -5.4997
    -5.11304
    -4.67712
    -4.19617
    -3.67481
    -3.11805
    -2.53126
    -1.92009
    -1.29043
   -0.648341
   0.0768198
    0.152826
    0.227213
    0.299192
    0.368001
     0.43291
    0.493235
    0.548337
    0.597637
    0.640617
    0.677145
    0.707143
    0.730544
    0.747298
    0.757365
    0.760724
    0.757368
    0.747303
    0.730552
    0.707153
    0.677159
    0.640633
    0.597656
    0.548358
    0.493258
    0.432933
    0.368022
    0.299211
    0.227229
    0.152838
   0.0768262
   -0.628434
    -1.25083
    -1.86119
    -2.45364
    -3.02247
    -3.56221
    -4.06765
    -4.53393
    -4.95656
    -5.33146
    -5.65502
    -5.92412
    -6.13617
    -6.28912
     -6.3815
    -6.41242
    -6.38158
    -6.28928
    -6.13639
    -5.92441
    -5.65536
    -5.33185
    -4.95698
    -4.53438
    -4.06811
    -3.56265
    -3.02289
    -2.45401
    -1.86149
    -1.25105
   -0.628554
   0.0744391
    0.148098
    0.220206
    0.290006
    0.356768
    0.419793
    0.478424
     0.53205
    0.580114
     0.62212
      0.6578
    0.687086
    0.709924
    0.726269
    0.736089
    0.739366
    0.736092
    0.726274
    0.709932
    0.687097
    0.657813
    0.622137
    0.580133
    0.532071
    0.478447
    0.419817
     0.35679
    0.290026
    0.220223
    0.148111
   0.0744461
   -0.608956
    -1.21206
     -1.8035
    -2.37758
    -2.92878
    -3.45178
    -3.94155
    -4.39338
     -4.8029
    -5.16617
    -5.47969
    -5.74045
    -5.94592
    -6.09413
    -6.18364
    -6.21359
     -6.1837
    -6.09426
    -5.94612
    -5.74071
       -5.48
    -5.16652
    -4.80328
    -4.39378
    -3.94196
    -3.45218
    -2.92915
    -2.37792
    -1.80377
    -1.21226
   -0.609063
   0.0722301
    0.143712
    0.213707
    0.281489
    0.346359
    0.407646
    0.464722
    0.517001
     0.56395
    0.605096
    0.640031
    0.668696
    0.691043
    0.707034
     0.71664
    0.719846
    0.716644
    0.707041
    0.691054
     0.66871
    0.640048
    0.605116
    0.563973
    0.517026
    0.464748
    0.407673
    0.346384
    0.281512
    0.213726
    0.143726
   0.0722375
   -0.589774
    -1.17388
    -1.74669
    -2.30268
    -2.83652
    -3.34305
    -3.81739
    -4.25497
    -4.65159
    -5.00341
    -5.30705
    -5.55958
    -5.75857
    -5.90211
     -5.9888
    -6.01781
    -5.98886
    -5.90224
    -5.75876
    -5.55982
    -5.30733
    -5.00373
    -4.65193
    -4.25533
    -3.81776
    -3.34341
    -2.83686
    -2.30299
    -1.74694
    -1.17406
   -0.589872
   0.0701675
    0.139617
    0.207639
    0.273536
    0.336637
    0.396298
    0.451915
    0.502924
    0.548813
    0.589124
    0.623459
    0.651619
    0.673565
    0.689263
    0.698693
    0.701839
    0.698697
    0.689272
    0.673578
    0.651638
    0.623482
     0.58915
    0.548841
    0.502953
    0.451945
    0.396328
    0.336665
    0.273561
    0.207659
    0.139632
   0.0701756
   -0.570893
     -1.1363
    -1.69077
    -2.22897
    -2.74571
    -3.23601
    -3.69516
    -4.11873
    -4.50264
     -4.8432
    -5.13711
    -5.38156
    -5.57417
    -5.71311
    -5.79702
    -5.82509
    -5.79707
    -5.71321
    -5.57433
    -5.38176
    -5.13736
    -4.84348
    -4.50295
    -4.11906
    -3.69549
    -3.23634
    -2.74601
    -2.22923
    -1.69099
    -1.13646
   -0.570981
   0.0682314
    0.135773
    0.201943
    0.266071
    0.327512
    0.385648
    0.439896
    0.489717
    0.534615
    0.574153
    0.607948
    0.635679
    0.657284
    0.672736
    0.682016
    0.685112
    0.682021
    0.672745
    0.657298
    0.635697
    0.607971
     0.57418
    0.534646
    0.489748
    0.439929
     0.38568
    0.327543
    0.266099
    0.201966
     0.13579
   0.0682404
   -0.552315
    -1.09932
    -1.63574
    -2.15642
    -2.65634
    -3.13069
    -3.57489
    -3.98467
    -4.35608
    -4.68554
    -4.96988
    -5.20636
     -5.3927
    -5.52711
    -5.60828
    -5.63544
    -5.60833
    -5.52721
    -5.39285
    -5.20656
    -4.97011
    -4.68579
    -4.35635
    -3.98496
    -3.57519
    -3.13098
    -2.65661
    -2.15666
    -1.63594
    -1.09946
   -0.552394
   0.0664014
    0.132139
    0.196557
    0.259011
     0.31888
    0.375567
    0.428513
    0.477196
    0.521141
    0.559922
    0.593169
    0.620571
    0.641912
    0.657172
    0.666335
    0.669393
    0.666341
    0.657183
    0.641928
    0.620591
    0.593194
    0.559951
    0.521173
    0.477231
    0.428549
    0.375602
    0.318913
    0.259041
    0.196582
    0.132158
   0.0664112
   -0.534038
    -1.06294
    -1.58161
    -2.08506
    -2.56844
    -3.02708
    -3.45658
    -3.85279
    -4.21191
    -4.53046
    -4.80538
    -5.03403
     -5.2142
    -5.34415
    -5.42263
     -5.4489
    -5.42268
    -5.34424
    -5.21433
    -5.03419
    -4.80557
    -4.53068
    -4.21215
    -3.85305
    -3.45684
    -3.02733
    -2.56867
    -2.08527
    -1.58179
    -1.06307
   -0.534108
   0.0646573
    0.128676
    0.191422
    0.252277
     0.31064
    0.365938
    0.417629
     0.46521
    0.508222
    0.546252
    0.578941
    0.605987
    0.627146
    0.642271
    0.651351
    0.654381
    0.651358
    0.642284
    0.627165
    0.606013
    0.578971
    0.546286
    0.508259
    0.465249
    0.417669
    0.365977
    0.310677
     0.25231
    0.191449
    0.128696
   0.0646681
   -0.516065
    -1.02717
    -1.52838
    -2.01488
    -2.48199
    -2.92519
    -3.34023
     -3.7231
    -4.07012
    -4.37795
    -4.64362
    -4.86456
    -5.03866
    -5.16424
    -5.24007
    -5.26544
    -5.24011
     -5.1643
    -5.03876
     -4.8647
    -4.64378
    -4.37815
    -4.07034
    -3.72333
    -3.34045
    -2.92541
    -2.48219
    -2.01507
    -1.52853
    -1.02728
   -0.516125
   0.0629796
    0.125343
    0.186479
     0.24579
    0.302696
    0.356642
    0.407107
    0.453602
    0.495682
    0.532946
    0.565045
    0.591682
    0.612615
    0.627665
    0.636705
    0.639721
    0.636712
    0.627678
    0.612635
    0.591708
    0.565077
    0.532984
    0.495723
    0.453646
    0.407151
    0.356686
    0.302737
    0.245826
    0.186509
    0.125365
   0.0629915
   -0.498396
   -0.991997
    -1.47605
    -1.94589
      -2.397
    -2.82502
    -3.22585
    -3.59561
    -3.93074
    -4.22802
    -4.48458
    -4.69795
    -4.86609
    -4.98736
    -5.06059
     -5.0851
    -5.06063
    -4.98742
    -4.86619
    -4.69809
    -4.48473
    -4.22819
    -3.93092
     -3.5958
    -3.22604
    -2.82521
    -2.39717
    -1.94605
    -1.47618
   -0.992091
   -0.498447
    0.061345
    0.122094
    0.181656
    0.239453
    0.294923
     0.34753
    0.396765
    0.442154
    0.483264
    0.519702
    0.551123
    0.577233
    0.597791
    0.612607
    0.621549
    0.624541
    0.621557
    0.612623
    0.597815
    0.577265
     0.55116
    0.519744
    0.483311
    0.442203
    0.396814
    0.347578
    0.294969
    0.239494
     0.18169
    0.122119
   0.0613582
    -0.48103
   -0.957432
    -1.42462
    -1.87809
    -2.31347
    -2.72658
    -3.11344
    -3.47031
    -3.79376
    -4.08068
     -4.3283
    -4.53423
     -4.6965
    -4.81354
    -4.88423
    -4.90788
    -4.88426
     -4.8136
    -4.69658
    -4.53433
    -4.32841
    -4.08081
    -3.79391
    -3.47047
    -3.11359
    -2.72673
    -2.31362
    -1.87822
    -1.42472
   -0.957509
   -0.481072
   0.0597325
    0.118888
    0.176892
    0.233186
    0.287224
    0.338484
    0.386472
    0.430728
    0.470826
    0.506382
    0.537058
    0.562561
    0.582651
    0.597139
    0.605888
    0.608817
    0.605897
    0.597157
    0.582678
    0.562595
    0.537099
    0.506429
    0.470877
    0.430782
    0.386528
    0.338538
    0.287274
    0.233231
    0.176929
    0.118914
   0.0597469
   -0.463969
   -0.923473
    -1.37409
    -1.81147
    -2.23141
    -2.62987
      -3.003
    -3.34721
    -3.65918
    -3.93592
    -4.17475
    -4.37338
    -4.52989
    -4.64277
    -4.71094
    -4.73375
    -4.71096
    -4.64281
    -4.52994
    -4.37345
    -4.17484
    -3.93603
     -3.6593
    -3.34733
    -3.00312
    -2.62999
    -2.23153
    -1.81157
    -1.37417
   -0.923533
   -0.464002
   0.0581284
    0.115697
    0.172149
     0.22694
    0.279541
    0.329444
     0.37617
    0.419269
    0.458326
    0.492966
    0.522857
    0.547713
    0.567297
    0.581422
    0.589954
     0.59281
    0.589964
    0.581443
    0.567328
    0.547752
    0.522903
    0.493019
    0.458384
     0.41933
    0.376232
    0.329505
    0.279597
    0.226989
     0.17219
    0.115726
   0.0581444
   -0.447211
   -0.890118
    -1.32446
    -1.74604
    -2.15082
    -2.53488
    -2.89452
     -3.2263
      -3.527
    -3.79373
    -4.02393
    -4.21538
    -4.36623
    -4.47504
    -4.54075
    -4.56273
    -4.54077
    -4.47508
    -4.36629
    -4.21546
    -4.02401
    -3.79381
    -3.52708
    -3.22638
    -2.89461
    -2.53496
    -2.15089
    -1.74611
    -1.32451
   -0.890161
   -0.447234
   0.0565264
    0.112509
    0.167408
    0.220694
    0.271854
    0.320393
    0.365845
    0.407772
     0.44577
    0.479475
    0.508562
    0.532751
    0.551812
     0.56556
    0.573864
    0.576645
    0.573877
    0.565583
    0.551845
    0.532794
    0.508614
    0.479534
    0.445834
    0.407839
    0.365912
    0.320458
    0.271915
    0.220749
    0.167453
    0.112542
    0.056544
   -0.430758
   -0.857369
    -1.27573
     -1.6818
    -2.07167
     -2.4416
    -2.78801
    -3.10758
    -3.39722
    -3.65414
    -3.87587
    -4.06027
    -4.20557
    -4.31037
    -4.37366
    -4.39482
    -4.37366
    -4.31038
    -4.20559
     -4.0603
     -3.8759
    -3.65418
    -3.39726
    -3.10762
    -2.78806
    -2.44165
    -2.07172
    -1.68184
    -1.27576
   -0.857394
   -0.430772
   0.0549248
    0.109322
    0.162667
    0.214446
     0.26416
     0.31133
    0.355501
    0.396249
     0.43318
    0.465939
    0.494212
    0.517726
    0.536254
    0.549619
    0.557693
    0.560396
    0.557705
    0.549644
    0.536291
    0.517773
    0.494269
    0.466004
     0.43325
    0.396322
    0.355575
    0.311402
    0.264227
    0.214506
    0.162716
    0.109358
   0.0549441
   -0.414606
   -0.825221
    -1.22789
    -1.61873
    -1.99399
    -2.35005
    -2.68347
    -2.99105
    -3.26982
     -3.5171
    -3.73051
    -3.90799
    -4.04784
     -4.1487
    -4.20961
    -4.22999
    -4.20962
    -4.14871
    -4.04785
    -3.90801
    -3.73053
    -3.51712
    -3.26983
    -2.99106
    -2.68348
    -2.35006
    -1.99401
    -1.61875
    -1.22791
   -0.825234
   -0.414613
   0.0533241
    0.106136
    0.157928
      0.2082
    0.256468
    0.302267
    0.345155
    0.384719
     0.42058
     0.45239
    0.479844
    0.502677
     0.52067
     0.53365
     0.54149
    0.544117
    0.541505
    0.533678
    0.520711
     0.50273
    0.479906
     0.45246
    0.420656
    0.384799
    0.345235
    0.302345
    0.256541
    0.208265
    0.157982
    0.106176
   0.0533453
   -0.398757
   -0.793675
    -1.18095
    -1.55685
    -1.91776
     -2.2602
    -2.58087
    -2.87669
    -3.14481
    -3.38263
    -3.58789
    -3.75858
    -3.89308
    -3.99009
    -4.04867
    -4.06826
    -4.04868
     -3.9901
    -3.89309
    -3.75859
    -3.58789
    -3.38264
    -3.14481
     -2.8767
    -2.58088
     -2.2602
    -1.91776
    -1.55685
    -1.18095
   -0.793674
   -0.398757
   0.0517267
    0.102957
    0.153198
    0.201965
    0.248788
    0.293217
    0.334823
    0.373206
    0.407995
    0.438855
     0.46549
    0.487643
      0.5051
    0.517693
    0.525301
     0.52785
    0.525316
    0.517723
    0.505144
      0.4877
    0.465558
    0.438932
    0.408078
    0.373293
    0.334911
    0.293303
    0.248869
    0.202036
    0.153257
       0.103
   0.0517498
    -0.38321
   -0.762731
    -1.13491
    -1.49615
    -1.84299
    -2.17208
    -2.48025
    -2.76453
    -3.02219
    -3.25074
    -3.44799
    -3.61203
    -3.74128
    -3.83451
     -3.8908
    -3.90962
    -3.89079
     -3.8345
    -3.74127
    -3.61201
    -3.44797
    -3.25072
    -3.02216
     -2.7645
    -2.48022
    -2.17205
    -1.84296
    -1.49613
    -1.13489
   -0.762719
   -0.383204
   0.0501346
   0.0997887
    0.148484
    0.195751
    0.241134
    0.284197
    0.324525
    0.361728
    0.395448
    0.425362
    0.451179
    0.472653
    0.489574
    0.501782
    0.509157
    0.511629
    0.509173
    0.501815
    0.489623
    0.472715
    0.451254
    0.425446
     0.39554
    0.361823
    0.324621
    0.284291
    0.241222
    0.195829
    0.148548
   0.0998352
   0.0501598
   -0.367968
   -0.732392
    -1.08976
    -1.43664
    -1.76967
    -2.08567
    -2.38157
    -2.65454
    -2.90195
    -3.12141
    -3.31081
    -3.46832
    -3.59244
    -3.68195
      -3.736
    -3.75407
    -3.73599
    -3.68193
    -3.59241
    -3.46829
    -3.31077
    -3.12137
    -2.90191
     -2.6545
    -2.38152
    -2.08561
    -1.76963
    -1.43659
    -1.08973
   -0.732366
   -0.367954
   0.0485503
   0.0966356
    0.143792
    0.189567
    0.233517
    0.275221
    0.314276
    0.350305
    0.382962
    0.411933
    0.436937
    0.457733
    0.474122
    0.485946
     0.49309
    0.495485
    0.493108
    0.485982
    0.474175
    0.457801
    0.437017
    0.412024
    0.383062
    0.350409
    0.314381
    0.275324
    0.233613
    0.189652
    0.143863
   0.0966864
   0.0485778
   -0.353026
   -0.702652
    -1.04551
     -1.3783
    -1.69781
    -2.00097
    -2.28486
    -2.54675
    -2.78411
    -2.99465
    -3.17635
    -3.32746
    -3.44653
     -3.5324
    -3.58426
    -3.60159
    -3.58424
    -3.53238
    -3.44649
    -3.32741
    -3.17629
    -2.99458
    -2.78403
    -2.54667
    -2.28479
     -2.0009
    -1.69774
    -1.37823
    -1.04546
   -0.702614
   -0.353006
   0.0469762
   0.0935026
    0.139131
    0.183422
    0.225949
    0.266302
    0.304092
    0.338955
    0.370556
    0.398589
    0.422784
    0.442908
    0.458768
     0.47021
    0.477123
    0.479442
    0.477143
    0.470249
    0.458825
    0.442982
    0.422872
    0.398688
    0.370664
    0.339069
    0.304207
    0.266414
    0.226054
    0.183515
    0.139208
   0.0935581
   0.0470061
   -0.338388
   -0.673516
    -1.00216
    -1.32114
     -1.6274
    -1.91799
    -2.19011
    -2.44113
    -2.66864
    -2.87045
    -3.04461
    -3.18946
    -3.30359
     -3.3859
     -3.4356
    -3.45222
    -3.43558
    -3.38587
    -3.30354
     -3.1894
    -3.04454
    -2.87036
    -2.66854
    -2.44103
    -2.19001
    -1.91789
    -1.62731
    -1.32106
    -1.00209
   -0.673466
   -0.338362
   0.0454141
   0.0903939
    0.134506
    0.177325
    0.218439
    0.257452
    0.293987
    0.327693
    0.358245
    0.385348
    0.408741
    0.428198
    0.443532
    0.454595
    0.461281
    0.463524
    0.461303
    0.454638
    0.443595
    0.428279
    0.408837
    0.385457
    0.358363
    0.327817
    0.294113
    0.257574
    0.218554
    0.177427
     0.13459
   0.0904546
   0.0454469
   -0.324051
   -0.644979
   -0.959694
    -1.26516
    -1.55845
    -1.83672
    -2.09731
    -2.33769
    -2.55556
    -2.74882
     -2.9156
     -3.0543
    -3.16359
    -3.24241
       -3.29
    -3.30591
    -3.28998
    -3.24237
    -3.16353
    -3.05423
    -2.91551
    -2.74872
    -2.55545
    -2.33757
    -2.09719
    -1.83661
    -1.55834
    -1.26507
   -0.959616
   -0.644923
   -0.324021
   0.0438661
    0.087313
    0.129922
    0.171283
    0.210997
    0.248682
    0.283974
    0.316533
    0.346045
    0.372227
    0.394824
    0.413621
    0.428435
    0.439123
    0.445582
     0.44775
    0.445606
     0.43917
    0.428503
    0.413709
     0.39493
    0.372346
    0.346175
    0.316669
    0.284111
    0.248816
    0.211123
    0.171394
    0.130014
   0.0873795
    0.043902
   -0.310017
   -0.617045
   -0.918129
    -1.21037
    -1.49095
    -1.75717
    -2.00646
    -2.23644
    -2.44487
    -2.62975
     -2.7893
      -2.922
    -3.02655
    -3.10196
    -3.14749
    -3.16271
    -3.14747
    -3.10191
    -3.02648
    -2.92191
     -2.7892
    -2.62963
    -2.44474
     -2.2363
    -2.00633
    -1.75703
    -1.49082
    -1.21026
   -0.918037
   -0.616979
   -0.309981
   0.0423336
   0.0842632
    0.125385
    0.165302
     0.20363
        0.24
    0.274062
    0.305486
     0.33397
    0.359239
     0.38105
    0.399192
    0.413491
    0.423808
    0.430044
    0.432138
     0.43007
     0.42386
    0.413567
     0.39929
    0.381166
    0.359371
    0.334113
    0.305635
    0.274213
    0.240148
    0.203768
    0.165424
    0.125486
   0.0843364
   0.0423731
   -0.296284
   -0.589712
   -0.877459
    -1.15675
     -1.4249
    -1.67933
    -1.91758
    -2.13736
    -2.33656
    -2.51325
    -2.66574
    -2.79255
    -2.89247
    -2.96453
    -3.00804
    -3.02258
    -3.00801
    -2.96447
    -2.89239
    -2.79245
    -2.66561
    -2.51311
    -2.33641
    -2.13721
    -1.91742
    -1.67918
    -1.42476
    -1.15663
   -0.877355
   -0.589638
   -0.296244
   0.0408181
   0.0812472
    0.120898
    0.159388
    0.196346
    0.231416
     0.26426
    0.294562
     0.32203
    0.346397
    0.367431
    0.384926
    0.398716
    0.408667
    0.414681
    0.416703
     0.41471
    0.408723
      0.3988
    0.385034
    0.367559
    0.346543
    0.322188
    0.294728
    0.264428
    0.231579
    0.196498
    0.159523
    0.121009
   0.0813282
   0.0408619
   -0.282854
   -0.562981
   -0.837682
    -1.10431
    -1.36031
     -1.6032
    -1.83065
    -2.04046
    -2.23063
    -2.39931
    -2.54488
    -2.66594
    -2.76132
    -2.83011
    -2.87165
    -2.88553
    -2.87162
    -2.83006
    -2.76124
    -2.66583
    -2.54475
    -2.39916
    -2.23046
    -2.04029
    -1.83048
    -1.60303
    -1.36015
    -1.10418
    -0.83757
   -0.562899
    -0.28281
   0.0393208
   0.0782674
    0.116465
    0.153544
    0.189149
    0.222935
    0.254578
    0.283772
    0.310235
    0.333712
    0.353978
    0.370835
    0.384122
    0.393711
    0.399508
    0.401457
     0.39954
    0.393774
    0.384215
    0.370955
     0.35412
    0.333874
     0.31041
    0.283955
    0.254764
    0.223117
    0.189319
    0.153695
    0.116589
   0.0783575
   0.0393694
   -0.269726
    -0.53685
   -0.798801
    -1.05306
    -1.29717
    -1.52878
    -1.74567
    -1.94575
    -2.12708
    -2.28793
    -2.42674
    -2.54218
    -2.63314
    -2.69874
    -2.73834
    -2.75158
    -2.73831
    -2.69867
    -2.63304
    -2.54206
     -2.4266
    -2.28777
    -2.12691
    -1.94556
    -1.74549
     -1.5286
      -1.297
    -1.05291
    -0.79868
   -0.536762
   -0.269678
   0.0378425
   0.0753257
    0.112088
    0.147776
    0.182045
    0.214564
    0.245021
    0.273121
    0.298593
    0.321192
      0.3407
    0.356928
    0.369719
    0.378951
    0.384533
    0.386412
    0.384569
    0.379022
    0.369823
    0.357062
     0.34086
    0.321373
     0.29879
    0.273327
    0.245229
    0.214767
    0.182235
    0.147945
    0.112227
   0.0754267
    0.037897
   -0.256899
    -0.51132
   -0.760813
    -1.00298
    -1.23548
    -1.45607
    -1.66265
    -1.85321
    -2.02591
    -2.17911
    -2.31132
    -2.42127
     -2.5079
    -2.57037
     -2.6081
     -2.6207
    -2.60806
    -2.57031
     -2.5078
    -2.42114
    -2.31117
    -2.17895
    -2.02573
    -1.85302
    -1.66246
    -1.45589
     -1.2353
    -1.00282
   -0.760686
   -0.511228
   -0.256849
   0.0363841
   0.0724236
    0.107771
    0.142086
    0.175037
    0.206307
    0.235594
    0.262616
    0.287112
    0.308845
    0.327605
    0.343213
    0.355516
    0.364396
    0.369767
    0.371577
    0.369808
    0.364476
    0.355633
    0.343364
    0.327786
    0.309049
    0.287333
    0.262848
    0.235829
    0.206537
    0.175252
    0.142277
    0.107928
   0.0725376
   0.0364457
   -0.244374
    -0.48639
   -0.723719
   -0.954074
    -1.17524
    -1.38508
    -1.58158
    -1.76284
    -1.92713
    -2.07285
    -2.19862
     -2.3032
    -2.38561
    -2.44503
    -2.48091
     -2.4929
    -2.48088
    -2.44497
    -2.38551
    -2.30307
    -2.19846
    -2.07268
    -1.92694
    -1.76265
    -1.58138
    -1.38488
    -1.17506
   -0.953913
   -0.723587
   -0.486295
   -0.244322
    0.034946
   0.0695622
    0.103515
    0.136477
    0.168129
    0.198168
    0.226303
    0.252262
    0.275795
    0.296675
      0.3147
    0.329697
    0.341519
    0.350053
    0.355217
    0.356959
    0.355263
    0.350144
    0.341652
    0.329868
    0.314905
    0.296907
    0.276047
    0.252526
     0.22657
    0.198429
    0.168373
    0.136693
    0.103693
   0.0696919
   0.0350161
   -0.232151
   -0.462063
   -0.687519
   -0.906351
    -1.11645
     -1.3158
    -1.50247
    -1.67466
    -1.83073
    -1.96917
    -2.08864
    -2.18799
    -2.26626
    -2.32272
     -2.3568
    -2.36819
    -2.35677
    -2.32265
    -2.26617
    -2.18785
    -2.08847
    -1.96899
    -1.83054
    -1.67446
    -1.50226
     -1.3156
    -1.11627
   -0.906187
   -0.687384
   -0.461964
   -0.232098
   0.0335288
   0.0667425
   0.0993207
    0.130949
    0.161323
    0.190149
    0.217149
    0.242062
    0.264647
    0.284688
    0.301989
    0.316385
    0.327734
    0.335928
    0.340888
    0.342564
    0.340941
    0.336032
    0.327886
    0.316581
    0.302224
    0.284954
    0.264936
    0.242364
    0.217454
    0.190447
    0.161602
    0.131197
   0.0995252
    0.066891
   0.0336091
   -0.220231
   -0.438336
   -0.652216
    -0.85981
    -1.05912
    -1.24823
    -1.42531
    -1.58866
    -1.73671
    -1.86804
    -1.98137
    -2.07562
    -2.14987
    -2.20343
    -2.23576
    -2.24656
    -2.23573
    -2.20336
    -2.14978
    -2.07549
    -1.98121
    -1.86786
    -1.73652
    -1.58846
     -1.4251
    -1.24802
    -1.05893
   -0.859642
   -0.652077
   -0.438236
   -0.220177
   0.0321328
   0.0639651
   0.0951899
    0.125506
     0.15462
    0.182252
    0.208135
    0.232018
    0.253672
    0.272886
    0.289476
     0.30328
    0.314165
    0.322025
    0.326785
    0.328397
    0.326845
    0.322145
     0.31434
    0.303506
    0.289746
    0.273192
    0.254004
    0.232366
    0.208487
    0.182595
    0.154941
    0.125791
   0.0954251
    0.064136
   0.0322252
   -0.208612
   -0.415211
   -0.617806
   -0.814448
    -1.00324
    -1.18237
    -1.35011
    -1.50484
    -1.64508
    -1.76948
    -1.87683
     -1.9661
    -2.03644
    -2.08716
    -2.11779
    -2.12802
    -2.11775
    -2.08709
    -2.03634
    -1.96597
    -1.87666
    -1.76929
    -1.64488
    -1.50464
     -1.3499
    -1.18217
    -1.00305
   -0.814278
   -0.617666
   -0.415109
   -0.208557
   0.0307583
   0.0612307
   0.0911232
    0.120147
    0.148022
     0.17448
    0.199263
    0.222134
    0.242871
    0.261273
    0.277163
    0.290386
    0.300815
    0.308347
    0.312911
    0.314461
    0.312981
    0.308485
    0.301017
    0.290647
    0.277474
    0.261626
    0.243254
    0.222535
    0.199669
    0.174875
    0.148393
    0.120476
   0.0913943
   0.0614277
   0.0308647
   -0.197295
   -0.392686
   -0.584291
   -0.770264
   -0.948815
    -1.11823
    -1.27686
     -1.4232
    -1.55583
    -1.67348
      -1.775
    -1.85943
    -1.92595
    -1.97392
    -2.00289
    -2.01256
    -2.00285
    -1.97385
    -1.92585
     -1.8593
    -1.77484
    -1.67329
    -1.55563
      -1.423
    -1.27666
    -1.11802
   -0.948625
   -0.770095
   -0.584151
   -0.392585
   -0.197241
   0.0294057
     0.05854
   0.0871217
    0.114875
    0.141531
    0.166833
    0.190536
    0.212412
    0.232247
    0.249852
    0.265054
    0.277706
    0.287686
    0.294898
    0.299269
    0.300758
     0.29935
    0.295057
    0.287919
    0.278006
    0.265412
    0.250258
    0.232689
    0.212874
    0.191004
    0.167289
    0.141957
    0.115253
   0.0874338
   0.0587667
   0.0295281
   -0.186281
   -0.370763
    -0.55167
    -0.72726
   -0.895842
    -1.05579
    -1.20558
    -1.34374
    -1.46897
    -1.58004
     -1.6759
    -1.75561
    -1.81842
    -1.86371
    -1.89106
    -1.90019
    -1.89102
    -1.86364
    -1.81832
    -1.75548
    -1.67574
    -1.57986
    -1.46877
    -1.34354
    -1.20537
    -1.05559
   -0.895654
   -0.727093
   -0.551532
   -0.370663
   -0.186227
   0.0280755
    0.055894
   0.0831868
     0.10969
    0.135148
    0.159315
    0.181956
    0.202853
    0.221804
    0.238624
     0.25315
    0.265243
    0.274783
    0.281679
    0.285863
    0.287293
    0.285955
    0.281862
    0.275051
    0.265587
    0.253562
     0.23909
     0.22231
    0.203383
    0.182492
    0.159838
    0.135637
    0.110124
   0.0835444
   0.0561536
   0.0282157
   -0.175568
   -0.349441
   -0.519944
   -0.685435
   -0.844323
   -0.995075
    -1.13624
    -1.26646
    -1.38448
    -1.48917
    -1.57951
    -1.65464
    -1.71384
    -1.75652
    -1.78229
     -1.7909
    -1.78226
    -1.75645
    -1.71373
    -1.65451
    -1.57936
    -1.48899
    -1.38429
    -1.26626
    -1.13604
   -0.994878
   -0.844139
   -0.685272
   -0.519809
   -0.349343
   -0.175515
   0.0267684
   0.0532939
   0.0793204
    0.104596
    0.128877
    0.151928
    0.173527
    0.193463
    0.211544
    0.227594
    0.241458
       0.253
    0.262109
    0.268696
    0.272696
    0.274069
    0.272801
    0.268904
    0.262414
    0.253392
    0.241926
    0.228124
     0.21212
    0.194066
    0.174136
    0.152523
    0.129433
     0.10509
   0.0797269
   0.0535889
   0.0269276
   -0.165157
    -0.32872
   -0.489112
   -0.644791
   -0.794257
   -0.936069
    -1.06886
    -1.19136
    -1.30239
    -1.40086
    -1.48585
    -1.55652
     -1.6122
    -1.65236
     -1.6766
     -1.6847
    -1.67657
    -1.65229
    -1.61211
     -1.5564
     -1.4857
    -1.40069
     -1.3022
    -1.19117
    -1.06867
   -0.935878
   -0.794078
   -0.644632
   -0.488982
   -0.328625
   -0.165106
   0.0254853
   0.0507417
   0.0755251
    0.099596
    0.122722
    0.144678
    0.165252
    0.184245
    0.201473
    0.216767
    0.229981
    0.240984
     0.24967
    0.255954
    0.259773
     0.26109
    0.259892
    0.256188
    0.250013
    0.241426
    0.230509
    0.217365
    0.202122
    0.184925
    0.165939
    0.145347
    0.123347
    0.100151
   0.0759823
   0.0510733
   0.0256642
   -0.155049
     -0.3086
   -0.459176
   -0.605327
   -0.745644
   -0.878777
    -1.00344
    -1.11844
    -1.22267
    -1.31512
     -1.3949
    -1.46125
    -1.51353
    -1.55123
    -1.57398
    -1.58158
    -1.57395
    -1.55116
    -1.51343
    -1.46113
    -1.39476
    -1.31496
    -1.22249
    -1.11826
    -1.00326
   -0.878594
   -0.745472
   -0.605175
   -0.459051
    -0.30851
      -0.155
   0.0242275
   0.0482396
   0.0718043
   0.0946936
    0.116686
    0.137569
    0.157139
    0.175207
    0.191598
    0.206152
    0.218727
    0.229202
    0.237473
    0.243459
    0.247102
    0.248365
    0.247234
     0.24372
    0.237855
    0.229694
    0.219315
    0.206817
     0.19232
    0.175963
    0.157902
    0.138312
    0.117381
     0.09531
   0.0723116
   0.0486074
   0.0244259
   -0.145243
   -0.289083
   -0.430135
   -0.567042
   -0.698485
   -0.823198
    -0.93998
    -1.04771
    -1.14534
    -1.23195
    -1.30668
    -1.36883
     -1.4178
    -1.45312
    -1.47443
    -1.48155
     -1.4744
    -1.45305
    -1.41771
    -1.36872
    -1.30654
    -1.23179
    -1.14517
    -1.04753
   -0.939801
   -0.823023
   -0.698323
   -0.566898
   -0.430017
   -0.288997
   -0.145196
   0.0229963
   0.0457904
   0.0681618
   0.0898942
    0.110777
    0.130608
    0.149195
    0.166358
    0.181929
    0.195757
    0.207707
    0.217663
    0.225527
    0.231222
    0.234692
    0.235901
    0.234837
    0.231508
    0.225946
    0.218202
     0.20835
    0.196485
    0.182719
    0.167184
    0.150031
    0.131422
    0.111537
   0.0905682
   0.0687164
   0.0461923
    0.023213
   -0.135739
   -0.270167
    -0.40199
   -0.529939
   -0.652781
   -0.769333
   -0.878474
   -0.979152
     -1.0704
    -1.15133
    -1.22118
    -1.27927
    -1.32503
    -1.35803
    -1.37796
    -1.38461
    -1.37793
    -1.35797
    -1.32494
    -1.27916
    -1.22105
    -1.15119
    -1.07024
   -0.978985
   -0.878305
   -0.769169
   -0.652628
   -0.529802
   -0.401878
   -0.270086
   -0.135695
   0.0217934
   0.0433971
   0.0646023
   0.0852036
    0.105002
    0.123804
    0.141429
    0.157705
    0.172474
    0.185592
     0.19693
    0.206379
    0.213845
    0.219254
    0.222554
     0.22371
     0.22271
    0.219562
    0.214296
     0.20696
    0.197624
    0.186377
    0.173326
    0.158596
    0.142329
     0.12468
     0.10582
   0.0859288
   0.0651988
   0.0438293
   0.0220263
   -0.126538
   -0.251854
   -0.374741
   -0.494017
   -0.608531
   -0.717183
   -0.818926
    -0.91278
   -0.997841
    -1.07329
     -1.1384
    -1.19255
    -1.23521
    -1.26598
    -1.28455
    -1.29075
    -1.28452
    -1.26592
    -1.23513
    -1.19245
    -1.13828
    -1.07315
    -0.99769
   -0.912622
   -0.818767
   -0.717028
   -0.608386
   -0.493888
   -0.374635
   -0.251777
   -0.126496
   0.0206205
   0.0410631
   0.0611304
    0.080628
    0.099367
    0.117166
    0.133851
    0.149262
    0.163247
     0.17567
     0.18641
    0.195362
    0.202438
    0.207568
      0.2107
    0.211804
    0.210866
    0.207894
    0.202916
    0.195978
    0.187145
    0.176501
    0.164148
    0.150205
    0.134804
    0.118093
    0.100233
    0.081395
   0.0617611
     0.04152
   0.0208665
   -0.117639
   -0.234143
   -0.348388
   -0.459276
   -0.565738
   -0.666749
   -0.761336
    -0.84859
   -0.927669
   -0.997812
    -1.05835
    -1.10868
    -1.14834
    -1.17695
    -1.19421
    -1.19998
    -1.19419
     -1.1769
    -1.14827
    -1.10859
    -1.05823
    -0.99768
   -0.927525
    -0.84844
   -0.761185
   -0.666602
     -0.5656
   -0.459154
   -0.348288
    -0.23407
     -0.1176
    0.019479
   0.0387915
   0.0577508
   0.0761734
   0.0938807
    0.110701
    0.126471
    0.141037
    0.154257
    0.166003
    0.176159
    0.184626
    0.191321
    0.196177
    0.199145
    0.200196
    0.199318
    0.196517
    0.191818
    0.185267
    0.176924
    0.166868
    0.155196
    0.142018
    0.127461
    0.111665
   0.0947808
   0.0769708
   0.0584063
   0.0392662
   0.0197346
   -0.109043
   -0.217033
    -0.32293
   -0.425715
   -0.524397
   -0.618027
   -0.705703
   -0.786581
   -0.859881
   -0.924899
   -0.981009
    -1.02767
    -1.06443
    -1.09095
    -1.10695
    -1.11229
    -1.10692
    -1.09089
    -1.06436
    -1.02758
   -0.980899
   -0.924775
   -0.859747
   -0.786441
   -0.705563
   -0.617891
    -0.52427
   -0.425602
   -0.322837
   -0.216966
   -0.109007
   0.0183705
   0.0365852
   0.0544679
   0.0718454
   0.0885495
    0.104418
    0.119297
    0.133041
    0.145517
    0.156603
     0.16619
    0.174184
    0.180506
    0.185094
    0.187902
      0.1889
    0.188078
    0.185442
    0.181015
    0.174839
    0.166972
    0.157488
    0.146477
    0.134045
     0.12031
    0.105404
   0.0894697
   0.0726604
   0.0551376
     0.03707
   0.0186316
   -0.100749
   -0.200526
   -0.298368
   -0.393335
   -0.484513
   -0.571021
   -0.652028
   -0.726753
   -0.794478
   -0.854551
   -0.906392
   -0.949504
    -0.98347
    -1.00796
    -1.02275
    -1.02769
    -1.02273
    -1.00792
   -0.983403
   -0.949418
    -0.90629
   -0.854436
   -0.794353
   -0.726622
   -0.651895
   -0.570892
   -0.484392
   -0.393229
   -0.298281
   -0.200462
   -0.100715
   0.0172962
   0.0344464
   0.0512849
   0.0676488
   0.0833794
   0.0983241
    0.112338
    0.125284
    0.137036
     0.14748
    0.156513
    0.164047
    0.170006
    0.174333
    0.176983
    0.177929
    0.177161
    0.174683
    0.170519
    0.164706
      0.1573
     0.14837
    0.138002
    0.126293
    0.113357
   0.0993154
   0.0843046
   0.0684681
   0.0519582
   0.0349336
   0.0175584
   -0.092758
    -0.18462
   -0.274702
   -0.362136
   -0.446081
   -0.525727
   -0.600309
   -0.669107
    -0.73146
   -0.786767
   -0.834496
   -0.874188
    -0.90546
   -0.928011
   -0.941625
   -0.946171
   -0.941604
    -0.92797
   -0.905399
   -0.874109
   -0.834402
    -0.78666
   -0.731343
   -0.668986
   -0.600186
   -0.525607
   -0.445969
   -0.362037
    -0.27462
   -0.184561
  -0.0927262
   0.0162567
   0.0323768
   0.0482046
   0.0635869
   0.0783746
   0.0924242
    0.105599
    0.117771
    0.128822
    0.138643
    0.147139
    0.154225
    0.159832
    0.163903
    0.166399
    0.167293
    0.166575
     0.16425
    0.160339
    0.154878
    0.147918
    0.139525
    0.129779
    0.118771
    0.106608
    0.093406
   0.0792908
   0.0643982
   0.0488712
   0.0328592
   0.0165163
  -0.0850689
   -0.169316
   -0.251931
   -0.332118
   -0.409104
   -0.482148
   -0.550547
   -0.613642
   -0.670826
   -0.721548
   -0.765322
   -0.801722
   -0.830402
   -0.851085
    -0.86357
   -0.867739
    -0.86355
   -0.851045
   -0.830345
   -0.801649
   -0.765233
   -0.721449
   -0.670718
   -0.613528
   -0.550432
   -0.482036
   -0.408999
   -0.332025
   -0.251855
   -0.169261
  -0.0850393
   0.0152526
   0.0303775
   0.0452285
    0.059662
    0.073538
   0.0867219
   0.0990856
    0.110509
     0.12088
    0.130098
    0.138072
    0.144725
    0.149989
    0.153813
    0.156159
    0.157001
    0.156331
    0.154152
    0.150485
    0.145363
    0.138834
     0.13096
    0.121814
    0.111485
    0.100071
   0.0876807
   0.0744327
   0.0604542
   0.0458794
   0.0308485
   0.0155061
  -0.0776823
   -0.154614
   -0.230055
   -0.303279
   -0.373579
   -0.440281
   -0.502741
   -0.560357
   -0.612576
   -0.658894
   -0.698865
   -0.732106
   -0.758295
   -0.777181
   -0.788582
   -0.792388
   -0.788563
   -0.777144
   -0.758241
   -0.732037
   -0.698783
   -0.658801
   -0.612474
   -0.560251
   -0.502633
   -0.440177
   -0.373482
   -0.303192
   -0.229984
   -0.154563
  -0.0776545
    0.014284
   0.0284487
   0.0423572
   0.0558748
   0.0688707
   0.0812188
    0.092799
    0.103499
    0.113213
    0.121848
    0.129319
    0.135551
    0.140484
    0.144068
    0.146267
    0.147059
    0.146433
    0.144395
    0.140962
    0.136167
    0.130054
     0.12268
    0.114115
    0.104441
   0.0937499
   0.0821439
    0.069734
   0.0566391
   0.0429851
   0.0289031
   0.0145286
  -0.0705977
   -0.140513
   -0.209074
    -0.27562
   -0.339509
   -0.400127
    -0.45689
   -0.509252
   -0.556709
   -0.598802
   -0.635128
   -0.665337
   -0.689137
     -0.7063
   -0.716661
    -0.72012
   -0.716643
   -0.706266
   -0.689087
   -0.665272
   -0.635051
   -0.598715
   -0.556614
   -0.509153
   -0.456791
    -0.40003
   -0.339418
    -0.27554
   -0.209008
   -0.140466
  -0.0705719
   0.0133508
   0.0265902
   0.0395903
   0.0522253
   0.0643727
   0.0759149
   0.0867395
   0.0967413
    0.105823
    0.113895
    0.120879
    0.126706
    0.131318
     0.13467
    0.136727
    0.137468
    0.136885
    0.134982
    0.131775
    0.127294
     0.12158
    0.114689
    0.106683
    0.097641
   0.0876474
   0.0767982
    0.065197
   0.0529551
   0.0401899
   0.0270241
   0.0135843
  -0.0638154
   -0.127014
   -0.188988
    -0.24914
   -0.306892
   -0.361686
   -0.412996
   -0.460327
   -0.503224
   -0.541274
   -0.574109
   -0.601415
   -0.622929
   -0.638444
   -0.647809
   -0.650935
   -0.647792
   -0.638411
   -0.622882
   -0.601355
   -0.574037
   -0.541192
   -0.503136
   -0.460235
   -0.412902
   -0.361595
   -0.306807
   -0.249065
   -0.188926
   -0.126969
  -0.0637911
   0.0124526
   0.0248013
   0.0369269
   0.0487121
   0.0600427
   0.0708087
   0.0809057
   0.0902353
   0.0987065
    0.106237
    0.112752
    0.118188
    0.122491
    0.125618
    0.127538
    0.128231
    0.127688
    0.125914
    0.122923
    0.118744
    0.113416
    0.106988
   0.0995215
   0.0910872
   0.0817655
   0.0716453
   0.0608233
   0.0494033
   0.0374949
   0.0252123
   0.0126738
  -0.0573351
   -0.114116
   -0.169797
   -0.223841
   -0.275728
   -0.324958
   -0.371057
   -0.413582
   -0.452122
   -0.486308
   -0.515809
   -0.540341
   -0.559669
   -0.573607
   -0.582021
   -0.584829
   -0.582006
   -0.573578
   -0.559626
   -0.540284
    -0.51574
   -0.486231
   -0.452039
   -0.413495
    -0.37097
   -0.324873
   -0.275648
   -0.223771
   -0.169739
   -0.114075
  -0.0573126
   0.0115888
    0.023081
   0.0343657
   0.0453335
   0.0558784
    0.065898
    0.075295
    0.083978
   0.0918621
   0.0988705
    0.104934
    0.109994
    0.113999
     0.11691
    0.118698
    0.119343
    0.118839
    0.117188
    0.114406
    0.110518
    0.105559
   0.0995775
    0.092629
   0.0847796
   0.0761041
   0.0666852
   0.0566131
   0.0459841
   0.0349002
   0.0234679
    0.011797
  -0.0511571
    -0.10182
   -0.151501
   -0.199721
   -0.246016
   -0.289941
   -0.331072
   -0.369014
   -0.403401
   -0.433903
   -0.460224
   -0.482113
   -0.499358
   -0.511795
   -0.519302
   -0.521807
   -0.519287
   -0.511766
   -0.499317
    -0.48206
   -0.460161
   -0.433831
   -0.403323
   -0.368933
    -0.33099
   -0.289861
   -0.245942
   -0.199655
   -0.151446
   -0.101781
  -0.0511359
   0.0107589
   0.0214282
   0.0319048
   0.0420875
   0.0518775
   0.0611799
   0.0699043
   0.0779658
   0.0852859
   0.0917928
    0.097423
    0.102121
     0.10584
    0.108543
    0.110204
    0.110803
    0.110336
    0.108804
    0.106221
    0.102611
   0.0980083
   0.0924551
   0.0860041
   0.0787167
   0.0706622
   0.0619173
   0.0525657
    0.042697
   0.0324057
   0.0217907
    0.010954
  -0.0452809
  -0.0901243
   -0.134098
    -0.17678
   -0.217757
   -0.256637
   -0.293043
   -0.326626
   -0.357062
   -0.384059
   -0.407357
   -0.426731
   -0.441995
   -0.453002
   -0.459646
   -0.461863
   -0.459633
   -0.452976
   -0.441957
   -0.426682
   -0.407298
   -0.383993
    -0.35699
    -0.32655
   -0.292966
   -0.256562
   -0.217687
   -0.176718
   -0.134048
  -0.0900875
  -0.0452611
  0.00996228
   0.0198417
   0.0295427
   0.0389716
    0.048037
    0.056651
   0.0647299
    0.072195
   0.0789736
   0.0849994
   0.0902132
   0.0945639
   0.0980082
    0.100512
     0.10205
    0.102606
    0.102173
    0.100755
   0.0983642
    0.095022
   0.0907599
   0.0856179
   0.0796445
   0.0728964
   0.0654378
   0.0573399
     0.04868
    0.039541
   0.0300106
   0.0201803
   0.0101446
  -0.0397067
  -0.0790295
    -0.11759
   -0.155017
    -0.19095
   -0.225042
   -0.256967
   -0.286415
   -0.313105
   -0.336777
   -0.357207
   -0.374195
    -0.38758
   -0.397231
   -0.403056
   -0.405001
   -0.403044
   -0.397207
   -0.387543
   -0.374149
   -0.357151
   -0.336715
   -0.313037
   -0.286344
   -0.256895
   -0.224973
   -0.190885
   -0.154959
   -0.117543
  -0.0789953
  -0.0396882
  0.00919836
   0.0183203
   0.0272777
   0.0359839
   0.0443545
   0.0523085
   0.0597684
   0.0666617
   0.0729212
   0.0784856
   0.0833003
   0.0873181
   0.0904991
   0.0928116
   0.0942321
    0.094746
   0.0943472
   0.0930383
   0.0908309
   0.0877453
   0.0838101
   0.0790623
   0.0735467
   0.0673157
   0.0604285
   0.0529508
   0.0449541
   0.0365149
   0.0277141
   0.0186362
  0.00936841
  -0.0344344
  -0.0685358
   -0.101976
   -0.134433
   -0.165594
   -0.195159
   -0.222844
   -0.248382
   -0.271527
   -0.292056
   -0.309772
   -0.324504
    -0.33611
    -0.34448
   -0.349531
   -0.351217
    -0.34952
   -0.344457
   -0.336077
   -0.324461
    -0.30972
   -0.291997
   -0.271463
   -0.248315
   -0.222777
   -0.195094
   -0.165533
   -0.134379
   -0.101932
  -0.0685036
   -0.034417
  0.00846665
   0.0168631
   0.0251082
   0.0331222
   0.0408275
   0.0481493
   0.0550165
   0.0613623
   0.0671246
   0.0722472
   0.0766799
   0.0803789
   0.0833078
   0.0854371
   0.0867455
   0.0872192
   0.0868527
   0.0856484
    0.083617
    0.080777
   0.0771549
   0.0727846
   0.0677075
   0.0619716
   0.0556316
   0.0487479
   0.0413862
   0.0336171
   0.0255149
   0.0171575
  0.00862513
  -0.0294637
  -0.0586424
  -0.0872553
   -0.115027
    -0.14169
   -0.166987
   -0.190674
   -0.212525
   -0.232328
   -0.249894
   -0.265052
   -0.277657
   -0.287587
   -0.294748
    -0.29907
   -0.300512
   -0.299059
   -0.294726
   -0.287556
   -0.277616
   -0.265003
   -0.249839
   -0.232269
   -0.212463
   -0.190612
   -0.166925
   -0.141632
   -0.114976
  -0.0872138
  -0.0586124
  -0.0294475
  0.00776669
   0.0154691
   0.0230329
   0.0303849
   0.0374538
    0.044171
   0.0504714
   0.0562934
   0.0615804
   0.0662806
   0.0703478
   0.0737422
   0.0764299
   0.0783842
   0.0795853
   0.0800207
   0.0796852
    0.078581
   0.0767179
    0.074113
   0.0707903
   0.0667812
   0.0621234
   0.0568612
   0.0510444
   0.0447287
   0.0379743
   0.0308459
   0.0234119
   0.0157434
  0.00791436
  -0.0247947
  -0.0493496
  -0.0734281
  -0.0967984
   -0.119236
   -0.140524
   -0.160457
   -0.178845
   -0.195509
    -0.21029
   -0.223045
   -0.233652
   -0.242008
   -0.248034
    -0.25167
   -0.252883
    -0.25166
   -0.248013
   -0.241979
   -0.233614
      -0.223
   -0.210239
   -0.195454
   -0.178787
   -0.160399
   -0.140466
   -0.119182
  -0.0967514
  -0.0733894
  -0.0493215
  -0.0247796
  0.00709811
   0.0141377
   0.0210508
   0.0277704
   0.0342315
   0.0403714
   0.0461304
   0.0514523
   0.0562854
   0.0605822
   0.0643006
    0.067404
   0.0698616
   0.0716488
   0.0727476
   0.0731465
   0.0728407
   0.0718322
     0.07013
   0.0677495
   0.0647129
   0.0610487
   0.0567914
   0.0519814
   0.0466644
   0.0408911
   0.0347166
   0.0282001
   0.0214039
   0.0143933
  0.00723573
  -0.0204273
  -0.0406569
  -0.0604939
  -0.0797473
  -0.0982318
   -0.115769
   -0.132191
   -0.147339
   -0.161068
   -0.173244
   -0.183752
    -0.19249
   -0.199373
   -0.204336
   -0.207332
    -0.20833
   -0.207322
   -0.204318
   -0.199346
   -0.192454
    -0.18371
   -0.173197
   -0.161016
   -0.147285
   -0.132137
   -0.115716
  -0.0981821
  -0.0797032
  -0.0604576
  -0.0406306
  -0.0204132
   0.0064606
   0.0128682
   0.0191608
   0.0252775
   0.0311591
   0.0367486
   0.0419914
   0.0468367
   0.0512369
   0.0551492
   0.0585351
   0.0613612
   0.0635995
   0.0652275
   0.0662289
    0.066593
   0.0663156
   0.0653985
   0.0638497
   0.0616833
   0.0589194
   0.0555841
   0.0517086
   0.0473298
   0.0424892
    0.037233
   0.0316113
    0.025678
   0.0194899
   0.0131064
  0.00658887
  -0.0163613
   -0.032564
  -0.0484521
  -0.0638728
  -0.0786775
  -0.0927237
   -0.105876
   -0.118008
   -0.129003
   -0.138755
    -0.14717
   -0.154168
    -0.15968
   -0.163655
   -0.166053
   -0.166852
   -0.166044
   -0.163637
   -0.159655
   -0.154135
   -0.147131
   -0.138711
   -0.128955
   -0.117957
   -0.105825
  -0.0926739
  -0.0786311
  -0.0638317
  -0.0484184
  -0.0325395
  -0.0163481
  0.00585387
   0.0116599
   0.0173621
   0.0229051
   0.0282353
   0.0333009
   0.0380527
   0.0424443
   0.0464329
   0.0499793
   0.0530488
   0.0556111
   0.0576408
   0.0591174
   0.0600261
   0.0603573
    0.060107
   0.0592768
    0.057874
   0.0559114
   0.0534072
   0.0503848
   0.0468726
   0.0429041
   0.0385168
   0.0337526
   0.0286569
   0.0232785
    0.017669
   0.0118821
  0.00597349
  -0.0125965
  -0.0250707
  -0.0373026
  -0.0491744
  -0.0605719
  -0.0713852
  -0.0815103
  -0.0908498
  -0.0993138
   -0.106821
   -0.113299
   -0.118685
   -0.122928
   -0.125987
   -0.127833
   -0.128447
   -0.127824
   -0.125971
   -0.122904
   -0.118654
   -0.113262
   -0.106779
  -0.0992686
  -0.0908026
  -0.0814626
  -0.0713388
  -0.0605285
   -0.049136
   -0.037271
  -0.0250478
  -0.0125841
  0.00527769
   0.0105125
    0.015654
   0.0206522
   0.0254588
   0.0300271
   0.0343125
   0.0382735
   0.0418711
   0.0450703
   0.0478395
   0.0501514
    0.051983
    0.053316
   0.0541367
   0.0544367
   0.0542122
   0.0534647
   0.0522006
   0.0504315
   0.0481738
   0.0454485
   0.0422814
   0.0387024
   0.0347456
   0.0304485
   0.0258522
   0.0210006
   0.0159403
   0.0107198
  0.00538929
 -0.00913269
  -0.0181766
  -0.0270446
  -0.0356513
   -0.043914
   -0.051753
   -0.059093
  -0.0658633
  -0.0719987
  -0.0774403
  -0.0821355
  -0.0860395
  -0.0891146
  -0.0913313
  -0.0926682
  -0.0931127
  -0.0926604
   -0.091316
  -0.0890923
  -0.0860107
  -0.0821011
  -0.0774013
  -0.0719566
  -0.0658192
  -0.0590485
  -0.0517097
  -0.0438736
  -0.0356155
  -0.0270151
  -0.0181552
 -0.00912119
  0.00473184
  0.00942558
   0.0140359
    0.018518
   0.0228287
   0.0269258
   0.0307696
   0.0343226
   0.0375501
   0.0404203
   0.0429051
   0.0449799
    0.046624
   0.0478209
   0.0485585
   0.0488289
   0.0486289
   0.0479597
   0.0468271
   0.0452414
   0.0432172
   0.0407735
   0.0379332
   0.0347232
   0.0311739
   0.0273193
   0.0231959
   0.0188434
   0.0143032
  0.00961914
  0.00483605
 -0.00596976
  -0.0118812
  -0.0176775
  -0.0233028
   -0.028703
  -0.0338261
  -0.0386228
   -0.043047
  -0.0470561
  -0.0506115
  -0.0536792
  -0.0562295
  -0.0582381
  -0.0596857
  -0.0605583
  -0.0608476
   -0.060551
  -0.0596714
  -0.0582172
  -0.0562026
   -0.053647
  -0.0505752
  -0.0470166
  -0.0430058
  -0.0385812
  -0.0337856
  -0.0286652
  -0.0232693
    -0.01765
  -0.0118613
 -0.00595903
  0.00421611
  0.00839863
   0.0125071
   0.0165018
   0.0203439
    0.023996
   0.0274227
   0.0305904
   0.0334681
   0.0360277
   0.0382439
   0.0400947
   0.0415618
   0.0426303
   0.0432894
    0.043532
   0.0433553
   0.0427601
   0.0417517
   0.0403393
   0.0385357
   0.0363579
   0.0338263
   0.0309648
   0.0278007
   0.0243639
   0.0206873
    0.016806
   0.0127571
  0.00857962
  0.00431356
 -0.00310745
 -0.00618423
 -0.00920073
  -0.0121279
  -0.0149377
   -0.017603
  -0.0200981
  -0.0223992
  -0.0244841
  -0.0263328
  -0.0279275
  -0.0292529
  -0.0302964
  -0.0310479
  -0.0315003
  -0.0316493
  -0.0314935
  -0.0310346
  -0.0302768
  -0.0292278
  -0.0278975
  -0.0262988
  -0.0244473
  -0.0223607
  -0.0200593
  -0.0175652
  -0.0149024
  -0.0120967
 -0.00917503
 -0.00616562
 -0.00309743
   0.0037303
  0.00743129
   0.0110672
   0.0146027
   0.0180035
   0.0212366
   0.0242704
   0.0270753
   0.0296238
   0.0318909
   0.0338542
   0.0354943
   0.0367947
   0.0377424
   0.0383276
   0.0385441
   0.0383893
    0.037864
   0.0369726
   0.0357233
   0.0341276
   0.0322002
   0.0299593
   0.0274261
   0.0246245
   0.0215813
   0.0183253
   0.0148877
   0.0113015
  0.00760091
  0.00382164
-0.000545488
 -0.00108503
 -0.00161345
  -0.0021257
 -0.00261686
 -0.00308223
 -0.00351738
 -0.00391816
 -0.00428076
 -0.00460173
 -0.00487804
 -0.00510709
 -0.00528673
  -0.0054153
  -0.0054916
 -0.00551499
 -0.00548528
 -0.00540284
  -0.0052685
 -0.00508362
 -0.00485004
 -0.00457005
 -0.00424639
 -0.00388223
 -0.00348111
 -0.00304694
 -0.00258391
 -0.00209651
 -0.00158946
 -0.00106766
-0.000536137
  0.00327422
  0.00652316
  0.00971539
   0.0128199
   0.0158066
   0.0186464
   0.0213116
   0.0237761
   0.0260157
   0.0280084
   0.0297344
   0.0311768
   0.0323209
   0.0331553
   0.0336713
   0.0338635
   0.0337293
   0.0332696
   0.0324881
   0.0313921
   0.0299914
   0.0282991
    0.026331
   0.0241058
   0.0216445
   0.0189705
   0.0161092
   0.0130879
  0.00993571
  0.00668269
  0.00336013
  0.00171642
  0.00341696
  0.00508521
  0.00670508
  0.00826096
  0.00973782
   0.0111214
   0.0123984
   0.0135563
   0.0145841
   0.0154717
   0.0162106
   0.0167936
   0.0172151
   0.0174708
   0.0175583
   0.0174767
   0.0172267
   0.0168106
   0.0162325
   0.0154979
   0.0146136
   0.0135884
   0.0124319
   0.0111552
  0.00977074
  0.00829168
   0.0067323
  0.00510758
  0.00343315
  0.00172514
  0.00284767
  0.00567389
  0.00845127
   0.0111529
   0.0137524
   0.0162245
   0.0185451
   0.0206914
   0.0226422
   0.0243785
   0.0258829
   0.0271406
   0.0281387
   0.0288673
   0.0293188
   0.0294882
   0.0293735
   0.0289752
   0.0282966
   0.0273438
   0.0261256
    0.024653
   0.0229401
   0.0210028
   0.0188596
   0.0165306
   0.0140382
   0.0114061
  0.00865946
  0.00582464
  0.00292887
  0.00367861
  0.00732239
   0.0108962
   0.0143657
   0.0176973
   0.0208591
   0.0238204
   0.0265527
   0.0290297
   0.0312275
   0.0331248
   0.0347034
    0.035948
   0.0368465
   0.0373902
   0.0375739
   0.0373957
   0.0368573
   0.0359638
   0.0347238
   0.0331492
    0.031255
   0.0290596
   0.0265839
   0.0238519
   0.0208897
    0.017726
    0.014391
   0.0109171
  0.00733747
  0.00368673
   0.0024505
  0.00488313
  0.00727431
   0.0096008
   0.0118399
   0.0139699
   0.0159698
     0.01782
   0.0195022
   0.0209999
   0.0222982
    0.023384
   0.0242465
   0.0248768
   0.0252683
   0.0254168
   0.0253203
   0.0249793
   0.0243965
   0.0235772
   0.0225287
   0.0212608
   0.0197852
   0.0181159
   0.0162686
   0.0142608
   0.0121116
  0.00984152
  0.00747223
  0.00502646
  0.00252771
  0.00534145
    0.010632
   0.0158207
   0.0208576
   0.0256941
   0.0302836
    0.034582
   0.0385476
   0.0421424
   0.0453317
   0.0480847
   0.0503748
     0.05218
   0.0534828
   0.0542705
   0.0545357
   0.0542756
   0.0534928
   0.0521947
   0.0503937
   0.0481073
   0.0453573
   0.0421702
   0.0385766
   0.0346112
   0.0303121
   0.0257207
   0.0208812
   0.0158401
    0.010646
    0.005349
  0.00208256
  0.00415061
  0.00618409
   0.0081632
   0.0100686
   0.0118817
   0.0135847
   0.0151608
   0.0165944
   0.0178714
   0.0189789
   0.0199058
   0.0206428
   0.0211822
   0.0215184
   0.0216476
   0.0215681
   0.0212803
   0.0207863
   0.0200907
   0.0191995
    0.018121
   0.0168653
   0.0154441
   0.0138708
   0.0121602
   0.0103287
  0.00839366
   0.0063736
  0.00428787
   0.0021565
  0.00670538
   0.0133467
     0.01986
   0.0261825
   0.0322533
   0.0380139
   0.0434089
   0.0483861
   0.0528977
   0.0569002
   0.0603549
   0.0632286
   0.0654936
   0.0671279
   0.0681158
   0.0684477
   0.0681206
   0.0671372
   0.0655072
   0.0632461
   0.0603759
   0.0569238
   0.0529234
   0.0484129
    0.043436
   0.0380403
   0.0322779
   0.0262043
   0.0198779
   0.0133597
  0.00671236
  0.00174378
  0.00347618
  0.00518036
  0.00683969
  0.00843795
  0.00995946
   0.0113892
   0.0127131
    0.013918
   0.0149919
   0.0159239
   0.0167047
   0.0173263
   0.0177823
   0.0180677
   0.0181793
   0.0181156
   0.0178768
   0.0174648
    0.016883
   0.0161366
   0.0152326
   0.0141792
   0.0129863
   0.0116651
    0.010228
  0.00868879
  0.00706198
  0.00536315
  0.00360858
  0.00181511
  0.00777085
   0.0154673
   0.0230153
   0.0303421
   0.0373771
   0.0440525
   0.0503041
   0.0560715
   0.0612992
   0.0659369
   0.0699398
   0.0732694
   0.0758935
   0.0777868
    0.078931
   0.0793151
   0.0789353
   0.0777954
    0.075906
   0.0732856
   0.0699591
   0.0659587
   0.0613229
   0.0560962
    0.050329
   0.0440768
   0.0373997
   0.0303622
   0.0230318
   0.0154793
  0.00777728
  0.00143415
  0.00285979
  0.00426302
  0.00563014
  0.00694773
   0.0082028
  0.00938296
   0.0104765
   0.0114724
   0.0123608
   0.0131326
     0.01378
   0.0142964
   0.0146761
   0.0149152
   0.0150109
   0.0149618
    0.014768
   0.0144308
   0.0139531
   0.0133392
   0.0125946
   0.0117261
   0.0107418
  0.00965085
  0.00846362
  0.00719131
    0.005846
  0.00444053
  0.00298835
  0.00150341
  0.00853838
    0.016995
   0.0252883
   0.0333385
    0.041068
   0.0484024
    0.055271
   0.0616076
   0.0673511
   0.0724464
   0.0768442
    0.080502
   0.0833848
   0.0854645
   0.0867212
   0.0871428
   0.0867252
   0.0854723
   0.0833961
   0.0805167
   0.0768618
   0.0724664
   0.0673729
   0.0616302
   0.0552938
   0.0484246
   0.0410888
   0.0333568
   0.0253034
   0.0170059
  0.00854426
  0.00115371
  0.00230151
  0.00343218
  0.00453465
  0.00559804
  0.00661182
  0.00756592
   0.0084508
  0.00925755
    0.009978
   0.0106048
   0.0111315
   0.0115525
   0.0118634
   0.0120606
    0.012142
   0.0121061
    0.011953
   0.0116837
   0.0113005
   0.0108065
   0.0102063
   0.0095052
   0.0087098
  0.00782745
  0.00686643
   0.0058358
  0.00474534
  0.00360544
  0.00242699
   0.0012213
  0.00900859
   0.0179308
   0.0266807
    0.035174
    0.043329
    0.051067
   0.0583135
   0.0649986
   0.0710582
   0.0764336
   0.0810731
    0.084932
   0.0879729
   0.0901669
   0.0914925
   0.0919369
    0.091496
   0.0901739
   0.0879833
   0.0849452
    0.081089
   0.0764517
   0.0710778
   0.0650192
   0.0583341
   0.0510871
   0.0433477
   0.0351906
   0.0266944
   0.0179407
   0.0090139
 0.000902562
  0.00180153
  0.00268809
  0.00355351
  0.00438922
  0.00518688
   0.0059385
   0.0066365
  0.00727378
  0.00784381
   0.0083407
  0.00875921
   0.0090949
  0.00934407
   0.0095039
  0.00957239
  0.00954845
   0.0094319
  0.00922346
  0.00892473
  0.00853823
  0.00806735
  0.00751631
  0.00689013
  0.00619459
  0.00543617
    0.004622
  0.00375977
  0.00285768
  0.00192434
 0.000968714
  0.00918211
   0.0182761
   0.0271945
   0.0358513
   0.0441631
     0.05205
   0.0594358
   0.0662495
   0.0724254
    0.077904
   0.0826325
   0.0865654
   0.0896647
   0.0919005
   0.0932513
   0.0937041
   0.0932546
   0.0919068
   0.0896739
   0.0865773
   0.0826467
   0.0779201
   0.0724429
   0.0662678
   0.0594542
   0.0520679
   0.0441798
   0.0358661
   0.0272067
   0.0182849
  0.00918685
  0.00068085
  0.00136012
  0.00203112
   0.0026872
  0.00332182
  0.00392857
  0.00450133
  0.00503423
  0.00552178
  0.00595891
  0.00634099
  0.00666392
  0.00692417
   0.0071188
   0.0072455
  0.00730261
  0.00728917
  0.00720488
  0.00705016
  0.00682611
  0.00653455
  0.00617793
   0.0057594
   0.0052827
  0.00475219
  0.00417275
  0.00354979
  0.00288918
  0.00219717
  0.00148035
 0.000745602
  0.00905968
   0.0180324
   0.0268318
   0.0353731
    0.043574
   0.0513555
   0.0586426
   0.0653652
   0.0714585
   0.0768639
   0.0815291
   0.0854093
    0.088467
   0.0906728
   0.0920054
    0.092452
   0.0920082
   0.0906784
   0.0884752
   0.0854197
   0.0815416
    0.076878
   0.0714739
   0.0653813
   0.0586588
   0.0513712
   0.0435887
   0.0353861
   0.0268425
   0.0180402
  0.00906386
 0.000488725
 0.000977576
  0.00146171
  0.00193628
  0.00239649
  0.00283766
  0.00325524
  0.00364488
  0.00400248
  0.00432423
  0.00460662
  0.00484654
  0.00504125
  0.00518846
  0.00528632
  0.00533346
  0.00532902
  0.00527263
  0.00516445
  0.00500514
  0.00479589
  0.00453838
  0.00423479
  0.00388778
  0.00350044
  0.00307631
  0.00261928
  0.00213363
  0.00162393
  0.00109502
 0.000551966
  0.00864213
   0.0172013
    0.025595
   0.0337426
   0.0415654
   0.0489882
   0.0559393
   0.0623519
   0.0681642
   0.0733202
   0.0777703
   0.0814714
   0.0843881
   0.0864921
   0.0877631
   0.0881889
   0.0877656
   0.0864968
    0.084395
   0.0814805
    0.077781
   0.0733325
   0.0681774
   0.0623658
   0.0559533
   0.0490017
   0.0415781
   0.0337538
   0.0256043
    0.017208
  0.00864573
 0.000326331
 0.000654181
 0.000980264
  0.00130127
   0.0016139
  0.00191489
  0.00220107
  0.00246937
  0.00271687
  0.00294082
  0.00313868
  0.00330816
  0.00344722
  0.00355411
  0.00362739
  0.00366593
  0.00366897
  0.00363607
  0.00356718
  0.00346258
  0.00332295
   0.0031493
  0.00294301
  0.00270581
  0.00243973
  0.00214715
   0.0018307
  0.00149329
  0.00113808
 0.000768421
 0.000387837
  0.00793039
   0.0157846
   0.0234871
   0.0309636
    0.038142
   0.0449534
   0.0513319
   0.0572163
   0.0625498
    0.067281
   0.0713644
   0.0747606
   0.0774368
   0.0793674
   0.0805336
   0.0809243
   0.0805357
   0.0793715
   0.0774428
   0.0747681
   0.0713734
   0.0672912
   0.0625607
   0.0572278
   0.0513436
   0.0449647
   0.0381526
    0.030973
   0.0234948
   0.0157902
  0.00793342
 0.000193782
 0.000390162
 0.000587132
 0.000782637
 0.000974597
  0.00116093
  0.00133958
  0.00150853
  0.00166583
  0.00180962
  0.00193815
  0.00204981
  0.00214313
  0.00221682
  0.00226977
  0.00230107
  0.00231002
  0.00229616
  0.00225925
  0.00219929
  0.00211651
  0.00201141
   0.0018847
  0.00173735
  0.00157054
  0.00138567
  0.00118436
 0.000968408
 0.000739797
 0.000500659
 0.000253265
   0.0069255
   0.0137845
   0.0205109
   0.0270399
   0.0333087
   0.0392569
   0.0448271
   0.0499658
   0.0546234
    0.058755
   0.0623208
   0.0652866
   0.0676237
   0.0693096
    0.070328
    0.070669
   0.0703295
   0.0693127
   0.0676283
   0.0652926
   0.0623281
   0.0587632
   0.0546323
   0.0499751
   0.0448365
    0.039266
   0.0333173
   0.0270475
   0.0205171
    0.013789
  0.00692792
 9.11487e-05
 0.000185666
 0.000282533
 0.000380674
 0.000478959
 0.000576225
 0.000671286
 0.000762948
 0.000850025
 0.000931352
   0.0010058
  0.00107229
  0.00112982
  0.00117744
  0.00121433
  0.00123973
  0.00125303
  0.00125374
  0.00124148
  0.00121603
   0.0011773
  0.00112538
  0.00106047
 0.000982945
 0.000893324
 0.000792272
 0.000680597
 0.000559238
 0.000429264
 0.000291859
  0.00014831
  0.00562862
   0.0112032
   0.0166699
   0.0219763
   0.0270712
   0.0319054
   0.0364326
   0.0406089
   0.0443942
   0.0477521
   0.0506501
   0.0530604
   0.0549598
   0.0563298
   0.0571574
   0.0574346
   0.0571587
   0.0563323
   0.0549633
    0.053065
   0.0506555
   0.0477582
   0.0444008
   0.0406158
   0.0364395
   0.0319123
   0.0270776
    0.021982
   0.0166746
   0.0112065
  0.00563044
 1.84524e-05
 4.07398e-05
 6.65507e-05
 9.55028e-05
 0.000127148
  0.00016098
 0.000196441
 0.000232927
 0.000269803
 0.000306406
 0.000342058
 0.000376076
 0.000407779
 0.000436502
 0.000461606
 0.000482484
 0.000498575
  0.00050937
 0.000514421
  0.00051335
 0.000505852
 0.000491707
 0.000470778
 0.000443018
 0.000408474
 0.000367286
 0.000319686
 0.000266001
 0.000206647
 0.000142126
 7.30235e-05
  0.00404108
  0.00804332
   0.0119682
   0.0157779
   0.0194357
   0.0229064
   0.0261566
    0.029155
   0.0318726
   0.0342833
   0.0363639
   0.0380944
    0.039458
   0.0404416
   0.0410358
   0.0412347
   0.0410365
   0.0404432
   0.0394603
   0.0380974
   0.0363675
   0.0342874
    0.031877
   0.0291596
   0.0261613
    0.022911
     0.01944
   0.0157817
   0.0119713
  0.00804557
  0.00404229
-2.43309e-05
-4.46568e-05
-6.08693e-05
-7.29347e-05
-8.08925e-05
-8.48529e-05
 -8.4994e-05
 -8.1557e-05
-7.48416e-05
-6.51999e-05
-5.30304e-05
-3.87703e-05
-2.28883e-05
-5.87657e-06
 1.17575e-05
 2.94994e-05
 4.68363e-05
  6.3265e-05
 7.83001e-05
  9.1482e-05
 0.000102384
 0.000110619
 0.000115847
 0.000117779
 0.000116182
 0.000110885
  0.00010178
 8.88239e-05
 7.20424e-05
 5.15277e-05
 2.74388e-05
  0.00216431
  0.00430782
  0.00640988
  0.00845027
   0.0104093
   0.0122681
   0.0140088
   0.0156147
   0.0170702
   0.0183613
   0.0194756
   0.0204024
   0.0211327
   0.0216595
   0.0219777
   0.0220842
   0.0219781
   0.0216603
   0.0211338
   0.0204039
   0.0194774
   0.0183633
   0.0170724
    0.015617
   0.0140112
   0.0122704
   0.0104114
  0.00845216
  0.00641144
  0.00430895
  0.00216492
  2.8026e-45
  4.2039e-45
  4.2039e-45
  4.2039e-45
  4.2039e-45
  4.2039e-45
  4.2039e-45
  4.2039e-45
  4.2039e-45
  4.2039e-45
  4.2039e-45
  4.2039e-45
  4.2039e-45
  4.2039e-45
  4.2039e-45
  4.2039e-45
  4.2039e-45
  4.2039e-45
  4.2039e-45
  4.2039e-45
  4.2039e-45
  4.2039e-45
  4.2039e-45
  4.2039e-45
  4.2039e-45
  4.2039e-45
  4.2039e-45
  4.2039e-45
  4.2039e-45
  4.2039e-45
  2.8026e-45
-2.24208e-44
-2.24208e-44
-2.24208e-44
 2.24208e-44
 2.24208e-44
 2.24208e-44
-2.24208e-44
-2.24208e-44
-2.24208e-44
-2.24208e-44
-2.24208e-44
-2.24208e-44
-2.24208e-44
 2.24208e-44
-2.24208e-44
-2.24208e-44
 2.24208e-44
 2.24208e-44
 2.24208e-44
 2.24208e-44
-2.24208e-44
-2.24208e-44
-2.24208e-44
 2.24208e-44
-2.24208e-44
-2.24208e-44
 2.24208e-44
 2.24208e-44
 2.24208e-44
 2.24208e-44
-2.24208e-44
