0.999999
0.950209
0.908034
0.871396
0.83905
0.810172
0.784203
0.760724
0.739366
0.719846
0.701839
0.6851119999999999
0.669393
0.654381
0.639721
0.624541
0.608817
0.5928100000000001
0.576645
0.560396
0.544117
0.52785
0.511629
0.495485
0.47944200000000003
0.463524
0.44775
0.432138
0.416703
0.401457
0.386412
0.371577
0.356959
0.342564
0.328397
0.314461
0.30075799999999997
0.28729299999999997
0.274069
0.26109
0.248365
0.23590100000000003
0.22371
0.211804
0.200196
0.1889
0.177929
0.167293
0.157001
0.147059
0.137468
0.12823099999999998
0.119343
0.110803
0.10260599999999999
0.094746
0.0872192
0.0800207
0.0731465
0.066593
0.060357299999999996
0.0544367
0.0488289
0.043532
0.0385441
0.0338635
0.0294882
0.0254168
0.0216476
0.0181793
0.0150109
0.012142
0.00957239
0.00730261
0.00533346
0.00366593
0.00230107
0.00123973
0.00048248400000000004
2.94994e-05
4.203899999999999e-45
