Iterations: 
0
1
2
3
Iterations: 
0
1
2
3
Iterations: 
0
1
2
3
4
5
6
7
8
9
10
11
12
13
14
15
16
17
18
19
20
21
22
23
24
25
26
27
28
29
30
31
32
33
34
35
36
37
38
39
40
41
42
43
44
45
46
47
48
49
50
51
52
53
54
55
56
57
58
59
60
61
62
63
64
65
66
67
68
69
70
71
72
73
74
75
76
77
78
79
80
81
82
83
84
85
86
87
88
89
90
91
92
93
94
95
96
97
98
99
100
101
102
103
104
105
106
107
108
109
110
111
112
113
Iterations: 
0
1
2
3
Iterations: 
0
1
2
3
Iterations: 
0
1
2
3
Iterations: 
0
1
2
3
Iterations: 
0
1
2
3
4
5
6
7
8
9
10
11
12
13
14
15
16
17
18
19
20
21
22
23
24
25
26
27
28
29
30
31
32
33
34
35
36
37
38
39
40
41
42
43
44
45
46
47
48
49
50
51
52
53
54
55
56
57
58
59
60
61
62
63
64
65
66
67
68
69
70
71
72
73
74
75
76
77
Iterations: 
0
1
2
3
Iterations: 
0
1
2
3
Iterations: 
0
1
2
3
Iterations: 
0
1
2
3
Iterations: 
0
1
2
3
4
5
6
7
8
9
10
11
12
13
14
15
16
17
18
19
20
21
22
23
24
25
26
27
28
29
30
31
32
33
34
35
36
37
38
39
40
41
42
43
44
45
46
47
48
49
50
51
52
53
54
55
56
57
58
59
60
61
62
63
Iterations: 
0
1
2
3
Iterations: 
0
1
2
3
Iterations: 
0
1
2
3
Iterations: 
0
1
2
3
Iterations: 
0
1
2
3
4
5
6
7
8
9
10
11
12
13
14
15
16
17
18
19
20
21
22
23
24
25
26
27
28
29
30
31
32
33
34
35
36
37
38
39
40
41
42
43
44
45
46
47
48
49
50
51
52
53
54
55
56
57
58
59
60
61
62
63
64
65
66
67
68
69
70
71
72
73
74
75
76
77
78
79
80
81
82
83
84
85
86
87
88
89
90
91
92
93
94
95
96
97
98
99
100
101
102
103
104
105
106
107
108
109
110
111
Iterations: 
0
1
2
3
Iterations: 
0
1
2
3
Iterations: 
0
1
2
3
Iterations: 
0
1
2
3
Iterations: 
0
1
2
3
4
5
6
7
8
9
10
11
12
13
14
15
16
17
18
19
20
21
22
23
24
25
26
27
28
29
30
31
32
33
34
35
36
37
38
39
40
41
42
43
44
45
46
47
48
49
50
51
52
53
54
55
56
57
58
59
60
61
62
63
64
65
66
67
68
69
70
71
72
73
74
75
76
77
78
79
80
81
82
83
84
85
86
87
88
89
90
91
92
93
94
95
96
97
98
99
Iterations: 
0
1
2
3
Iterations: 
0
1
2
3
Iterations: 
0
1
2
3
Iterations: 
0
1
2
3
Iterations: 
0
1
2
3
4
5
6
7
8
9
10
11
12
13
14
15
16
17
18
19
20
21
22
23
24
25
26
27
28
29
30
31
32
33
34
35
36
37
38
39
40
41
42
43
44
45
46
47
48
49
50
51
52
53
54
55
56
57
58
59
60
61
62
63
64
65
66
67
68
69
70
71
72
73
74
75
76
77
78
79
80
81
82
Iterations: 
0
1
2
3
Iterations: 
0
1
2
3
Iterations: 
0
1
2
3
Iterations: 
0
1
2
3
Iterations: 
0
1
2
3
4
5
6
7
8
9
10
11
12
13
14
15
16
17
18
19
20
21
22
23
24
25
26
27
28
29
30
31
32
33
34
35
36
37
38
39
40
41
42
43
44
45
46
47
48
49
50
51
52
Iterations: 
0
1
2
3
Iterations: 
0
1
2
3
Iterations: 
0
1
2
3
Iterations: 
0
1
2
3
Iterations: 
0
1
2
3
4
5
6
7
8
9
10
11
12
13
14
15
16
17
18
19
20
21
22
23
24
25
26
27
28
29
30
31
32
33
34
35
36
37
38
39
40
41
42
43
44
45
46
47
48
49
Iterations: 
0
1
2
3
Iterations: 
0
1
2
3
Iterations: 
0
1
2
3
Iterations: 
0
1
2
3
Iterations: 
0
1
2
3
4
5
6
7
8
9
10
11
12
13
14
15
16
17
18
19
20
21
22
23
24
25
26
27
28
29
30
31
32
33
34
35
36
37
38
39
40
41
42
43
44
45
46
47
48
49
50
51
52
53
54
55
56
57
58
59
60
61
62
63
64
65
66
67
68
69
70
71
72
73
74
Iterations: 
0
1
2
3
Iterations: 
0
1
2
3
Iterations: 
0
1
2
3
Iterations: 
0
1
2
3
Iterations: 
0
1
2
3
4
5
6
7
8
9
10
11
12
13
14
15
16
17
18
19
20
21
22
23
24
25
26
27
28
29
30
31
32
33
34
35
36
37
38
39
40
41
Iterations: 
0
1
2
3
Iterations: 
0
1
2
3
Iterations: 
0
1
2
3
Iterations: 
0
1
2
3
Iterations: 
0
1
2
3
4
5
6
7
8
9
10
11
12
13
14
15
16
17
18
19
20
21
22
23
24
25
26
27
28
29
30
31
32
33
34
35
36
37
38
39
40
41
42
43
44
45
46
47
48
49
50
51
52
53
54
55
56
57
58
59
60
61
62
63
64
65
66
67
68
69
70
71
72
73
74
75
76
77
78
79
80
81
82
83
84
85
86
87
88
89
90
91
92
93
94
95
96
97
Iterations: 
0
1
2
3
Iterations: 
0
1
2
3
Iterations: 
0
1
2
3
Iterations: 
0
1
2
3
Iterations: 
0
1
2
3
4
5
6
7
8
9
10
11
12
13
14
15
16
17
18
19
20
21
22
23
24
25
26
27
28
29
30
31
32
33
34
35
36
37
38
39
40
41
42
43
44
45
46
47
48
49
50
51
52
53
54
55
56
57
58
59
60
61
62
63
64
65
66
67
68
69
70
71
72
73
74
75
76
77
78
79
80
81
82
83
84
85
Iterations: 
0
1
2
3
Iterations: 
0
1
2
3
Iterations: 
0
1
2
3
Iterations: 
0
1
2
3
Iterations: 
0
1
2
3
4
5
6
7
8
9
10
11
12
13
14
15
16
17
18
19
20
21
22
23
24
25
26
27
28
29
30
31
32
33
34
35
36
37
38
39
40
41
42
43
44
45
46
47
48
49
50
51
52
53
54
55
56
57
58
59
60
61
62
63
64
65
66
67
68
69
70
71
72
73
74
Iterations: 
0
1
2
3
Iterations: 
0
1
2
3
Iterations: 
0
1
2
3
Iterations: 
0
1
2
3
Iterations: 
0
1
2
3
4
5
6
7
8
9
10
11
12
13
14
15
16
17
18
19
20
21
22
23
24
25
26
27
28
29
30
31
32
33
34
35
36
37
38
39
40
41
42
43
44
45
46
47
48
49
50
51
52
53
54
55
56
57
58
59
60
61
62
63
64
65
Iterations: 
0
1
2
3
Iterations: 
0
1
2
3
Iterations: 
0
1
2
3
Iterations: 
0
1
2
3
Iterations: 
0
1
2
3
4
5
6
7
8
9
10
11
12
13
14
15
16
17
18
19
20
21
22
23
24
25
26
27
28
29
30
31
32
33
34
35
36
37
38
39
40
41
42
43
44
45
46
47
48
49
50
51
52
53
54
55
56
57
Iterations: 
0
1
2
3
Iterations: 
0
1
2
3
Iterations: 
0
1
2
3
Iterations: 
0
1
2
3
Iterations: 
0
1
2
3
4
5
6
7
8
9
10
11
12
13
14
15
16
17
18
19
20
21
22
23
24
25
26
27
28
29
30
31
32
33
34
35
36
37
38
39
40
41
42
43
44
45
46
47
48
Iterations: 
0
1
2
3
Iterations: 
0
1
2
3
Iterations: 
0
1
2
3
Iterations: 
0
1
2
3
Iterations: 
0
1
2
3
4
5
6
7
8
9
10
11
12
13
14
15
16
17
18
19
20
21
22
23
24
25
26
27
28
29
30
31
32
33
34
35
36
37
38
39
40
Iterations: 
0
1
2
3
Iterations: 
0
1
2
3
Iterations: 
0
1
2
3
Iterations: 
0
1
2
3
Iterations: 
0
1
2
3
4
5
6
7
8
9
10
11
12
13
14
15
16
17
18
19
20
21
22
23
24
25
26
27
28
29
30
31
32
33
34
35
36
Iterations: 
0
1
2
3
Iterations: 
0
1
2
3
Iterations: 
0
1
2
3
Iterations: 
0
1
2
3
Iterations: 
0
1
2
3
4
5
6
7
8
9
10
11
12
13
14
15
16
17
18
19
20
21
22
23
24
25
26
27
28
29
30
31
32
Iterations: 
0
1
2
3
Iterations: 
0
1
2
3
Iterations: 
0
1
2
3
Iterations: 
0
1
2
3
Iterations: 
0
1
2
Iterations: 
0
1
2
3
Iterations: 
0
1
2
3
Iterations: 
0
1
2
3
Iterations: 
0
1
2
3
Iterations: 
0
1
Iterations: 
0
1
2
3
Iterations: 
0
1
2
3
Iterations: 
0
1
2
3
Iterations: 
0
1
2
3
Iterations: 
0
1
2
3
4
5
6
7
8
9
10
11
12
13
14
15
16
17
18
19
20
21
22
23
24
25
26
27
28
29
30
31
32
33
34
35
36
37
38
39
40
41
42
43
44
45
46
47
48
49
Iterations: 
0
1
2
3
Iterations: 
0
1
2
3
Iterations: 
0
1
2
3
Iterations: 
0
1
2
3
Iterations: 
0
1
2
3
4
5
6
7
8
9
10
11
12
13
14
15
16
17
18
19
20
21
22
23
24
25
26
27
28
29
30
31
32
33
34
35
36
37
38
39
Iterations: 
0
1
2
3
Iterations: 
0
1
2
3
Iterations: 
0
1
2
3
Iterations: 
0
1
2
3
Iterations: 
0
1
2
3
4
5
6
7
8
9
10
11
12
13
14
15
16
17
18
19
20
21
22
23
24
25
26
27
28
29
30
31
32
33
Iterations: 
0
1
2
3
Iterations: 
0
1
2
3
Iterations: 
0
1
2
3
Iterations: 
0
1
2
3
Iterations: 
0
1
2
3
4
5
6
7
8
9
10
11
12
13
14
15
16
17
18
19
20
21
22
23
24
25
26
27
28
29
30
31
32
33
34
35
36
37
38
39
40
41
42
43
44
45
46
47
48
49
50
51
52
53
54
55
56
57
58
59
60
61
62
63
64
65
66
67
68
69
70
71
72
73
74
75
76
77
Iterations: 
0
1
2
3
Iterations: 
0
1
2
3
Iterations: 
0
1
2
3
Iterations: 
0
1
2
3
Iterations: 
0
1
Iterations: 
0
1
2
3
Iterations: 
0
1
2
3
Iterations: 
0
1
2
3
Iterations: 
0
1
2
3
Iterations: 
0
Iterations: 
0
1
2
3
Iterations: 
0
1
2
3
Iterations: 
0
1
2
3
Iterations: 
0
1
2
3
Iterations: 
0
Iterations: 
0
1
2
3
Iterations: 
0
1
2
3
Iterations: 
0
1
2
3
Iterations: 
0
1
2
3
Iterations: 
0
Iterations: 
0
1
2
3
Iterations: 
0
1
2
3
Iterations: 
0
1
2
3
Iterations: 
0
1
2
3
Iterations: 
0
Iterations: 
0
1
2
3
Iterations: 
0
1
2
3
Iterations: 
0
1
2
3
Iterations: 
0
1
2
3
Iterations: 
0
Iterations: 
0
1
2
3
Iterations: 
0
1
2
3
