-0.07713786233947789
-0.1535281122608523
-0.22843887655482187
-0.3011540212208876
-0.3709731514673523
-0.43721161171132156
-0.4992398336007078
-0.5564675968054296
-0.6083282898086084
-0.6543339971373769
-0.6940361513408727
-0.7270570114078436
-0.7530739235578451
-0.7718429300544433
-0.7831672907876107
-0.7869604401089358
-0.7831672907876107
-0.7718429300544433
-0.7530739235578451
-0.7270570114078436
-0.6940361513408727
-0.6543339971373769
-0.6083282898086084
-0.5564675968054296
-0.4992398336007078
-0.43721161171132156
-0.3709731514673523
-0.3011540212208876
-0.22843887655482187
-0.1535281122608523
-0.07713786233947789
-0.07578533164510737
-0.15083615946382367
-0.22443344286820818
-0.29587360450877054
-0.36446853027447057
-0.4295455692927188
-0.4904861920255016
-0.5467105270309311
-0.5976618977247954
-0.6428609437151338
-0.6818669627061119
-0.7143088369749213
-0.7398695701333303
-0.7583094819853585
-0.7694352820503769
-0.7731619225169084
-0.7694352820503769
-0.7583094819853585
-0.7398695701333303
-0.7143088369749213
-0.6818669627061119
-0.6428609437151338
-0.5976618977247954
-0.5467105270309311
-0.4904861920255016
-0.4295455692927188
-0.36446853027447057
-0.29587360450877054
-0.22443344286820818
-0.15083615946382367
-0.07578533164510737
-0.07444461026010443
-0.14816771083088934
-0.22046298170070508
-0.29063929253557197
-0.35802070267918
-0.42194646115288936
-0.48180898084990464
-0.537038648857605
-0.5870886367798747
-0.6314880646089475
-0.6698040265312315
-0.7016719702826492
-0.7267805074709686
-0.744894198092306
-0.7558231711757878
-0.75948388349423
-0.7558231711757878
-0.744894198092306
-0.7267805074709686
-0.7016719702826492
-0.6698040265312315
-0.6314880646089475
-0.5870886367798747
-0.537038648857605
-0.48180898084990464
-0.42194646115288936
-0.35802070267918
-0.29063929253557197
-0.22046298170070508
-0.14816771083088934
-0.07444461026010443
-0.0731156981844691
-0.1455227663620494
-0.21652749305231273
-0.285451085301292
-0.35162966868148066
-0.41441428729183327
-0.4732082000739172
-0.5274519622854514
-0.5766085069738468
-0.6202153598188179
-0.6578473428162314
-0.6891464113310276
-0.7138067355707598
-0.7315970783752853
-0.7423309581638438
-0.745926323040901
-0.7423309581638438
-0.7315970783752853
-0.7138067355707598
-0.6891464113310276
-0.6578473428162314
-0.6202153598188179
-0.5766085069738468
-0.5274519622854514
-0.4732082000739172
-0.41441428729183327
-0.35162966868148066
-0.285451085301292
-0.21652749305231273
-0.1455227663620494
-0.0731156981844691
-0.07179859541820142
-0.1429013260573038
-0.2126269769230311
-0.28030898280593064
-0.3452954282813727
-0.4069490477095508
-0.46468384969753934
-0.5179504673144706
-0.5662215083067118
-0.6090428293447454
-0.6459969115611122
-0.6767321601200565
-0.7009482544327043
-0.7184181228342968
-0.7289586430145449
-0.7324892411569213
-0.7289586430145449
-0.7184181228342968
-0.7009482544327043
-0.6767321601200565
-0.6459969115611122
-0.6090428293447454
-0.5662215083067118
-0.5179504673144706
-0.46468384969753934
-0.4069490477095508
-0.3452954282813727
-0.28030898280593064
-0.2126269769230311
-0.1429013260573038
-0.07179859541820142
-0.07049330196130132
-0.1403033899166525
-0.20876143331286012
-0.2752129850494878
-0.3390179814788558
-0.39955074240604144
-0.4562359297207708
-0.5085341639446622
-0.555927640778469
-0.5979704731867294
-0.634252732765873
-0.6644292166497355
-0.6882050640568016
-0.7053573314693403
-0.7157062257278908
-0.7191726378422907
-0.7157062257278908
-0.7053573314693403
-0.6882050640568016
-0.6644292166497355
-0.634252732765873
-0.5979704731867294
-0.555927640778469
-0.5085341639446622
-0.4562359297207708
-0.39955074240604144
-0.3390179814788558
-0.2752129850494878
-0.20876143331286012
-0.1403033899166525
-0.07049330196130132
-0.06919981781376885
-0.13772895794009554
-0.2049308622217998
-0.2701630920319635
-0.3327973282739302
-0.3922193713813054
-0.44786444014361176
-0.4992030521760262
-0.5457269043891192
-0.5869982913447703
-0.6226148064305144
-0.6522375809200649
-0.6755771644430522
-0.6924147042804156
-0.7025737063038817
-0.7059765130970093
-0.7025737063038817
-0.6924147042804156
-0.6755771644430522
-0.6522375809200649
-0.6226148064305144
-0.5869982913447703
-0.5457269043891192
-0.4992030521760262
-0.44786444014361176
-0.3922193713813054
-0.3327973282739302
-0.2701630920319635
-0.2049308622217998
-0.13772895794009554
-0.06919981781376885
-0.06791814297560399
-0.13517803012763296
-0.20113526364985024
-0.26515930375335783
-0.32663346866659576
-0.38495493463534286
-0.4395693809660622
-0.48995713200856295
-0.5356192991386619
-0.5761262838188681
-0.6110831325550365
-0.6401572529310449
-0.6630645555914556
-0.6795902412675234
-0.6895610847425175
-0.6929008669210772
-0.6895610847425175
-0.6795902412675234
-0.6630645555914556
-0.6401572529310449
-0.6110831325550365
-0.5761262838188681
-0.5356192991386619
-0.48995713200856295
-0.4395693809660622
-0.38495493463534286
-0.32663346866659576
-0.26515930375335783
-0.20113526364985024
-0.13517803012763296
-0.06791814297560399
-0.06664827744680674
-0.13265060647926472
-0.19737463759701146
-0.2602016202136707
-0.32052640265685267
-0.3777574321681536
-0.4313507521881221
-0.4807964034422721
-0.5256048250270972
-0.5653544506090226
-0.5996577111394389
-0.6281882326826752
-0.6506672375020122
-0.666883942430663
-0.6766683610437983
-0.6799456993144943
-0.6766683610437983
-0.666883942430663
-0.6506672375020122
-0.6281882326826752
-0.5996577111394389
-0.5653544506090226
-0.5256048250270972
-0.4807964034422721
-0.4313507521881221
-0.3777574321681536
-0.32052640265685267
-0.2602016202136707
-0.19737463759701146
-0.13265060647926472
-0.06664827744680674
-0.06539022122737709
-0.1301466869949908
-0.19364898406328324
-0.2552900414129021
-0.31447613024470067
-0.3706268639797377
-0.42320855380979144
-0.4717208664771538
-0.5156834820544253
-0.554682791715234
-0.5883385421837217
-0.6163305201749557
-0.638385210174722
-0.6542958077698346
-0.6638955352077244
-0.6671110102772607
-0.6638955352077244
-0.6542958077698346
-0.638385210174722
-0.6163305201749557
-0.5883385421837217
-0.554682791715234
-0.5156834820544253
-0.4717208664771538
-0.42320855380979144
-0.3706268639797377
-0.31447613024470067
-0.2552900414129021
-0.19364898406328324
-0.1301466869949908
-0.06539022122737709
-0.06414397431731507
-0.12766627167481123
-0.18995830304866576
-0.2504245673510521
-0.30848265143014
-0.3635632300700953
-0.41514278583107017
-0.46273052111320806
-0.5058552702206459
-0.5441113071375021
-0.5771256256878852
-0.6045841154078867
-0.6262184736095845
-0.6418258372850383
-0.6512426072342952
-0.6543967998093763
-0.6512426072342952
-0.6418258372850383
-0.6262184736095845
-0.6045841154078867
-0.5771256256878852
-0.5441113071375021
-0.5058552702206459
-0.46273052111320806
-0.41514278583107017
-0.3635632300700953
-0.30848265143014
-0.2504245673510521
-0.18995830304866576
-0.12766627167481123
-0.06414397431731507
-0.06290953671662065
-0.12520936051872603
-0.186302594553159
-0.24560519802812075
-0.3025459662131706
-0.3565665304392261
-0.4071534482519586
-0.45382536735043494
-0.49612018952575937
-0.5336399968758272
-0.5660189616519291
-0.5929490183814681
-0.6141670278066005
-0.629474030976274
-0.6387095771235111
-0.6418030679108413
-0.6387095771235111
-0.629474030976274
-0.6141670278066005
-0.5929490183814681
-0.5660189616519291
-0.5336399968758272
-0.49612018952575937
-0.45382536735043494
-0.4071534482519586
-0.3565665304392261
-0.3025459662131706
-0.24560519802812075
-0.186302594553159
-0.12520936051872603
-0.06290953671662065
-0.061686908425293854
-0.12277595352673516
-0.1826818585767629
-0.24083193344410792
-0.2966660745937923
-0.3496367650871303
-0.3992405410724564
-0.44500540518883436
-0.48647823996976547
-0.523268860930209
-0.5550185500758535
-0.5814252290956998
-0.6022308727657694
-0.6172403888435418
-0.6262964448753717
-0.6293298145816554
-0.6262964448753717
-0.6172403888435418
-0.6022308727657694
-0.5814252290956998
-0.5550185500758535
-0.523268860930209
-0.48647823996976547
-0.44500540518883436
-0.3992405410724564
-0.3496367650871303
-0.2966660745937923
-0.24083193344410792
-0.1826818585767629
-0.12277595352673516
-0.061686908425293854
-0.06047608944333466
-0.12036605069883861
-0.1790960951194775
-0.23610477359901358
-0.29084297657200525
-0.34277393401380785
-0.39140406429256347
-0.43627063462840615
-0.47692942155266405
-0.5129978993006475
-0.5441243909596584
-0.5700127475505818
-0.5904100084870912
-0.6051249108868415
-0.6140032104898775
-0.6169770398218186
-0.6140032104898775
-0.6051249108868415
-0.5904100084870912
-0.5700127475505818
-0.5441243909596584
-0.5129978993006475
-0.47692942155266405
-0.43627063462840615
-0.39140406429256347
-0.34277393401380785
-0.29084297657200525
-0.23610477359901358
-0.1790960951194775
-0.12036605069883861
-0.06047608944333466
-0.059277079770743084
-0.11797965203503641
-0.17554530418130285
-0.23142371849283783
-0.2850766721478095
-0.3359780372192587
-0.3836440179122802
-0.42762105566915065
-0.4674737342744553
-0.5028271119871429
-0.5333364843033437
-0.5587115737461142
-0.5787044349705661
-0.5931275971061732
-0.6018298739670281
-0.6047447436313312
-0.6018298739670281
-0.5931275971061732
-0.5787044349705661
-0.5587115737461142
-0.5333364843033437
-0.5028271119871429
-0.4674737342744553
-0.42762105566915065
-0.3836440179122802
-0.3359780372192587
-0.2850766721478095
-0.23142371849283783
-0.17554530418130285
-0.11797965203503641
-0.059277079770743084
-0.05808987940751911
-0.11561675753532855
-0.17202948576223884
-0.22678876812558066
-0.2793671613212049
-0.32924907470348297
-0.37596040193160635
-0.4190566683110675
-0.45811117813513924
-0.49275649898969515
-0.5226548301069095
-0.5475217076822971
-0.5671141522161941
-0.5812484475015371
-0.5897764353068239
-0.5926329260101929
-0.5897764353068239
-0.5812484475015371
-0.5671141522161941
-0.5475217076822971
-0.5226548301069095
-0.49275649898969515
-0.45811117813513924
-0.4190566683110675
-0.37596040193160635
-0.32924907470348297
-0.2793671613212049
-0.22678876812558066
-0.17202948576223884
-0.11561675753532855
-0.05808987940751911
-0.05691448835366275
-0.11327736719971504
-0.16854863986228552
-0.22219992249724208
-0.27371444409219164
-0.3225870464664805
-0.3683532163505419
-0.41057747255415705
-0.44884175313471586
-0.4827860603083042
-0.5120794283703557
-0.5364431493591303
-0.5556391602239751
-0.5694874620729331
-0.5778428945092644
-0.580641586958404
-0.5778428945092644
-0.5694874620729331
-0.5556391602239751
-0.5364431493591303
-0.5120794283703557
-0.4827860603083042
-0.44884175313471586
-0.41057747255415705
-0.3683532163505419
-0.3225870464664805
-0.27371444409219164
-0.22219992249724208
-0.16854863986228552
-0.11327736719971504
-0.05691448835366275
-0.05575090660917401
-0.11096148102819588
-0.1651027664814429
-0.21765718160782202
-0.26811852046076956
-0.3159919525082515
-0.36082246116908706
-0.40218346839841906
-0.4396654592731851
-0.4729157959429701
-0.5016102790936824
-0.5254758987766139
-0.5442794589939092
-0.5578446408203609
-0.5660292515743501
-0.5687707264759643
-0.5660292515743501
-0.5578446408203609
-0.5442794589939092
-0.5254758987766139
-0.5016102790936824
-0.4729157959429701
-0.4396654592731851
-0.40218346839841906
-0.36082246116908706
-0.3159919525082515
-0.26811852046076956
-0.21765718160782202
-0.1651027664814429
-0.11096148102819588
-0.05575090660917401
-0.05459913417405289
-0.10866909902077104
-0.16169186561971097
-0.21316054545732058
-0.26257939042693873
-0.30946379282879577
-0.35336813638724157
-0.39387465584385367
-0.43058229655054703
-0.4631457058936927
-0.4912473822768897
-0.5146199559347479
-0.5330350485259965
-0.546319983743821
-0.5543355065020806
-0.5570203445628737
-0.5543355065020806
-0.546319983743821
-0.5330350485259965
-0.5146199559347479
-0.4912473822768897
-0.4631457058936927
-0.43058229655054703
-0.39387465584385367
-0.35336813638724157
-0.30946379282879577
-0.26257939042693873
-0.21316054545732058
-0.16169186561971097
-0.10866909902077104
-0.05459913417405289
-0.053459171048299364
-0.10640022117744058
-0.15831593727708979
-0.20871001404573764
-0.25709705399069904
-0.30300256742811343
-0.3459902420050055
-0.38565103489046076
-0.4215922649668016
-0.45347579016047207
-0.4809907379199773
-0.5038753208335321
-0.5219059288202366
-0.534913490843313
-0.5427616592924561
-0.5453904412191325
-0.5427616592924561
-0.534913490843313
-0.5219059288202366
-0.5038753208335321
-0.4809907379199773
-0.45347579016047207
-0.4215922649668016
-0.38565103489046076
-0.3459902420050055
-0.30300256742811343
-0.25709705399069904
-0.20871001404573764
-0.15831593727708979
-0.10640022117744058
-0.053459171048299364
-0.05233101723191346
-0.10415484749820443
-0.15497498145357927
-0.2043055873730733
-0.2516715111520506
-0.2966082763062045
-0.33868877802237896
-0.3775126055382404
-0.4126953645219488
-0.4439060487433084
-0.47084034602294556
-0.4932419934729668
-0.51089209987663
-0.523625162118837
-0.5313077099454768
-0.5338810164447405
-0.5313077099454768
-0.523625162118837
-0.51089209987663
-0.4932419934729668
-0.47084034602294556
-0.4439060487433084
-0.4126953645219488
-0.3775126055382404
-0.33868877802237896
-0.2966082763062045
-0.2516715111520506
-0.2043055873730733
-0.15497498145357927
-0.10415484749820443
-0.05233101723191346
-0.05121467272489516
-0.10193297798306263
-0.15166899814917945
-0.19994726543932748
-0.24630276191099348
-0.29028091946306883
-0.33146374443936183
-0.3694593677871926
-0.40389159521598866
-0.43443648164220144
-0.46079620658579423
-0.4827199738530519
-0.4999935616951763
-0.5124549975703931
-0.5199736584611422
-0.5224920702396977
-0.5199736584611422
-0.5124549975703931
-0.4999935616951763
-0.4827199738530519
-0.46079620658579423
-0.43443648164220144
-0.40389159521598866
-0.3694593677871926
-0.33146374443936183
-0.29028091946306883
-0.24630276191099348
-0.19994726543932748
-0.15166899814917945
-0.10193297798306263
-0.05121467272489516
-0.05011013752724447
-0.09973461263201516
-0.1483979873638903
-0.1956350482445003
-0.2409908062675275
-0.2840204968987065
-0.3243151412559542
-0.36149132163731734
-0.39518095704892126
-0.4250670888571513
-0.45085831960852335
-0.4723092619737873
-0.4892103142758757
-0.5014029971979811
-0.5087595048394528
-0.5112236026040041
-0.5087595048394528
-0.5014029971979811
-0.4892103142758757
-0.4723092619737873
-0.45085831960852335
-0.4250670888571513
-0.39518095704892126
-0.36149132163731734
-0.3243151412559542
-0.2840204968987065
-0.2409908062675275
-0.1956350482445003
-0.1483979873638903
-0.09973461263201516
-0.05011013752724447
-0.04901741163896141
-0.09755975144506203
-0.14516194909771185
-0.19136893578859163
-0.23573564422165277
-0.2778270086131176
-0.317242968472156
-0.3536084670886146
-0.3865634500207463
-0.41579787038815796
-0.44102668509113285
-0.46200985783517307
-0.4785423576187281
-0.49046916100160126
-0.49766524908040816
-0.5000756135376597
-0.49766524908040816
-0.49046916100160126
-0.4785423576187281
-0.46200985783517307
-0.44102668509113285
-0.41579787038815796
-0.3865634500207463
-0.3536084670886146
-0.317242968472156
-0.2778270086131176
-0.23573564422165277
-0.19136893578859163
-0.14516194909771185
-0.09755975144506203
-0.04901741163896141
-0.04793649506004595
-0.09540839442220328
-0.14196088335064413
-0.18714892807160158
-0.2305372757733693
-0.2717004546063021
-0.31024722608796723
-0.3458108041410844
-0.37803907413146415
-0.4066288262352215
-0.43130130303362296
-0.4518217614372093
-0.4679896917237336
-0.47965348898125354
-0.48669089118400866
-0.48904810304066465
-0.48669089118400866
-0.47965348898125354
-0.4679896917237336
-0.4518217614372093
-0.43130130303362296
-0.4066288262352215
-0.37803907413146415
-0.3458108041410844
-0.31024722608796723
-0.2717004546063021
-0.2305372757733693
-0.18714892807160158
-0.14196088335064413
-0.09540839442220328
-0.04793649506004595
-0.046867387790498094
-0.09328054156343885
-0.1387947901226871
-0.18297502509353003
-0.22539570092267702
-0.26564083487825985
-0.303327914103388
-0.33809833279472673
-0.36960782938107467
-0.39755995639834174
-0.4216821734359935
-0.4417449727798958
-0.4575523165908922
-0.4689559811369377
-0.4758364311502541
-0.4781410711130188
-0.4758364311502541
-0.4689559811369377
-0.4575523165908922
-0.4417449727798958
-0.4216821734359935
-0.39755995639834174
-0.36960782938107467
-0.33809833279472673
-0.303327914103388
-0.26564083487825985
-0.22539570092267702
-0.18297502509353003
-0.1387947901226871
-0.09328054156343885
-0.046867387790498094
-0.045810089830317875
-0.09117619286876877
-0.13566366941384075
-0.17884722685437712
-0.22031091966957606
-0.259648149428991
-0.29648503251841823
-0.33047105304954166
-0.36126971576957784
-0.388591260877519
-0.4121692962982446
-0.4317794918632329
-0.44723023222020386
-0.45837663746865404
-0.4651018689791444
-0.46735451775472225
-0.4651018689791444
-0.45837663746865404
-0.44723023222020386
-0.4317794918632329
-0.4121692962982446
-0.388591260877519
-0.36126971576957784
-0.33047105304954166
-0.29648503251841823
-0.259648149428991
-0.22031091966957606
-0.17884722685437712
-0.13566366941384075
-0.09117619286876877
-0.045810089830317875
-0.04476460117950525
-0.089095348338193
-0.1325675212241051
-0.1747655333541427
-0.21528293201406623
-0.25372239825849546
-0.28971858133305783
-0.322928964905529
-0.3530247332969736
-0.3797227396727528
-0.4027626716203761
-0.42192531868722
-0.43702343861166854
-0.4479154579764022
-0.45448720467067977
-0.45668844296577477
-0.45448720467067977
-0.4479154579764022
-0.43702343861166854
-0.42192531868722
-0.4027626716203761
-0.3797227396727528
-0.3530247332969736
-0.322928964905529
-0.28971858133305783
-0.25372239825849546
-0.21528293201406623
-0.1747655333541427
-0.1325675212241051
-0.089095348338193
-0.04476460117950525
-0.04373092183806024
-0.0870380079717116
-0.12950634555348015
-0.1707299445928269
-0.21031173795614766
-0.2478635813667733
-0.283028560547307
-0.315472068362689
-0.344872881963262
-0.3709543927840435
-0.39346229940238814
-0.4121824532518577
-0.42693193576528626
-0.4375724426601826
-0.44399243822486006
-0.4461428467461766
-0.44399243822486006
-0.4375724426601826
-0.42693193576528626
-0.4121824532518577
-0.39346229940238814
-0.3709543927840435
-0.344872881963262
-0.315472068362689
-0.283028560547307
-0.2478635813667733
-0.21031173795614766
-0.1707299445928269
-0.12950634555348015
-0.0870380079717116
-0.04373092183806024
-0.042709051805982834
-0.08500417176932455
-0.1264801424019659
-0.16674046057042965
-0.20539733749582034
-0.24207169875382456
-0.2764149701611656
-0.30810036342102143
-0.33681416176844314
-0.362286220211391
-0.3842681796442806
-0.40255089555714574
-0.41695572368105716
-0.427347591519995
-0.4336175696416854
-0.43571772909592776
-0.4336175696416854
-0.427347591519995
-0.41695572368105716
-0.40255089555714574
-0.3842681796442806
-0.362286220211391
-0.33681416176844314
-0.30810036342102143
-0.2764149701611656
-0.24207169875382456
-0.20539733749582034
-0.16674046057042965
-0.1264801424019659
-0.08500417176932455
-0.042709051805982834
-0.041698991083273046
-0.08299383973103183
-0.12348891176956234
-0.16279708128695097
-0.2005397306330842
-0.23634675041964914
-0.2698778101746337
-0.30081385008052647
-0.3288485727125169
-0.3537182219547954
-0.3751803123460536
-0.39303064560308415
-0.407094802358981
-0.41724090455583945
-0.4233625989211556
-0.4254130900150281
-0.4233625989211556
-0.41724090455583945
-0.407094802358981
-0.39303064560308415
-0.3751803123460536
-0.3537182219547954
-0.3288485727125169
-0.30081385008052647
-0.2698778101746337
-0.23634675041964914
-0.2005397306330842
-0.16279708128695097
-0.12348891176956234
-0.08299383973103183
-0.041698991083273046
-0.040700739669930874
-0.08100701185683344
-0.12053265365626947
-0.15889980674239085
-0.19573891736793936
-0.23068873636424705
-0.2634170805877111
-0.29361252834120405
-0.3209761147954832
-0.3452503980142565
-0.36619869750770695
-0.38362170338967294
-0.3973491717990579
-0.4072523817677158
-0.41322752606327073
-0.4152289295034776
-0.41322752606327073
-0.4072523817677158
-0.3973491717990579
-0.38362170338967294
-0.36619869750770695
-0.3452503980142565
-0.3209761147954832
-0.29361252834120405
-0.2634170805877111
-0.23068873636424705
-0.19573891736793936
-0.15889980674239085
-0.12053265365626947
-0.08100701185683344
-0.040700739669930874
-0.03971429756595632
-0.07904368814672942
-0.11761136806208733
-0.1550486369367493
-0.1909948977003857
-0.22509765658761835
-0.25703278140039815
-0.28649639820305417
-0.3131967880173423
-0.33688274838977456
-0.3573233351292409
-0.3743240689169121
-0.38771883200128787
-0.3973820231556244
-0.403212351068031
-0.4051652475612764
-0.403212351068031
-0.3973820231556244
-0.38771883200128787
-0.3743240689169121
-0.3573233351292409
-0.33688274838977456
-0.3131967880173423
-0.28649639820305417
-0.25703278140039815
-0.22509765658761835
-0.1909948977003857
-0.1550486369367493
-0.11761136806208733
-0.07904368814672942
-0.03971429756595632
-0.03873966477134936
-0.07710386860071972
-0.11472505498701585
-0.1512435718700263
-0.18630767163042328
-0.21957351108976297
-0.25072491261269464
-0.27946545966607683
-0.305510592378094
-0.3286152730813493
-0.3485542252106553
-0.36513774218480166
-0.3782037829656709
-0.3876298287195648
-0.39331707393543625
-0.39522204418842444
-0.39331707393543625
-0.3876298287195648
-0.3782037829656709
-0.36513774218480166
-0.3485542252106553
-0.3286152730813493
-0.305510592378094
-0.27946545966607683
-0.25072491261269464
-0.21957351108976297
-0.18630767163042328
-0.1512435718700263
-0.11472505498701585
-0.07710386860071972
-0.03873966477134936
-0.03777684128611003
-0.07518755321880438
-0.11187371443105505
-0.14748461154222184
-0.1816772391580521
-0.21411629987068093
-0.24449347422460044
-0.27251971273027203
-0.29791752787773834
-0.32044797208898085
-0.33989136775195017
-0.35606272319334153
-0.36880402469220697
-0.3779957984595374
-0.3835416946654864
-0.38539931938492167
-0.3835416946654864
-0.3779957984595374
-0.36880402469220697
-0.35606272319334153
-0.33989136775195017
-0.32044797208898085
-0.29791752787773834
-0.27251971273027203
-0.24449347422460044
-0.21411629987068093
-0.1816772391580521
-0.14748461154222184
-0.11187371443105505
-0.07518755321880438
-0.03777684128611003
-0.036825827110238296
-0.07329474200098336
-0.109057346394205
-0.143771755953336
-0.17710360028327216
-0.2087260229303723
-0.23833846623611585
-0.26565915739563967
-0.2904175945162753
-0.3123808454126693
-0.33133476275312557
-0.34709901194253173
-0.3595195571808961
-0.36847993237554194
-0.3738862132581815
-0.3756970731507682
-0.3738862132581815
-0.36847993237554194
-0.3595195571808961
-0.34709901194253173
-0.33133476275312557
-0.3123808454126693
-0.2904175945162753
-0.26565915739563967
-0.23833846623611585
-0.2087260229303723
-0.17710360028327216
-0.143771755953336
-0.109057346394205
-0.07329474200098336
-0.036825827110238296
-0.035886622243734186
-0.07142543494725671
-0.1062759508764656
-0.14010500510336868
-0.1725867550060834
-0.203402680268837
-0.23225988864724068
-0.25888379366217995
-0.283010792293705
-0.30441389305241445
-0.3228844102141813
-0.3382466084323724
-0.3503503804317384
-0.35908223046757853
-0.36435062971352156
-0.36611530548596394
-0.36435062971352156
-0.35908223046757853
-0.3503503804317384
-0.3382466084323724
-0.3228844102141813
-0.30441389305241445
-0.283010792293705
-0.25888379366217995
-0.23225988864724068
-0.203402680268837
-0.1725867550060834
-0.14010500510336868
-0.1062759508764656
-0.07142543494725671
-0.035886622243734186
-0.03495922668659768
-0.0695796320576244
-0.1035295278778369
-0.13648435899231992
-0.16812670332648585
-0.19814627188607503
-0.22625774145797492
-0.2521936215298927
-0.27569712121002726
-0.29654711500821646
-0.3145403101351176
-0.3295055126628634
-0.34129649444473353
-0.34980269273564724
-0.3549349440315066
-0.35665401639050887
-0.3549349440315066
-0.34980269273564724
-0.34129649444473353
-0.3295055126628634
-0.3145403101351176
-0.29654711500821646
-0.27569712121002726
-0.2521936215298927
-0.22625774145797492
-0.19814627188607503
-0.16812670332648585
-0.13648435899231992
-0.1035295278778369
-0.0695796320576244
-0.03495922668659768
-0.034043640438828786
-0.0677573333320864
-0.1008180773983189
-0.13290981762018977
-0.1637234452444796
-0.1929567977820864
-0.22033202466831867
-0.24558864099877803
-0.2684765812652422
-0.28878051128007526
-0.30630246251593446
-0.32087572463400477
-0.3323578992198819
-0.34064131917974794
-0.34563915621213664
-0.34731320586440306
-0.34563915621213664
-0.34064131917974794
-0.3323578992198819
-0.32087572463400477
-0.30630246251593446
-0.28878051128007526
-0.2684765812652422
-0.24558864099877803
-0.22033202466831867
-0.1929567977820864
-0.1637234452444796
-0.13290981762018977
-0.1008180773983189
-0.0677573333320864
-0.034043640438828786
-0.033139863500427504
-0.06595853877064276
-0.09814159943791162
-0.12938138098697816
-0.15937698076006457
-0.18783425795687117
-0.21448273827827188
-0.2390688520688359
-0.2613491724593498
-0.28111408186799086
-0.2981708673566316
-0.3123572443457964
-0.32353459475718327
-0.3315981097998806
-0.3364632662554117
-0.33809287390764653
-0.3364632662554117
-0.3315981097998806
-0.32353459475718327
-0.3123572443457964
-0.2981708673566316
-0.28111408186799086
-0.2613491724593498
-0.2390688520688359
-0.21448273827827188
-0.18783425795687117
-0.15937698076006457
-0.12938138098697816
-0.09814159943791162
-0.06595853877064276
-0.033139863500427504
-0.032247895871393845
-0.06418324837329346
-0.09550009399661503
-0.12589904909268515
-0.15508730987324076
-0.18277865241042932
-0.20870988228783452
-0.23263425474006635
-0.2543148947923501
-0.27354782677196327
-0.29014552465720944
-0.30395007179823863
-0.31482658105663774
-0.3226730645960454
-0.32740727416133164
-0.3289930205202392
-0.32740727416133164
-0.3226730645960454
-0.31482658105663774
-0.30395007179823863
-0.29014552465720944
-0.27354782677196327
-0.2543148947923501
-0.23263425474006635
-0.20870988228783452
-0.18277865241042932
-0.15508730987324076
-0.12589904909268515
-0.09550009399661503
-0.06418324837329346
-0.032247895871393845
-0.031367737551727795
-0.06243146214003852
-0.09289356107442914
-0.12246282193731069
-0.15085443258400819
-0.1777899811427608
-0.20301345669700668
-0.22628484901246929
-0.24737374826424305
-0.2660817459919926
-0.28222643441766765
-0.29565420699133105
-0.3062338581182452
-0.3138661835682422
-0.31847117992989665
-0.32001364570218116
-0.31847117992989665
-0.3138661835682422
-0.3062338581182452
-0.29565420699133105
-0.28222643441766765
-0.2660817459919926
-0.24737374826424305
-0.22628484901246929
-0.20301345669700668
-0.1777899811427608
-0.15085443258400819
-0.12246282193731069
-0.09289356107442914
-0.06243146214003852
-0.031367737551727795
-0.030499388541429348
-0.06070318007087791
-0.09032200067135393
-0.11907269952085478
-0.14667834889236683
-0.17286824415386556
-0.19739346150578826
-0.22002063488604473
-0.2405257328750286
-0.2587158395280786
-0.27441359663800624
-0.28746964992507396
-0.29775642594200574
-0.3051774667164711
-0.3096549835611065
-0.31115474945347227
-0.3096549835611065
-0.3051774667164711
-0.29775642594200574
-0.28746964992507396
-0.27441359663800624
-0.2587158395280786
-0.2405257328750286
-0.22002063488604473
-0.19739346150578826
-0.17286824415386556
-0.14667834889236683
-0.11907269952085478
-0.09032200067135393
-0.06070318007087791
-0.030499388541429348
-0.029642848840498528
-0.05899840216581164
-0.08778541278738941
-0.11572868184331744
-0.14255905879831673
-0.16801344144374378
-0.19184989671417935
-0.2138416123607928
-0.23377084862470682
-0.25145010738022144
-0.26670701131822544
-0.27939640059946713
-0.2893942845279193
-0.2966069140407319
-0.3009586850549614
-0.30241633177411265
-0.3009586850549614
-0.2966069140407319
-0.2893942845279193
-0.27939640059946713
-0.26670701131822544
-0.25145010738022144
-0.23377084862470682
-0.2138416123607928
-0.19184989671417935
-0.16801344144374378
-0.14255905879831673
-0.11572868184331744
-0.08778541278738941
-0.05899840216581164
-0.029642848840498528
-0.028798118448935303
-0.057317128424839714
-0.0852837974225356
-0.11243076890469866
-0.13849656230185778
-0.16322557301239532
-0.18638276232217985
-0.20774778143671335
-0.2271090955132777
-0.24428454954842113
-0.2591066784583251
-0.2714344590145108
-0.281147433875986
-0.2881545255410249
-0.29238228441146125
-0.2937983926641023
-0.29238228441146125
-0.2881545255410249
-0.281147433875986
-0.2714344590145108
-0.2591066784583251
-0.24428454954842113
-0.2271090955132777
-0.20774778143671335
-0.18638276232217985
-0.16322557301239532
-0.13849656230185778
-0.11243076890469866
-0.0852837974225356
-0.057317128424839714
-0.028798118448935303
-0.02796519736673969
-0.05565935884796213
-0.08281715457679249
-0.10917896070499844
-0.13449085940299013
-0.15850463885982014
-0.18099205832978982
-0.2017391421138064
-0.22054047354074116
-0.23721916603267756
-0.2516125980583052
-0.26358382517020473
-0.27301587398620575
-0.2798203012173498
-0.2839257816306061
-0.2853009321234411
-0.2839257816306061
-0.2798203012173498
-0.27301587398620575
-0.26358382517020473
-0.2516125980583052
-0.23721916603267756
-0.22054047354074116
-0.2017391421138064
-0.18099205832978982
-0.15850463885982014
-0.13449085940299013
-0.10917896070499844
-0.08281715457679249
-0.05565935884796213
-0.02796519736673969
-0.0271440855939117
-0.05402509343517889
-0.08038548425016007
-0.1059732572442168
-0.13054195010171368
-0.15385063898601842
-0.17567778473700923
-0.19581569439207205
-0.2140649827070974
-0.23025395683299085
-0.2442247701181658
-0.2558444990665491
-0.2649996048585785
-0.2716042410697068
-0.2755891767123959
-0.2769239501521292
-0.2755891767123959
-0.2716042410697068
-0.2649996048585785
-0.2558444990665491
-0.2442247701181658
-0.23025395683299085
-0.2140649827070974
-0.19581569439207205
-0.17567778473700923
-0.15385063898601842
-0.13054195010171368
-0.1059732572442168
-0.08038548425016007
-0.05402509343517889
-0.0271440855939117
-0.026334783130451324
-0.05241433218648999
-0.07798878644263832
-0.10281365852235375
-0.12664983439802846
-0.14926357339099
-0.17043994154383812
-0.18997743827151023
-0.20768262301234622
-0.22338892194936097
-0.23694319463790686
-0.24821648070354382
-0.2570986264931043
-0.26350634509809584
-0.2673724696568307
-0.2686674467501665
-0.2673724696568307
-0.26350634509809584
-0.2570986264931043
-0.24821648070354382
-0.23694319463790686
-0.22338892194936097
-0.20768262301234622
-0.18997743827151023
-0.17043994154383812
-0.14926357339099
-0.12664983439802846
-0.10281365852235375
-0.07798878644263832
-0.05241433218648999
-0.026334783130451324
-0.025537289976358554
-0.050827075101895436
-0.07562706115422729
-0.0997001645394092
-0.1228145122919345
-0.14474344207473497
-0.16527852875027652
-0.18422437375212095
-0.20139339445648768
-0.21662406138178786
-0.2297678716175284
-0.24069977008118892
-0.2493129388897832
-0.25552661330251686
-0.2592756604639105
-0.2605314219175531
-0.2592756604639105
-0.25552661330251686
-0.2493129388897832
-0.24069977008118892
-0.2297678716175284
-0.21662406138178786
-0.20139339445648768
-0.18422437375212095
-0.16527852875027652
-0.14474344207473497
-0.1228145122919345
-0.0997001645394092
-0.07562706115422729
-0.050827075101895436
-0.025537289976358554
-0.024751606131633394
-0.049263322181395224
-0.07330030838492696
-0.09663277529538328
-0.11903598378343178
-0.14029024503725326
-0.16019354635632432
-0.1785565008339042
-0.19519729703952182
-0.20995937513027157
-0.22269880105703044
-0.2332943671994844
-0.2416425420486152
-0.24766504568297
-0.2512987491336352
-0.25251587565428885
-0.2512987491336352
-0.24766504568297
-0.2416425420486152
-0.2332943671994844
-0.22269880105703044
-0.20995937513027157
-0.19519729703952182
-0.1785565008339042
-0.16019354635632432
-0.14029024503725326
-0.11903598378343178
-0.09663277529538328
-0.07330030838492696
-0.049263322181395224
-0.024751606131633394
-0.02397773159627585
-0.04772307342498935
-0.07100852813473733
-0.09361149079027586
-0.11531424887252024
-0.13590398227854492
-0.1551849943619816
-0.17297381951685997
-0.1890943307614486
-0.20339486319481204
-0.21573598295641294
-0.22600027205843026
-0.2340874359696002
-0.2399216422394551
-0.2434417356660049
-0.2446208079603739
-0.2434417356660049
-0.2399216422394551
-0.2340874359696002
-0.22600027205843026
-0.21573598295641294
-0.20339486319481204
-0.1890943307614486
-0.17297381951685997
-0.1551849943619816
-0.13590398227854492
-0.11531424887252024
-0.09361149079027586
-0.07100852813473733
-0.04772307342498935
-0.02397773159627585
-0.023215666370285912
-0.04620632883267781
-0.06875172040365837
-0.09063631102408706
-0.11164930755919995
-0.13158465379860992
-0.15025287276724836
-0.16747632980098826
-0.18308449562226803
-0.19693052557540938
-0.20887941731567594
-0.2188174846580264
-0.22664762065273825
-0.23229640297197227
-0.23570462006101953
-0.23684621883580814
-0.23570462006101953
-0.23229640297197227
-0.22664762065273825
-0.2188174846580264
-0.20887941731567594
-0.19693052557540938
-0.18308449562226803
-0.16747632980098826
-0.15025287276724836
-0.13158465379860992
-0.11164930755919995
-0.09063631102408706
-0.06875172040365837
-0.04620632883267781
-0.023215666370285912
-0.022465410453663594
-0.04471308840446063
-0.06652988519169015
-0.0877072359968168
-0.10804115984347087
-0.1273322595974483
-0.14539718157212453
-0.16206403168628913
-0.17716779162198015
-0.19056636227206353
-0.2021291041348194
-0.21174600499827304
-0.21932309609802936
-0.2247893278805215
-0.22808740231867916
-0.22919210828059164
-0.22808740231867916
-0.2247893278805215
-0.21932309609802936
-0.21174600499827304
-0.2021291041348194
-0.19056636227206353
-0.17716779162198015
-0.16206403168628913
-0.14539718157212453
-0.1273322595974483
-0.10804115984347087
-0.0877072359968168
-0.06652988519169015
-0.04471308840446063
-0.022465410453663594
-0.021726963846408886
-0.04324335214033778
-0.0643430224988326
-0.08482426570846513
-0.10448980572533309
-0.12314679967506002
-0.1406179207766102
-0.15673692517276253
-0.1713442187605849
-0.1843023732847745
-0.19548504341384332
-0.20478583307916998
-0.21211386230547358
-0.21740041696510276
-0.22059008243898381
-0.22165847629472438
-0.22059008243898381
-0.21740041696510276
-0.21211386230547358
-0.20478583307916998
-0.19548504341384332
-0.1843023732847745
-0.1713442187605849
-0.15673692517276253
-0.1406179207766102
-0.12314679967506002
-0.10448980572533309
-0.08482426570846513
-0.0643430224988326
-0.04324335214033778
-0.021726963846408886
-0.021000326548521783
-0.04179712004030927
-0.06219113232508573
-0.08198740015903201
-0.10099524520478645
-0.1190282740314451
-0.1359150903807053
-0.15149501026040846
-0.16561377703808225
-0.17813855861354222
-0.18894723515274775
-0.1979369689007173
-0.20501991927507077
-0.21012967022571602
-0.21321266042193338
-0.21424532287820633
-0.21321266042193338
-0.21012967022571602
-0.20501991927507077
-0.1979369689007173
-0.18894723515274775
-0.17813855861354222
-0.16561377703808225
-0.15149501026040846
-0.1359150903807053
-0.1190282740314451
-0.10099524520478645
-0.08198740015903201
-0.06219113232508573
-0.04179712004030927
-0.021000326548521783
-0.0202854985600023
-0.040374392104375115
-0.06007421467044958
-0.07919663934851745
-0.09755747828183109
-0.11497668266660353
-0.1312886903844099
-0.14633828694922696
-0.15997646645447228
-0.17207491825836677
-0.18251567935153265
-0.19119941246291497
-0.19804126700682104
-0.2029770876623613
-0.20595513626752793
-0.20695264803103752
-0.20595513626752793
-0.2029770876623613
-0.19804126700682104
-0.19119941246291497
-0.18251567935153265
-0.17207491825836677
-0.15997646645447228
-0.14633828694922696
-0.1312886903844099
-0.11497668266660353
-0.09755747828183109
-0.07919663934851745
-0.06007421467044958
-0.040374392104375115
-0.0202854985600023
-0.019582479880850424
-0.038975168332535295
-0.05799226953492412
-0.07645198327692147
-0.09417650495646696
-0.11099202558053532
-0.12673872078772394
-0.14126675523921794
-0.15443228700975503
-0.16611145221924817
-0.176190376010198
-0.18457316376576302
-0.19117790550072442
-0.19594266927503867
-0.19881750997576744
-0.19978045175321799
-0.19881750997576744
-0.19594266927503867
-0.19117790550072442
-0.18457316376576302
-0.176190376010198
-0.16611145221924817
-0.15443228700975503
-0.14126675523921794
-0.12673872078772394
-0.11099202558053532
-0.09417650495646696
-0.07645198327692147
-0.05799226953492412
-0.038975168332535295
-0.019582479880850424
-0.018891270511066163
-0.03759944872478982
-0.05594529691850934
-0.07375343194424404
-0.09085232522869406
-0.10707430277324047
-0.12226518159064748
-0.1362804151303815
-0.1489812387039304
-0.1602481604961864
-0.1699713251287439
-0.17805822280926145
-0.18442983475678085
-0.18902641506374807
-0.191799781546652
-0.19272873404474766
-0.191799781546652
-0.18902641506374807
-0.18442983475678085
-0.17805822280926145
-0.1699713251287439
-0.1602481604961864
-0.1489812387039304
-0.1362804151303815
-0.12226518159064748
-0.10707430277324047
-0.09085232522869406
-0.07375343194424404
-0.05594529691850934
-0.03759944872478982
-0.018891270511066163
-0.018211870450649516
-0.03624723328113869
-0.05393329682120527
-0.07110098535048519
-0.08758493909851237
-0.10322351424471897
-0.11786807279318046
-0.1313792666227176
-0.1436233215369984
-0.15448504308918132
-0.16385852670717022
-0.1716545895934103
-0.1777970547749903
-0.1822283250284895
-0.18490195098018145
-0.18579749490562658
-0.18490195098018145
-0.1822283250284895
-0.1777970547749903
-0.1716545895934103
-0.16385852670717022
-0.15448504308918132
-0.1436233215369984
-0.1313792666227176
-0.11786807279318046
-0.10322351424471897
-0.08758493909851237
-0.07110098535048519
-0.05393329682120527
-0.03624723328113869
-0.018211870450649516
-0.017544279699600478
-0.0349185220015819
-0.0519562692430119
-0.06849464349564487
-0.08437434656592191
-0.09943965999497081
-0.11354739439532287
-0.1265633097162262
-0.13835853550895905
-0.14882209999823312
-0.15785198074547702
-0.16536226411820948
-0.17127956555535281
-0.175548399169263
-0.1781240182763559
-0.1789867343358547
-0.1781240182763559
-0.175548399169263
-0.17127956555535281
-0.16536226411820948
-0.15785198074547702
-0.14882209999823312
-0.13835853550895905
-0.1265633097162262
-0.11354739439532287
-0.09943965999497081
-0.08437434656592191
-0.06849464349564487
-0.0519562692430119
-0.0349185220015819
-0.017544279699600478
-0.016888498257919056
-0.033613314886119454
-0.05001421418392922
-0.06593440637972317
-0.08122054763092268
-0.09572274002399603
-0.10930314639707478
-0.1218325444109074
-0.13318688061981238
-0.14325933122334172
-0.15195168724366429
-0.15918124638365905
-0.1648773670978684
-0.16898663748606846
-0.1714659834351753
-0.17229645233543212
-0.1714659834351753
-0.16898663748606846
-0.1648773670978684
-0.15918124638365905
-0.15195168724366429
-0.14325933122334172
-0.13318688061981238
-0.1218325444109074
-0.10930314639707478
-0.09572274002399603
-0.08122054763092268
-0.06593440637972317
-0.05001421418392922
-0.033613314886119454
-0.016888498257919056
-0.01624452612560524
-0.032331611934751335
-0.04810713164395724
-0.06342027400271999
-0.07812354229351469
-0.09207275433179457
-0.10513532879843611
-0.11718697070676108
-0.12810835686955832
-0.13779673676450713
-0.14615764620173205
-0.15311153638975894
-0.15859045940253702
-0.16254303997890598
-0.16492784645663966
-0.1657266489043587
-0.16492784645663966
-0.16254303997890598
-0.15859045940253702
-0.15311153638975894
-0.14615764620173205
-0.13779673676450713
-0.12810835686955832
-0.11718697070676108
-0.10513532879843611
-0.09207275433179457
-0.07812354229351469
-0.06342027400271999
-0.04810713164395724
-0.032331611934751335
-0.01624452612560524
-0.015612363302659039
-0.03107341314747757
-0.04623502162309595
-0.06095224636463538
-0.07508333055369792
-0.08848970291836647
-0.10104394159940694
-0.1126265886037873
-0.12312296425819691
-0.13243431662172933
-0.14046985761968023
-0.14715313413650918
-0.15241884246935872
-0.1562176066477755
-0.15850960734074904
-0.15927732404263453
-0.15850960734074904
-0.1562176066477755
-0.15241884246935872
-0.14715313413650918
-0.14046985761968023
-0.13243431662172933
-0.12312296425819691
-0.1126265886037873
-0.10104394159940694
-0.08848970291836647
-0.07508333055369792
-0.06095224636463538
-0.04623502162309595
-0.03107341314747757
-0.015612363302659039
-0.014992009789080447
-0.029838718524298147
-0.04439788412134536
-0.05853032346546935
-0.07209991241147239
-0.08497358578371174
-0.0970289847999872
-0.10815139810198607
-0.11823070278572818
-0.1271720707950084
-0.13488832149750896
-0.14130603962390986
-0.14636251629833344
-0.15001033749267717
-0.15221126608750335
-0.15294847775025963
-0.15221126608750335
-0.15001033749267717
-0.14636251629833344
-0.14130603962390986
-0.13488832149750896
-0.1271720707950084
-0.11823070278572818
-0.10815139810198607
-0.0970289847999872
-0.08497358578371174
-0.07209991241147239
-0.05853032346546935
-0.04439788412134536
-0.029838718524298147
-0.014992009789080447
-0.01438346558486947
-0.02862752806521307
-0.04259571913870547
-0.0561545053052219
-0.06917328786683807
-0.08152440292783038
-0.09309045840017696
-0.1037613992013574
-0.11343157245215213
-0.12200999928434425
-0.12941303783521815
-0.1355702528519609
-0.14042148088946127
-0.1439212325136108
-0.14603282269690268
-0.14674011002723394
-0.14603282269690268
-0.1439212325136108
-0.14042148088946127
-0.1355702528519609
-0.12941303783521815
-0.12200999928434425
-0.11343157245215213
-0.1037613992013574
-0.09309045840017696
-0.08152440292783038
-0.06917328786683807
-0.0561545053052219
-0.04259571913870547
-0.02862752806521307
-0.01438346558486947
-0.013786730690026106
-0.02743984177022233
-0.040828526675176266
-0.05382479188389299
-0.066303456919795
-0.07814215435072236
-0.08922836239997615
-0.09945659190190126
-0.10872557325746868
-0.11694810208973686
-0.12404400663280786
-0.12994577382066227
-0.13459573624274213
-0.13795029171057646
-0.13997427716894695
-0.1406522208735575
-0.13997427716894695
-0.13795029171057646
-0.13459573624274213
-0.12994577382066227
-0.12404400663280786
-0.11694810208973686
-0.10872557325746868
-0.09945659190190126
-0.08922836239997615
-0.07814215435072236
-0.066303456919795
-0.05382479188389299
-0.040828526675176266
-0.02743984177022233
-0.013786730690026106
-0.013201805104550355
-0.026275659639325946
-0.03909630673075777
-0.05154118320148267
-0.06349041957034318
-0.0748268400523877
-0.08544269679938482
-0.09523697620361765
-0.10411270520167792
-0.11198637921118633
-0.11878122789027803
-0.12443260253001412
-0.12888528235817606
-0.13209751508357423
-0.13403562950363623
-0.13468481028923032
-0.13403562950363623
-0.13209751508357423
-0.12888528235817606
-0.12443260253001412
-0.11878122789027803
-0.11198637921118633
-0.10411270520167792
-0.09523697620361765
-0.08544269679938482
-0.0748268400523877
-0.06349041957034318
-0.05154118320148267
-0.03909630673075777
-0.026275659639325946
-0.013201805104550355
-0.012628688828442211
-0.025134981672523884
-0.037399059305449955
-0.049303679257990875
-0.060734175818482554
-0.07157846003282635
-0.08173346159840295
-0.09110255210650654
-0.09959296828477977
-0.10712483064869259
-0.11362470160762861
-0.11903073898001622
-0.12329011923576301
-0.1263629026326039
-0.12821687970097043
-0.1288378782742523
-0.12821687970097043
-0.1263629026326039
-0.12329011923576301
-0.11903073898001622
-0.11362470160762861
-0.10712483064869259
-0.09959296828477977
-0.09110255210650654
-0.08173346159840295
-0.07157846003282635
-0.060734175818482554
-0.049303679257990875
-0.037399059305449955
-0.025134981672523884
-0.012628688828442211
-0.012067381861701684
-0.02401780786981618
-0.03573678439925286
-0.04711228005341767
-0.058034725664213166
-0.06839701429203841
-0.07810065679703052
-0.08705331961056803
-0.09516636250677431
-0.10236345640225566
-0.10857442778485973
-0.1137401831706688
-0.11781024687550304
-0.12074645435766573
-0.12251802776094958
-0.12311142482862358
-0.12251802776094958
-0.12074645435766573
-0.11781024687550304
-0.1137401831706688
-0.10857442778485973
-0.10236345640225566
-0.09516636250677431
-0.08705331961056803
-0.07810065679703052
-0.06839701429203841
-0.058034725664213166
-0.04711228005341767
-0.03573678439925286
-0.02401780786981618
-0.012067381861701684
-0.011517884204328767
-0.022924138231202807
-0.03410948201216644
-0.04496698558776303
-0.05539206910753498
-0.0652825028300238
-0.07454428239526754
-0.08308927871580202
-0.09083288786766149
-0.09770225647187554
-0.10363040642197129
-0.10856093510197165
-0.1124456652773961
-0.11524817025875955
-0.11693907368357377
-0.11750544995234408
-0.11693907368357377
-0.11524817025875955
-0.1124456652773961
-0.10856093510197165
-0.10363040642197129
-0.09770225647187554
-0.09083288786766149
-0.08308927871580202
-0.07454428239526754
-0.0652825028300238
-0.05539206910753498
-0.04496698558776303
-0.03410948201216644
-0.022924138231202807
-0.011517884204328767
-0.010980195856323463
-0.021853972756683788
-0.03251715214419073
-0.04286779586102698
-0.05280620614844808
-0.06223492564678257
-0.07106433839311409
-0.07921042942220859
-0.08659254436744136
-0.09314123085755224
-0.09879263751896339
-0.10349299477392493
-0.10719637444144232
-0.10986805033588545
-0.11148001746884294
-0.11201995364541384
-0.11148001746884294
-0.10986805033588545
-0.10719637444144232
-0.10349299477392493
-0.09879263751896339
-0.09314123085755224
-0.08659254436744136
-0.07921042942220859
-0.07106433839311409
-0.06223492564678257
-0.05280620614844808
-0.04286779586102698
-0.03251715214419073
-0.021853972756683788
-0.010980195856323463
-0.01045431681768577
-0.0208073114462591
-0.030959794795325707
-0.04081471087320945
-0.050277136786952385
-0.05925428274231466
-0.06766082479057005
-0.07541677172978767
-0.08244533200611383
-0.08868037955928573
-0.09406112107583592
-0.09853636218652856
-0.10206237436764153
-0.10460609458904334
-0.10614085911675702
-0.1066549359078328
-0.10614085911675702
-0.10460609458904334
-0.10206237436764153
-0.09853636218652856
-0.09406112107583592
-0.08868037955928573
-0.08244533200611383
-0.07541677172978767
-0.06766082479057005
-0.05925428274231466
-0.050277136786952385
-0.04081471087320945
-0.030959794795325707
-0.0208073114462591
-0.01045431681768577
-0.009940247088415689
-0.01978415429992876
-0.029437409965571384
-0.03880773062431052
-0.047804861023047915
-0.05634057411662013
-0.06433374158763548
-0.07170830563853926
-0.07839125078367896
-0.08431970257707605
-0.08943585709258892
-0.09369103733978257
-0.09704366505599378
-0.09946230301823326
-0.10092159862731612
-0.101410396739601
-0.10092159862731612
-0.09946230301823326
-0.09704366505599378
-0.09369103733978257
-0.08943585709258892
-0.08431970257707605
-0.07839125078367896
-0.07170830563853926
-0.06433374158763548
-0.05634057411662013
-0.047804861023047915
-0.03880773062431052
-0.029437409965571384
-0.01978415429992876
-0.009940247088415689
-0.009437986668513221
-0.018784501317692763
-0.027949997654927745
-0.03684685511433014
-0.04538937885673468
-0.05349379976969894
-0.06108308878431038
-0.06808503114846341
-0.07443030070013676
-0.08005919991092317
-0.08491684556922241
-0.08895702023368697
-0.09214024650649912
-0.09443667562345526
-0.09582223600052019
-0.09628633614071845
-0.09582223600052019
-0.09443667562345526
-0.09214024650649912
-0.08895702023368697
-0.08491684556922241
-0.08005919991092317
-0.07443030070013676
-0.06808503114846341
-0.06108308878431038
-0.05349379976969894
-0.04538937885673468
-0.03684685511433014
-0.027949997654927745
-0.018784501317692763
-0.009437986668513221
-0.008947535557978364
-0.01780835249955111
-0.02649755786339482
-0.034932084343268326
-0.04303069028801266
-0.05071395970155112
-0.057908866380594726
-0.0645469482595601
-0.0705624817554872
-0.0758988715608271
-0.08050408650573639
-0.08433431086824171
-0.08735211871915749
-0.08952921240470926
-0.0908427712363692
-0.09128275411118512
-0.0908427712363692
-0.08952921240470926
-0.08735211871915749
-0.08433431086824171
-0.08050408650573639
-0.0758988715608271
-0.0705624817554872
-0.0645469482595601
-0.057908866380594726
-0.05071395970155112
-0.04303069028801266
-0.034932084343268326
-0.02649755786339482
-0.01780835249955111
-0.008947535557978364
-0.008468893756811119
-0.016855707845503786
-0.025080090590972572
-0.033063418311125074
-0.04072879531688188
-0.048001053912176635
-0.054811074376488536
-0.06109405697182934
-0.0667877939497303
-0.07183871752678782
-0.07619757990213083
-0.07982290924344683
-0.0826792816939689
-0.0847399133619953
-0.08598320433486317
-0.08639965065100103
-0.08598320433486317
-0.0847399133619953
-0.0826792816939689
-0.07982290924344683
-0.07619757990213083
-0.07183871752678782
-0.0667877939497303
-0.06109405697182934
-0.054811074376488536
-0.048001053912176635
-0.04072879531688188
-0.033063418311125074
-0.025080090590972572
-0.016855707845503786
-0.008468893756811119
-0.008002061265011488
-0.01592656735555082
-0.023697595837661033
-0.031240857017900393
-0.03848369394334233
-0.04535508240157552
-0.051789712771991805
-0.057726357285271104
-0.06310623728286603
-0.06787873780880536
-0.07199732575840574
-0.07542281535930233
-0.07812173543093343
-0.08006877849531338
-0.08124353529600217
-0.08163702576016617
-0.08124353529600217
-0.08006877849531338
-0.07812173543093343
-0.07542281535930233
-0.07199732575840574
-0.06787873780880536
-0.06310623728286603
-0.057726357285271104
-0.051789712771991805
-0.04535508240157552
-0.03848369394334233
-0.031240857017900393
-0.023697595837661033
-0.01592656735555082
-0.008002061265011488
-0.007547038082579469
-0.015020931029692193
-0.022350073603460193
-0.029464400463594276
-0.036295386167394014
-0.042776045169747756
-0.04884478156710456
-0.05444384919988542
-0.05951781175489445
-0.06401893240687974
-0.06790332407456116
-0.0711340292158082
-0.07367947993005097
-0.07551580780466349
-0.07662376411978611
-0.07699487943868055
-0.07662376411978611
-0.07551580780466349
-0.07367947993005097
-0.0711340292158082
-0.06790332407456116
-0.06401893240687974
-0.05951781175489445
-0.05444384919988542
-0.04884478156710456
-0.042776045169747756
-0.036295386167394014
-0.029464400463594276
-0.022350073603460193
-0.015020931029692193
-0.007547038082579469
-0.007103824209515059
-0.014138798867927899
-0.021037523888370036
-0.02773404864820672
-0.03416387198903691
-0.04026394221669333
-0.04597628076182675
-0.05124653271567225
-0.05602251736581548
-0.060259301321010865
-0.06391557485059703
-0.06695655081296441
-0.06935251519132156
-0.07108100129004565
-0.072123890806215
-0.07247321168654415
-0.072123890806215
-0.07108100129004565
-0.06935251519132156
-0.06695655081296441
-0.06391557485059703
-0.060259301321010865
-0.05602251736581548
-0.05124653271567225
-0.04597628076182675
-0.04026394221669333
-0.03416387198903691
-0.02773404864820672
-0.021037523888370036
-0.014138798867927899
-0.007103824209515059
-0.006672419645818262
-0.013280170870257955
-0.01975994669239059
-0.02604980157173774
-0.03208915140827106
-0.03781877354241228
-0.043184210356158416
-0.04813440783263162
-0.05262035411562921
-0.05659984455119885
-0.06003407808651339
-0.06289038015077103
-0.06514084121474525
-0.06676435895145985
-0.0677439153552889
-0.06807202250375702
-0.0677439153552889
-0.06676435895145985
-0.06514084121474525
-0.06289038015077103
-0.06003407808651339
-0.05659984455119885
-0.05262035411562921
-0.04813440783263162
-0.043184210356158416
-0.03781877354241228
-0.03208915140827106
-0.02604980157173774
-0.01975994669239059
-0.013280170870257955
-0.006672419645818262
-0.006252824391489079
-0.012445047036682352
-0.01851734201552183
-0.024411659234187325
-0.030071224425096427
-0.035440539146904586
-0.04046857035009954
-0.045107474550763554
-0.04931132200433557
-0.053040562097443636
-0.056258833782310225
-0.05893551722922802
-0.06104445800032197
-0.06256588078890608
-0.06348383776700776
-0.0637913118903191
-0.06348383776700776
-0.06256588078890608
-0.06104445800032197
-0.05893551722922802
-0.056258833782310225
-0.053040562097443636
-0.04931132200433557
-0.045107474550763554
-0.04046857035009954
-0.035440539146904586
-0.030071224425096427
-0.024411659234187325
-0.01851734201552183
-0.012445047036682352
-0.006252824391489079
-0.005845038446527506
-0.01163342736720109
-0.017309709857763766
-0.02281962163555546
-0.02811009103951302
-0.03312923903017023
-0.03782936074365011
-0.042165732870068
-0.046095421031934584
-0.04958145395974522
-0.05258984193798754
-0.055091962048335365
-0.05706336554805174
-0.05848556680238434
-0.05934365804137159
-0.05963107984623042
-0.05934365804137159
-0.05848556680238434
-0.05706336554805174
-0.055091962048335365
-0.05258984193798754
-0.04958145395974522
-0.046095421031934584
-0.042165732870068
-0.03782936074365011
-0.03312923903017023
-0.02811009103951302
-0.02281962163555546
-0.017309709857763766
-0.01163342736720109
-0.005845038446527506
-0.005449061810933547
-0.010845311861814179
-0.016137050219116402
-0.02127368877584217
-0.026205751251520845
-0.030884873192209245
-0.035266581536810164
-0.039309182790544996
-0.04297265119842625
-0.04622252013810361
-0.049027102553545324
-0.051359714608093104
-0.05319756385793459
-0.05452341699189464
-0.055323376178380394
-0.05559132637149098
-0.055323376178380394
-0.05452341699189464
-0.05319756385793459
-0.051359714608093104
-0.049027102553545324
-0.04622252013810361
-0.04297265119842625
-0.039309182790544996
-0.035266581536810164
-0.030884873192209245
-0.026205751251520845
-0.02127368877584217
-0.016137050219116402
-0.010845311861814179
-0.005449061810933547
-0.0050648944847071975
-0.010080700520521603
-0.014999363099579728
-0.019773860655047444
-0.024358205061119898
-0.028707441633021604
-0.03278023272957966
-0.03653782431219451
-0.03994301250381055
-0.04296376063251881
-0.0455706156289836
-0.04773877490850118
-0.04944705292997046
-0.050679431357436966
-0.05142299217803416
-0.051672051466100766
-0.05142299217803416
-0.050679431357436966
-0.04944705292997046
-0.04773877490850118
-0.0455706156289836
-0.04296376063251881
-0.03994301250381055
-0.03653782431219451
-0.03278023272957966
-0.028707441633021604
-0.024358205061119898
-0.019773860655047444
-0.014999363099579728
-0.010080700520521603
-0.0050648944847071975
-0.004692536467848462
-0.009339593343323366
-0.013896648499153761
-0.018320137273171284
-0.02256745246831019
-0.02659694435260733
-0.030370314321958632
-0.033851657435016586
-0.03700650494808753
-0.03980517544299083
-0.04222038116430236
-0.04422914294955965
-0.04581183276415943
-0.04695360989901135
-0.04764250604033291
-0.0478732551300598
-0.04764250604033291
-0.04695360989901135
-0.04581183276415943
-0.04422914294955965
-0.04222038116430236
-0.03980517544299083
-0.03700650494808753
-0.033851657435016586
-0.030370314321958632
-0.02659694435260733
-0.02256745246831019
-0.018320137273171284
-0.013896648499153761
-0.009339593343323366
-0.004692536467848462
-0.004331987760357337
-0.008621990330219476
-0.01282890641783848
-0.01691251863021369
-0.02083349347309171
-0.024553381350966387
-0.028036826313947064
-0.03125068215901119
-0.03416312853125715
-0.03674676456951964
-0.03897639915950155
-0.040830818731268495
-0.04229190336050144
-0.04334595261661777
-0.04398191776527663
-0.04419493736336806
-0.04398191776527663
-0.04334595261661777
-0.04229190336050144
-0.040830818731268495
-0.03897639915950155
-0.03674676456951964
-0.03416312853125715
-0.03125068215901119
-0.028036826313947064
-0.024553381350966387
-0.02083349347309171
-0.01691251863021369
-0.01282890641783848
-0.008621990330219476
-0.004331987760357337
-0.003983248362233825
-0.007927891481209929
-0.0117961368556339
-0.015551004726174667
-0.019156328075464447
-0.022576752628098825
-0.025779768705544954
-0.028734898484178335
-0.031412883253319424
-0.03378852801210528
-0.035838669614581264
-0.0375438022536277
-0.038887264718996506
-0.039856459510256216
-0.04044122735286532
-0.040637098166025565
-0.04044122735286532
-0.039856459510256216
-0.038887264718996506
-0.0375438022536277
-0.035838669614581264
-0.03378852801210528
-0.031412883253319424
-0.028734898484178335
-0.025779768705544954
-0.022576752628098825
-0.019156328075464447
-0.015551004726174667
-0.0117961368556339
-0.007927891481209929
-0.003983248362233825
-0.003646318273477925
-0.00725729679629472
-0.010798339812540015
-0.014235595561054202
-0.01753595627542842
-0.020667058184004602
-0.02359914149675231
-0.026304306410518015
-0.028755769114274344
-0.030930465770747706
-0.032807192529541444
-0.03436809351663728
-0.03559791683964463
-0.03648513057992671
-0.03702043480309898
-0.037199737538032296
-0.03702043480309898
-0.03648513057992671
-0.03559791683964463
-0.03436809351663728
-0.032807192529541444
-0.030930465770747706
-0.028755769114274344
-0.026304306410518015
-0.02359914149675231
-0.020667058184004602
-0.01753595627542842
-0.014235595561054202
-0.010798339812540015
-0.00725729679629472
-0.003646318273477925
-0.0033211974940896383
-0.0066102062754738585
-0.009835515288556824
-0.012966291134852299
-0.01597237807298363
-0.01882429801868374
-0.02149494468756913
-0.023958905938030236
-0.02619178611412192
-0.028172577845446967
-0.029881967904382103
-0.03130369252029722
-0.032423859722445804
-0.03323196582562922
-0.03371954011597762
-0.03388285547938826
-0.03371954011597762
-0.03323196582562922
-0.032423859722445804
-0.03130369252029722
-0.029881967904382103
-0.028172577845446967
-0.02619178611412192
-0.023958905938030236
-0.02149494468756913
-0.01882429801868374
-0.01597237807298363
-0.012966291134852299
-0.009835515288556824
-0.0066102062754738585
-0.0033211974940896383
-0.003007886024068962
-0.0059866199187473355
-0.008907663283684334
-0.011743091447568965
-0.014465593468130061
-0.017048472132136235
-0.019467178277995396
-0.021698697066714998
-0.023720934252862154
-0.025514864236203007
-0.027062995739103236
-0.02835059926460756
-0.029365093367400043
-0.03009696524736377
-0.03053854329150122
-0.03068645199009347
-0.03053854329150122
-0.03009696524736377
-0.029365093367400043
-0.02835059926460756
-0.027062995739103236
-0.025514864236203007
-0.023720934252862154
-0.021698697066714998
-0.019467178277995396
-0.017048472132136235
-0.014465593468130061
-0.011743091447568965
-0.008907663283684334
-0.0059866199187473355
-0.003007886024068962
-0.0027063838634158984
-0.005386537726115157
-0.008014783797922535
-0.0105659964992042
-0.01301560246086772
-0.015339580524362073
-0.017515842268031136
-0.019523679796572286
-0.021343213530495037
-0.02295732494301588
-0.024350276033704845
-0.02550881374956825
-0.026421617774507335
-0.02708012884513037
-0.027477444329669788
-0.027610527070147908
-0.027477444329669788
-0.02708012884513037
-0.026421617774507335
-0.02550881374956825
-0.024350276033704845
-0.02295732494301588
-0.021343213530495037
-0.019523679796572286
-0.017515842268031136
-0.015339580524362073
-0.01301560246086772
-0.0105659964992042
-0.008014783797922535
-0.005386537726115157
-0.0027063838634158984
-0.0024166910121304454
-0.004809959697577317
-0.007156876831271433
-0.009435006289758003
-0.011622405051196612
-0.01369762319536127
-0.015640936657676324
-0.01743385412760212
-0.019058623947020566
-0.020499959965885557
-0.021743808788186936
-0.022778335975179323
-0.02359343294376769
-0.024181456618929
-0.024536243230483337
-0.02465508071955158
-0.024536243230483337
-0.024181456618929
-0.02359343294376769
-0.022778335975179323
-0.021743808788186936
-0.020499959965885557
-0.019058623947020566
-0.01743385412760212
-0.015640936657676324
-0.01369762319536127
-0.011622405051196612
-0.009435006289758003
-0.007156876831271433
-0.004809959697577317
-0.0024166910121304454
-0.0021388074702126058
-0.004256885833133823
-0.006333942383731028
-0.008350120819230365
-0.010286001239116738
-0.012122600145133828
-0.013842461446930987
-0.015429220059804488
-0.016867165502438757
-0.018142769304812036
-0.019243594002549498
-0.02015916594144075
-0.0208805388751811
-0.02140094856875966
-0.021714939993941862
-0.021820112938304492
-0.021714939993941862
-0.02140094856875966
-0.0208805388751811
-0.02015916594144075
-0.019243594002549498
-0.018142769304812036
-0.016867165502438757
-0.015429220059804488
-0.013842461446930987
-0.012122600145133828
-0.010286001239116738
-0.008350120819230365
-0.006333942383731028
-0.004256885833133823
-0.0021388074702126058
-0.0018727332376623788
-0.003727316132784672
-0.00554598045530132
-0.007311340087621296
-0.009006391024628092
-0.010614511373679742
-0.012120416635795113
-0.013509777593179402
-0.014768838196749595
-0.01588575295979533
-0.01684963167679255
-0.01765130364835257
-0.018282935568747574
-0.018738604694622376
-0.01901353462004536
-0.019105623726406642
-0.01901353462004536
-0.018738604694622376
-0.018282935568747574
-0.01765130364835257
-0.01684963167679255
-0.01588575295979533
-0.014768838196749595
-0.013509777593179402
-0.012120416635795113
-0.010614511373679742
-0.009006391024628092
-0.007311340087621296
-0.00554598045530132
-0.003727316132784672
-0.0018727332376623788
-0.001618468314479764
-0.003221250596529862
-0.004792991045982306
-0.0063186640949307905
-0.00778357440773067
-0.009173356880999007
-0.010474802224268692
-0.01167552672772685
-0.012763642029953094
-0.013728910930835432
-0.014561921810916069
-0.015254749095914755
-0.015800623024467098
-0.01619442499651711
-0.016432027108793823
-0.016511613083858023
-0.016432027108793823
-0.01619442499651711
-0.015800623024467098
-0.015254749095914755
-0.014561921810916069
-0.013728910930835432
-0.012763642029953094
-0.01167552672772685
-0.010474802224268692
-0.009173356880999007
-0.00778357440773067
-0.0063186640949307905
-0.004792991045982306
-0.003221250596529862
-0.001618468314479764
-0.0013760127006647597
-0.002738689224369391
-0.004074974155773989
-0.005372092841158843
-0.0066175513884244785
-0.007799136667091616
-0.008905618212351729
-0.009926467463446826
-0.01085157700204923
-0.011672243217932332
-0.012380464404920057
-0.012969502284127294
-0.013433601242339678
-0.013768409474443877
-0.013970417460187257
-0.014038081010658633
-0.013970417460187257
-0.013768409474443877
-0.013433601242339678
-0.012969502284127294
-0.012380464404920057
-0.011672243217932332
-0.01085157700204923
-0.009926467463446826
-0.008905618212351729
-0.007799136667091616
-0.0066175513884244785
-0.005372092841158843
-0.004074974155773989
-0.002738689224369391
-0.0013760127006647597
-0.0011453663962173678
-0.002279632016303268
-0.0033919297846763674
-0.0044716263263054725
-0.005508321966709521
-0.006491850731957594
-0.007412864600044239
-0.00826259980033935
-0.00903264311303803
-0.009715749821086056
-0.01030525945880454
-0.010795563212990224
-0.011181870222365315
-0.011460558128402699
-0.011628705674225671
-0.011685027506808488
-0.011628705674225671
-0.011460558128402699
-0.011181870222365315
-0.010795563212990224
-0.01030525945880454
-0.009715749821086056
-0.00903264311303803
-0.00826259980033935
-0.007412864600044239
-0.006491850731957594
-0.005508321966709521
-0.0044716263263054725
-0.0033919297846763674
-0.002279632016303268
-0.0011453663962173678
-0.0009265294011375887
-0.0018440789723314867
-0.002743857932689442
-0.0036172645503706664
-0.004455886142585794
-0.005251499075596922
-0.005996541387346205
-0.006683923738404413
-0.007306840362919481
-0.00785943074029658
-0.008336306972569507
-0.008732931882503531
-0.009045429964544017
-0.00927087095839355
-0.009406891750909058
-0.00945245257230758
-0.009406891750909058
-0.00927087095839355
-0.009045429964544017
-0.008732931882503531
-0.008336306972569507
-0.00785943074029658
-0.007306840362919481
-0.006683923738404413
-0.005996541387346205
-0.005251499075596922
-0.004455886142585794
-0.0036172645503706664
-0.002743857932689442
-0.0018440789723314867
-0.0009265294011375887
-0.0007195017154254212
-0.001432030092454044
-0.002130758599813215
-0.002809007513354417
-0.0034602439160532905
-0.0040780816980096005
-0.004656648574257627
-0.005190439277642006
-0.005674168751693576
-0.006103285975563911
-0.006473606946214933
-0.006781608292667197
-0.00702428046887576
-0.0071993479644164304
-0.007304975690237398
-0.007340356207155896
-0.007304975690237398
-0.0071993479644164304
-0.00702428046887576
-0.006781608292667197
-0.006473606946214933
-0.006103285975563911
-0.005674168751693576
-0.005190439277642006
-0.004656648574257627
-0.0040780816980096005
-0.0034602439160532905
-0.002809007513354417
-0.002130758599813215
-0.001432030092454044
-0.0007195017154254212
-0.0005242833390808659
-0.0010434853766709468
-0.0015526317860476814
-0.002046855215256743
-0.002521395287112019
-0.002971598599195641
-0.003393186160778522
-0.003782146418052146
-0.004134628279360342
-0.004447315526888057
-0.004717159379740843
-0.004941592443481236
-0.0051184217353605795
-0.005245989146471359
-0.005322957492210734
-0.00534873841135346
-0.005322957492210734
-0.005245989146471359
-0.0051184217353605795
-0.004941592443481236
-0.004717159379740843
-0.004447315526888057
-0.004134628279360342
-0.003782146418052146
-0.003393186160778522
-0.002971598599195641
-0.002521395287112019
-0.002046855215256743
-0.0015526317860476814
-0.0010434853766709468
-0.0005242833390808659
-0.0003408742721039221
-0.0006784448249821898
-0.0010094774913928463
-0.001330807656077629
-0.0016393402557619786
-0.001932049779155029
-0.0022061541469088676
-0.0024590451596348153
-0.0026882189459197406
-0.00289151939426901
-0.003066964273147227
-0.003212884334945643
-0.003327853763998445
-0.003410794504558312
-0.0034608371568290277
-0.003477599184900249
-0.0034608371568290277
-0.003410794504558312
-0.003327853763998445
-0.003212884334945643
-0.003066964273147227
-0.00289151939426901
-0.0026882189459197406
-0.0024590451596348153
-0.0022061541469088676
-0.001932049779155029
-0.0016393402557619786
-0.001330807656077629
-0.0010094774913928463
-0.0006784448249821898
-0.0003408742721039221
-0.0001692745144945912
-0.00033690843738777706
-0.0005012957158487041
-0.0006608648358170793
-0.0008140788220031642
-0.0009594352378877792
-0.0010955525326486804
-0.0012211355023900251
-0.0013349407513717994
-0.0014358975777067741
-0.0015230216264340958
-0.001595483967060424
-0.00165257655478937
-0.0016937640386773146
-0.0017186146840923013
-0.001726938527796279
-0.0017186146840923013
-0.0016937640386773146
-0.00165257655478937
-0.001595483967060424
-0.0015230216264340958
-0.0014358975777067741
-0.0013349407513717994
-0.0012211355023900251
-0.0010955525326486804
-0.0009594352378877792
-0.0008140788220031642
-0.0006608648358170793
-0.0005012957158487041
-0.00033690843738777706
-0.0001692745144945912
-9.48406625287182e-06
-1.8876213887704386e-05
-2.8086459415258005e-05
-3.70267544750974e-05
-4.561098583558132e-05
-5.3754975393879856e-05
-6.138131799794944e-05
-6.841744631777558e-05
-7.479369571650741e-05
-8.045007720133834e-05
-8.533143960143263e-05
-8.939133982557856e-05
-9.259010773335352e-05
-9.489774882834312e-05
-9.629007400054346e-05
-9.675644004153994e-05
-9.629007400054346e-05
-9.489774882834312e-05
-9.259010773335352e-05
-8.939133982557856e-05
-8.533143960143263e-05
-8.045007720133834e-05
-7.479369571650741e-05
-6.841744631777558e-05
-6.138131799794944e-05
-5.3754975393879856e-05
-4.561098583558132e-05
-3.70267544750974e-05
-2.8086459415258005e-05
-1.8876213887704386e-05
-9.48406625287182e-06
0.00013849707262123535
0.0002756518455180254
0.0004101502779074909
0.0005407065879483198
0.0006660632527407729
0.0007849910083266687
0.0008963594970433143
0.0009991090085819387
0.0010922222210461296
0.0011748231072472859
0.0012461062873507457
0.0013053935467588985
0.00135210557716961
0.001385804364988591
0.0014061366734462511
0.0014129470783639632
0.0014061366734462511
0.001385804364988591
0.00135210557716961
0.0013053935467588985
0.0012461062873507457
0.0011748231072472859
0.0010922222210461296
0.0009991090085819387
0.0008963594970433143
0.0007849910083266687
0.0006660632527407729
0.0005407065879483198
0.0004101502779074909
0.0002756518455180254
0.00013849707262123535
0.0002746689021277303
0.0005466757408294124
0.0008134144961195425
0.0010723351914531693
0.0013209438937258928
0.0015568027132738555
0.0017776699124751162
0.0019814438623091124
0.0021661069989161066
0.0023299219756390934
0.0024712915544224446
0.0025888706926929963
0.0026815104999195097
0.0027483423027734825
0.0027886655582480603
0.0028021720274202244
0.0027886655582480603
0.0027483423027734825
0.0026815104999195097
0.0025888706926929963
0.0024712915544224446
0.0023299219756390934
0.0021661069989161066
0.0019814438623091124
0.0017776699124751162
0.0015568027132738555
0.0013209438937258928
0.0010723351914531693
0.0008134144961195425
0.0005466757408294124
0.0002746689021277303
0.0003990314222666134
0.0007941954720464558
0.0011817061952208996
0.0015578590560394582
0.0019190309371197895
0.002261680139447689
0.0025825499282974593
0.002878587114863751
0.003146860637893437
0.0033848465279741006
0.00359022436161367
0.003761040097976726
0.003895624660516356
0.003992716064526342
0.004051296580404901
0.004070918407127255
0.004051296580404901
0.003992716064526342
0.003895624660516356
0.003761040097976726
0.00359022436161367
0.0033848465279741006
0.003146860637893437
0.002878587114863751
0.0025825499282974593
0.002261680139447689
0.0019190309371197895
0.0015578590560394582
0.0011817061952208996
0.0007941954720464558
0.0003990314222666134
0.0005115846330378846
0.001018211039169159
0.0015150253752115594
0.0019972781817071796
0.0024603243829224523
0.002899623286848169
0.0033109995445103433
0.0036905387662458547
0.004034483137978118
0.004339596764252294
0.00460290470892441
0.004821901762610087
0.004994448058960144
0.005118925650247164
0.005194029739916773
0.005219186217485051
0.005194029739916773
0.005118925650247164
0.004994448058960144
0.004821901762610087
0.00460290470892441
0.004339596764252294
0.004034483137978118
0.0036905387662458547
0.0033109995445103433
0.002899623286848169
0.0024603243829224523
0.0019972781817071796
0.0015150253752115594
0.001018211039169159
0.0005115846330378846
0.0006123285344415436
0.0012187224421975182
0.001813372036091525
0.002390592568456333
0.0029448242311338885
0.0034706321554752954
0.003963018761113763
0.004417298816455417
0.004828974499170144
0.00519417268447368
0.005509332596354686
0.005771455686593075
0.005977980695250873
0.006126971059935949
0.00621686503678367
0.0062469754584936095
0.00621686503678367
0.006126971059935949
0.005977980695250873
0.005771455686593075
0.005509332596354686
0.00519417268447368
0.004828974499170144
0.004417298816455417
0.003963018761113763
0.0034706321554752954
0.0029448242311338885
0.002390592568456333
0.001813372036091525
0.0012187224421975182
0.0006123285344415436
0.0007012631264775905
0.0013957296811315358
0.002076746177860794
0.0027378022162869264
0.0033725304817540922
0.0039747067453290656
0.004538607578107717
0.005058867265492442
0.005530334721469521
0.005948574288638259
0.006309508023904476
0.0066097018699256965
0.006846222569388549
0.007016852293592696
0.007119802471005594
0.007154286130152935
0.007119802471005594
0.007016852293592696
0.006846222569388549
0.0066097018699256965
0.006309508023904476
0.005948574288638259
0.005530334721469521
0.005058867265492442
0.004538607578107717
0.0039747067453290656
0.0033725304817540922
0.0027378022162869264
0.002076746177860794
0.0013957296811315358
0.0007012631264775905
0.0007783884091460254
0.0015492327559712112
0.0023051478005193665
0.0030389071251989506
0.00374344313478307
0.004411847056409482
0.005037765995492216
0.00561524411335693
0.006138563804876241
0.006602801576746031
0.00700343099157379
0.00733664031260794
0.007599173681373167
0.007788569351217409
0.007902842042582554
0.007941118232463023
0.007902842042582554
0.007788569351217409
0.007599173681373167
0.00733664031260794
0.00700343099157379
0.006602801576746031
0.006138563804876241
0.00561524411335693
0.005037765995492216
0.004411847056409482
0.00374344313478307
0.0030389071251989506
0.0023051478005193665
0.0015492327559712112
0.0007783884091460254
0.0008437043824468485
0.0016792316667165444
0.002498576904067243
0.0032939072951924096
0.004057562190220815
0.004782053088716544
0.005460494013267253
0.006086429360048879
0.006653661749390311
0.007156854548796993
0.007591101499362627
0.007952271014639814
0.008236834031204726
0.008442122232810087
0.008565983751514534
0.008607471765423877
0.008565983751514534
0.008442122232810087
0.008236834031204726
0.007952271014639814
0.007591101499362627
0.007156854548796993
0.006653661749390311
0.006086429360048879
0.005460494013267253
0.004782053088716544
0.004057562190220815
0.0032939072951924096
0.002498576904067243
0.0016792316667165444
0.0008437043824468485
0.000897211046380059
0.0017857264133675347
0.0026570334885044236
0.0035028027262673025
0.004314887648067332
0.005085324842250248
0.005806791631432827
0.006472423005568289
0.007075628555011726
0.007610733204791143
0.008072519547270984
0.008456593976021312
0.008759203618883228
0.008977510938370722
0.009109227597801545
0.009153346729035495
0.009109227597801545
0.008977510938370722
0.008759203618883228
0.008456593976021312
0.008072519547270984
0.007610733204791143
0.007075628555011726
0.006472423005568289
0.005806791631432827
0.005085324842250248
0.004314887648067332
0.0035028027262673025
0.0026570334885044236
0.0017857264133675347
0.000897211046380059
0.0009389084009456581
0.0018687169959241833
0.002780517553830908
0.0036655934184236325
0.00451541950832262
0.005321662317010602
0.006076658849988941
0.006773225049915163
0.007404464221740493
0.007964437544728488
0.008447685135298866
0.008849609196752446
0.009166282444408673
0.009394735467899326
0.009532573581443583
0.00957874312329788
0.009532573581443583
0.009394735467899326
0.009166282444408673
0.008849609196752446
0.008447685135298866
0.007964437544728488
0.007404464221740493
0.006773225049915163
0.006076658849988941
0.005321662317010602
0.00451541950832262
0.0036655934184236325
0.002780517553830908
0.0018687169959241833
0.0009389084009456581
0.0009687964461436447
0.0019282034143864894
0.002869029100046696
0.0037822793716613965
0.004659157770986677
0.005491065512997601
0.006270095668935594
0.006988835493089499
0.007640168749576607
0.008217967568609024
0.008716598263446267
0.009131316676833201
0.009458070507781061
0.009693795821395894
0.009836021702440651
0.009883660948211026
0.009836021702440651
0.009693795821395894
0.009458070507781061
0.009131316676833201
0.008716598263446267
0.008217967568609024
0.007640168749576607
0.006988835493089499
0.006270095668935594
0.005491065512997601
0.004659157770986677
0.0037822793716613965
0.002869029100046696
0.0019282034143864894
0.0009687964461436447
0.0009868751819740195
0.0019641856687544527
0.002922568127151788
0.003852860585980593
0.004746102436059506
0.005593534430211243
0.006387102088272784
0.007119254335091297
0.007782742138520065
0.008371323276432748
0.008879258931713194
0.00930171641626359
0.00963456780900039
0.009874691998860423
0.010019571960792744
0.010068100203774938
0.010019571960792744
0.009874691998860423
0.00963456780900039
0.00930171641626359
0.008879258931713194
0.008371323276432748
0.007782742138520065
0.007119254335091297
0.006387102088272784
0.005593534430211243
0.004746102436059506
0.003852860585980593
0.002922568127151788
0.0019641856687544527
0.0009868751819740195
0.0009931446084367821
0.0019766637590280744
0.0029411346351461854
0.0038773370613812263
0.004776253503541105
0.00562906906865153
0.006427678108000514
0.007164481575920556
0.007832184388570874
0.008424504668199667
0.008935667140099643
0.009360808415043607
0.009695774348066663
0.009937424000292915
0.010083224356499864
0.010132060889989615
0.010083224356499864
0.009937424000292915
0.009695774348066663
0.009360808415043607
0.008935667140099643
0.008424504668199667
0.007832184388570874
0.007164481575920556
0.006427678108000514
0.00562906906865153
0.004776253503541105
0.0038773370613812263
0.0029411346351461854
0.0019766637590280744
0.0009931446084367821
0.0009876047255319325
0.001965637685207353
0.0029247286240298856
0.003855708797863292
0.004749610973431473
0.0055976694283184645
0.006391823728118778
0.007124517215577279
0.007788495499729026
0.008377511743909775
0.008885822888605613
0.009308592673173249
0.009641690124979879
0.009881991825693373
0.010026978889562015
0.010075543006855057
0.010026978889562015
0.009881991825693373
0.009641690124979879
0.009308592673173249
0.008885822888605613
0.008377511743909775
0.007788495499729026
0.007124517215577279
0.006391823728118778
0.0055976694283184645
0.004749610973431473
0.003855708797863292
0.0029247286240298856
0.001965637685207353
0.0009876047255319325
0.000970255533259471
0.00193110744729229
0.0028733500938028897
0.003787975795426795
0.004666174845730613
0.0054993355092120425
0.0062795389486275865
0.006999361254061465
0.0076516754719945295
0.008230344503563072
0.008729726177231103
0.009145069190652522
0.009472315139740036
0.009708395475061792
0.009850835559979194
0.009898546554371264
0.009850835559979194
0.009708395475061792
0.009472315139740036
0.009145069190652522
0.008729726177231103
0.008230344503563072
0.0076516754719945295
0.006999361254061465
0.0062795389486275865
0.0054993355092120425
0.004666174845730613
0.003787975795426795
0.0028733500938028897
0.00193110744729229
0.000970255533259471
0.0009410970316193975
0.0018730730452828838
0.002786999044465199
0.0036741380540717323
0.004525945120438523
0.005334067311332267
0.00609082376952693
0.0067890136913731115
0.007421724305367381
0.007983002947159566
0.008467377005976119
0.008870237967481426
0.009187649392347138
0.009416634948398174
0.009554794367751397
0.009601071532538233
0.009554794367751397
0.009416634948398174
0.009187649392347138
0.008870237967481426
0.008467377005976119
0.007983002947159566
0.007421724305367381
0.0067890136913731115
0.00609082376952693
0.005334067311332267
0.004525945120438523
0.0036741380540717323
0.002786999044465199
0.0018730730452828838
0.0009410970316193975
0.0009001292206117121
0.0017915344791791363
0.0026656754760168108
0.0035141955737981027
0.004328921797555204
0.005101864834679136
0.005825678190816814
0.00649347452751222
0.007098641999847577
0.007635487074699249
0.008098775374840658
0.008484099003659954
0.008787692882801183
0.009006710245702524
0.009138855312878632
0.00918311794135597
0.009138855312878632
0.009006710245702524
0.008787692882801183
0.008484099003659954
0.008098775374840658
0.007635487074699249
0.007098641999847577
0.00649347452751222
0.005825678190816814
0.005101864834679136
0.004328921797555204
0.0035141955737981027
0.0026656754760168108
0.0017915344791791363
0.0009001292206117121
0.0008473521002364145
0.001686491748981046
0.002509379388457727
0.0033081483546059083
0.004075104877080655
0.004802728079252651
0.005484102212497236
0.006112743762478791
0.006682428555435123
0.007187796886182121
0.007623921283824717
0.007986652299188112
0.008272445611102169
0.008478621366974831
0.008603018395360896
0.00864468578082447
0.008603018395360896
0.008478621366974831
0.008272445611102169
0.007986652299188112
0.007623921283824717
0.007187796886182121
0.006682428555435123
0.006112743762478791
0.005484102212497236
0.004802728079252651
0.004075104877080655
0.0033081483546059083
0.002509379388457727
0.001686491748981046
0.0008473521002364145
0.0007827656704935048
0.0015579448546886134
0.002318110781787947
0.0030559963964951484
0.0037644943590148766
0.004436657045052811
0.005066095834568196
0.005646821396272824
0.006173083972130016
0.006639932381608187
0.007042814732928299
0.0073778978540658974
0.007641907577250097
0.007832368312215105
0.007947283615198187
0.007985775050943734
0.007947283615198187
0.007832368312215105
0.007641907577250097
0.0073778978540658974
0.007042814732928299
0.006639932381608187
0.006173083972130016
0.005646821396272824
0.005066095834568196
0.004436657045052811
0.0037644943590148766
0.0030559963964951484
0.002318110781787947
0.0015579448546886134
0.0007827656704935048
0.0007063699313829832
0.0014058937963018386
0.0020918696560074715
0.002757739699465823
0.0033970902433578688
0.004003651732079616
0.004571659057029695
0.00509570742889432
0.005570608249932257
0.005991893560977444
0.006355455722151403
0.006657835668293314
0.0068960787812449706
0.007067951081423343
0.007171650972390503
0.007206385751713765
0.007171650972390503
0.007067951081423343
0.0068960787812449706
0.006657835668293314
0.006355455722151403
0.005991893560977444
0.005570608249932257
0.00509570742889432
0.004571659057029695
0.004003651732079616
0.0033970902433578688
0.002757739699465823
0.0020918696560074715
0.0014058937963018386
0.0007063699313829832
0.0006181648829048494
0.001230338573820721
0.0018306560111162997
0.0024133782635179335
0.0029728925301096307
0.0035037121403330668
0.004000791879881733
0.0044594018603432775
0.004875001388841845
0.005243680424289892
0.00556184425149403
0.005826465741870357
0.006034959223086785
0.006185369674599543
0.006276120466937849
0.00630651788313456
0.006276120466937849
0.006185369674599543
0.006034959223086785
0.005826465741870357
0.00556184425149403
0.005243680424289892
0.004875001388841845
0.0044594018603432775
0.004000791879881733
0.0035037121403330668
0.0029728925301096307
0.0024133782635179335
0.0018306560111162997
0.001230338573820721
0.0006181648829048494
0.0005181505250591036
0.0010312791872452616
0.0015344698471144317
0.002022912088651477
0.002491901219270164
0.002936838269813163
0.003353494303124309
0.003737904690619698
0.004086263388858781
0.004395292971545531
0.00466198032095618
0.004883788074797029
0.005058548902775542
0.005184624091743709
0.005260692098840224
0.005286171445206118
0.005260692098840224
0.005184624091743709
0.005058548902775542
0.004883788074797029
0.00466198032095618
0.004395292971545531
0.004086263388858781
0.003737904690619698
0.003353494303124309
0.002936838269813163
0.002491901219270164
0.002022912088651477
0.0015344698471144317
0.0010312791872452616
0.0005181505250591036
0.00040632685784574576
0.0008087156365754597
0.001203311164001868
0.001586341174866456
0.001954116310839467
0.002303030120519904
0.0026297663267574236
0.00293121591972358
0.0032043942499830644
0.003446731202744361
0.0036558639305378513
0.003829802667073328
0.0039668478203112425
0.004065714332855836
0.0041253658680976265
0.004145346437928441
0.0041253658680976265
0.004065714332855836
0.0039668478203112425
0.003829802667073328
0.0036558639305378513
0.003446731202744361
0.0032043942499830644
0.00293121591972358
0.0026297663267574236
0.002303030120519904
0.001954116310839467
0.001586341174866456
0.001203311164001868
0.0008087156365754597
0.00040632685784574576
0.00028269388126477593
0.0005626479218113154
0.0008371799617786079
0.0011036655221628694
0.001359537804817541
0.0016022876924532909
0.0018296079507810774
0.0020393355476549246
0.002229393972214695
0.002397995117886383
0.0025434950802390452
0.0026645095186992574
0.0027598559756938854
0.0028286403979359276
0.002870141774710056
0.0028840428613015295
0.002870141774710056
0.0028286403979359276
0.0027598559756938854
0.0026645095186992574
0.0025434950802390452
0.002397995117886383
0.002229393972214695
0.0020393355476549246
0.0018296079507810774
0.0016022876924532909
0.001359537804817541
0.0011036655221628694
0.0008371799617786079
0.0005626479218113154
0.00028269388126477593
0.00014725159531619398
0.00029307604295282887
0.00043607624044465196
0.0005748851305407174
0.0007081657012043852
0.0008346109856133227
0.0009530191751952694
0.0010622635744137311
0.0011612625555536737
0.001249084716971596
0.0013248737700597615
0.0013879086296748142
0.0014375733689234716
0.001473402286983982
0.001495019818677514
0.0015022607153253823
0.001495019818677514
0.001473402286983982
0.0014375733689234716
0.0013879086296748142
0.0013248737700597615
0.001249084716971596
0.0011612625555536737
0.0010622635744137311
0.0009530191751952694
0.0008346109856133227
0.0007081657012043852
0.0005748851305407174
0.00043607624044465196
0.00029307604295282887
0.00014725159531619398
-0.0
-0.0
-0.0
-0.0
-0.0
-0.0
-0.0
-0.0
-0.0
-0.0
-0.0
-0.0
-0.0
-0.0
-0.0
-0.0
-0.0
-0.0
-0.0
-0.0
-0.0
-0.0
-0.0
-0.0
-0.0
-0.0
-0.0
-0.0
-0.0
-0.0
-0.0
