    0.772504
     1.53757
     2.28783
     3.01605
     3.71523
     4.37863
     4.99986
     5.57294
     6.09235
     6.55308
     6.95071
     7.28139
     7.54196
     7.72989
     7.84337
     7.88132
     7.84337
     7.72989
     7.54196
     7.28139
     6.95071
     6.55308
     6.09234
     5.57293
     4.99986
     4.37863
     3.71523
     3.01605
     2.28782
     1.53757
    0.772504
    0.758962
     1.51061
     2.24772
     2.96318
      3.6501
     4.30187
     4.91221
     5.47524
     5.98555
     6.43821
     6.82886
     7.15375
     7.40975
     7.59438
     7.70588
     7.74317
     7.70588
     7.59438
     7.40975
     7.15375
     6.82886
      6.4382
     5.98554
     5.47524
     4.91221
     4.30187
      3.6501
     2.96318
     2.24772
     1.51061
    0.758962
    0.745539
      1.4839
     2.20796
     2.91077
     3.58554
     4.22578
     4.82533
     5.37841
     5.87968
     6.32434
     6.70809
     7.02723
      7.2787
     7.46007
     7.56959
     7.60622
     7.56959
     7.46007
      7.2787
     7.02723
     6.70808
     6.32434
     5.87968
      5.3784
     4.82533
     4.22578
     3.58554
     2.91077
     2.20796
      1.4839
    0.745538
    0.732234
     1.45742
     2.16856
     2.85882
     3.52156
     4.15037
     4.73922
     5.28242
     5.77476
     6.21148
     6.58838
     6.90182
     7.14881
     7.32694
     7.43451
     7.47048
     7.43451
     7.32694
      7.1488
     6.90182
     6.58837
     6.21147
     5.77476
     5.28242
     4.73922
     4.15037
     3.52155
     2.85882
     2.16856
     1.45741
    0.732233
    0.719048
     1.43117
     2.12951
     2.80734
     3.45814
     4.07563
     4.65387
      5.1873
     5.67077
     6.09962
     6.46973
     6.77754
     7.02007
       7.195
     7.30063
     7.33595
     7.30063
       7.195
     7.02007
     6.77753
     6.46973
     6.09962
     5.67076
      5.1873
     4.65387
     4.07563
     3.45814
     2.80734
     2.12951
     1.43117
    0.719047
     0.70598
     1.40516
     2.09081
     2.75632
     3.39529
     4.00156
      4.5693
     5.09303
     5.56771
     5.98877
     6.35216
     6.65437
     6.89249
     7.06424
     7.16795
     7.20263
     7.16795
     7.06424
     6.89249
     6.65437
     6.35215
     5.98877
     5.56771
     5.09303
      4.5693
     4.00156
     3.39529
     2.75632
     2.09081
     1.40516
     0.70598
    0.693031
     1.37939
     2.05246
     2.70577
     3.33302
     3.92817
     4.48549
     4.99961
     5.46559
     5.87892
     6.23565
     6.53231
     6.76607
     6.93467
     7.03648
     7.07053
     7.03648
     6.93467
     6.76607
     6.53231
     6.23564
     5.87892
     5.46559
     4.99961
     4.48549
     3.92817
     3.33302
     2.70577
     2.05246
     1.37939
    0.693031
    0.680201
     1.35385
     2.01446
     2.65567
     3.27131
     3.85544
     4.40245
     4.90705
      5.3644
     5.77009
      6.1202
     6.41138
     6.64081
     6.80628
     6.90621
     6.93963
     6.90621
     6.80628
     6.64081
     6.41138
      6.1202
     5.77008
      5.3644
     4.90705
     4.40245
     3.85544
     3.27131
     2.65567
     2.01446
     1.35385
      0.6802
    0.667489
     1.32855
     1.97682
     2.60604
     3.21018
     3.78339
     4.32017
     4.81535
     5.26415
     5.66225
     6.00583
     6.29156
      6.5167
     6.67908
     6.77715
     6.80994
     6.77714
     6.67908
      6.5167
     6.29156
     6.00582
     5.66225
     5.26415
     4.81535
     4.32017
     3.78339
     3.21017
     2.60604
     1.97681
     1.32855
    0.667489
    0.654896
     1.30348
     1.93952
     2.55688
     3.14961
     3.71201
     4.23866
      4.7245
     5.16483
     5.55542
     5.89252
     6.17286
     6.39375
     6.55307
     6.64928
     6.68145
     6.64928
     6.55307
     6.39375
     6.17286
     5.89251
     5.55542
     5.16483
      4.7245
     4.23866
     3.71201
     3.14961
     2.55688
     1.93952
     1.30348
    0.654895
     0.64242
     1.27865
     1.90257
     2.50817
     3.08961
      3.6413
     4.15792
      4.6345
     5.06645
      5.4496
     5.78027
     6.05527
     6.27196
     6.42824
     6.52262
     6.55418
     6.52262
     6.42824
     6.27196
     6.05527
     5.78027
      5.4496
     5.06645
      4.6345
     4.15792
      3.6413
     3.08961
     2.50817
     1.90257
     1.27865
     0.64242
    0.630064
     1.25406
     1.86598
     2.45993
     3.03019
     3.57126
     4.07795
     4.54536
       4.969
     5.34478
     5.66909
      5.9388
     6.15132
      6.3046
     6.39716
     6.42812
     6.39716
      6.3046
     6.15132
      5.9388
     5.66909
     5.34478
       4.969
     4.54536
     4.07795
     3.57126
     3.03019
     2.45993
     1.86598
     1.25406
    0.630064
    0.617826
      1.2297
     1.82973
     2.41215
     2.97133
      3.5019
     3.99874
     4.45707
     4.87248
     5.24096
     5.55898
     5.82345
     6.03184
     6.18214
     6.27291
     6.30326
     6.27291
     6.18214
     6.03184
     5.82345
     5.55898
     5.24096
     4.87248
     4.45707
     3.99874
      3.5019
     2.97133
     2.41215
     1.82973
      1.2297
    0.617826
    0.605706
     1.20558
     1.79384
     2.36483
     2.91304
      3.4332
      3.9203
     4.36964
      4.7769
     5.13815
     5.44993
     5.70921
     5.91352
     6.06087
     6.14985
     6.17961
     6.14985
     6.06087
     5.91352
     5.70921
     5.44993
     5.13815
      4.7769
     4.36964
      3.9203
      3.4332
     2.91304
     2.36483
     1.79384
     1.20558
    0.605706
    0.593704
     1.18169
      1.7583
     2.31797
     2.85532
     3.36517
     3.84262
     4.28306
     4.68225
     5.03635
     5.34194
     5.59609
     5.79635
     5.94078
       6.028
     6.05717
       6.028
     5.94078
     5.79635
     5.59609
     5.34194
     5.03635
     4.68225
     4.28306
     3.84262
     3.36518
     2.85532
     2.31797
      1.7583
     1.18169
    0.593705
    0.581821
     1.15804
     1.72311
     2.27158
     2.79817
     3.29782
     3.76571
     4.19733
     4.58853
     4.93554
     5.23502
     5.48409
     5.68034
     5.82188
     5.90735
     5.93594
     5.90735
     5.82188
     5.68034
     5.48409
     5.23503
     4.93555
     4.58854
     4.19734
     3.76571
     3.29782
     2.79817
     2.27158
     1.72311
     1.15804
    0.581822
    0.570057
     1.13462
     1.68826
     2.22565
     2.74159
     3.23114
     3.68957
     4.11246
     4.49575
     4.83575
     5.12917
      5.3732
     5.56548
     5.70416
      5.7879
     5.81591
      5.7879
     5.70416
     5.56548
      5.3732
     5.12917
     4.83575
     4.49575
     4.11246
     3.68957
     3.23114
      2.7416
     2.22565
     1.68827
     1.13462
    0.570058
    0.558411
     1.11144
     1.65377
     2.18018
     2.68558
     3.16513
     3.61419
     4.02844
      4.4039
     4.73695
     5.02438
     5.26342
     5.45177
     5.58762
     5.66966
     5.69709
     5.66966
     5.58762
     5.45177
     5.26342
     5.02438
     4.73695
     4.40391
     4.02845
     3.61419
     3.16513
     2.68558
     2.18018
     1.65377
     1.11144
    0.558411
    0.546883
      1.0885
     1.61963
     2.13517
     2.63014
     3.09978
     3.53958
     3.94528
     4.31299
     4.63916
     4.92066
     5.15476
     5.33923
     5.47227
     5.55261
     5.57948
     5.55261
     5.47227
     5.33923
     5.15476
     4.92066
     4.63916
     4.31299
     3.94528
     3.53958
     3.09979
     2.63014
     2.13517
     1.61963
      1.0885
    0.546883
    0.535473
     1.06579
     1.58584
     2.09062
     2.57527
     3.03511
     3.46573
     3.86297
     4.22301
     4.54237
       4.818
     5.04722
     5.22783
      5.3581
     5.43677
     5.46307
     5.43677
      5.3581
     5.22783
     5.04722
       4.818
     4.54237
     4.22301
     3.86297
     3.46573
     3.03511
     2.57527
     2.09062
     1.58584
     1.06579
    0.535473
    0.524182
     1.04332
      1.5524
     2.04654
     2.52096
     2.97111
     3.39265
     3.78151
     4.13396
     4.44659
      4.7164
     4.94079
      5.1176
     5.24512
     5.32212
     5.34787
     5.32212
     5.24511
     5.11759
     4.94079
      4.7164
     4.44659
     4.13396
     3.78151
     3.39265
     2.97111
     2.52096
     2.04654
      1.5524
     1.04332
    0.524182
    0.513009
     1.02108
     1.51931
     2.00292
     2.46723
     2.90778
     3.32034
     3.70091
     4.04584
     4.35181
     4.61587
     4.83547
     5.00851
     5.13331
     5.20868
     5.23388
     5.20868
     5.13331
     5.00851
     4.83547
     4.61587
     4.35181
     4.04584
     3.70091
     3.32033
     2.90778
     2.46723
     2.00291
     1.51931
     1.02108
    0.513009
    0.501955
    0.999075
     1.48657
     1.95976
     2.41407
     2.84513
     3.24879
     3.62116
     3.95866
     4.25803
      4.5164
     4.73127
     4.90058
      5.0227
     5.09644
      5.1211
     5.09644
     5.02269
     4.90058
     4.73127
      4.5164
     4.25803
     3.95866
     3.62116
     3.24878
     2.84512
     2.41406
     1.95975
     1.48657
    0.999074
    0.501954
    0.491018
    0.977308
     1.45419
     1.91706
     2.36147
     2.78314
       3.178
     3.54226
     3.87241
     4.16526
       4.418
     4.62819
     4.79381
     4.91326
     4.98539
     5.00952
     4.98539
     4.91326
     4.79381
     4.62819
       4.418
     4.16526
     3.87241
     3.54226
       3.178
     2.78313
     2.36147
     1.91706
     1.45418
    0.977306
    0.491018
    0.480201
    0.955776
     1.42215
     1.87482
     2.30944
     2.72182
     3.10799
     3.46422
     3.78709
     4.07349
     4.32066
     4.52622
     4.68819
     4.80501
     4.87556
     4.89915
     4.87556
     4.80501
     4.68819
     4.52622
     4.32066
     4.07349
     3.78709
     3.46422
     3.10798
     2.72182
     2.30944
     1.87482
     1.42214
    0.955774
    0.480199
    0.469501
     0.93448
     1.39046
     1.83305
     2.25798
     2.66117
     3.03874
     3.38703
     3.70271
     3.98273
     4.22439
     4.42537
     4.58373
     4.69795
     4.76692
     4.78999
     4.76692
     4.69795
     4.58373
     4.42537
     4.22439
     3.98273
     3.70271
     3.38703
     3.03873
     2.66117
     2.25798
     1.83305
     1.39046
    0.934478
      0.4695
     0.45892
     0.91342
     1.35912
     1.79174
      2.2071
      2.6012
     2.97025
      3.3107
     3.61926
     3.89297
     4.12919
     4.32564
     4.48043
     4.59207
     4.65949
     4.68203
     4.65949
     4.59207
     4.48042
     4.32563
     4.12918
     3.89297
     3.61926
      3.3107
     2.97025
      2.6012
     2.20709
     1.79173
     1.35912
    0.913418
    0.458919
    0.448457
    0.892595
     1.32814
     1.75089
     2.15678
      2.5419
     2.90253
     3.23522
     3.53675
     3.80421
     4.03505
     4.22702
     4.37828
     4.48738
     4.55326
     4.57529
     4.55326
     4.48738
     4.37828
     4.22701
     4.03504
     3.80421
     3.53674
     3.23522
     2.90253
     2.54189
     2.15677
     1.75089
     1.32813
    0.892594
    0.448456
    0.438113
    0.872006
      1.2975
      1.7105
     2.10703
     2.48326
     2.83558
     3.16059
     3.45517
     3.71646
     3.94197
     4.12951
     4.27729
     4.38387
     4.44823
     4.46975
     4.44823
     4.38387
     4.27729
     4.12951
     3.94197
     3.71646
     3.45516
     3.16059
     2.83558
     2.48326
     2.10703
      1.7105
      1.2975
    0.872005
    0.438112
    0.427886
    0.851652
     1.26722
     1.67057
     2.05785
      2.4253
     2.76939
     3.08682
     3.37452
     3.62972
     3.84996
     4.03312
     4.17745
     4.28154
      4.3444
     4.36542
      4.3444
     4.28154
     4.17745
     4.03312
     3.84996
     3.62972
     3.37452
     3.08682
     2.76939
      2.4253
     2.05785
     1.67057
     1.26721
    0.851651
    0.427886
    0.417778
    0.831533
     1.23728
     1.63111
     2.00923
     2.36801
     2.70397
      3.0139
      3.2948
     3.54397
     3.75901
     3.93785
     4.07877
      4.1804
     4.24178
      4.2623
     4.24178
      4.1804
     4.07877
     3.93785
     3.75901
     3.54397
      3.2948
      3.0139
     2.70398
     2.36801
     2.00923
     1.63111
     1.23728
    0.831533
    0.417778
    0.407789
     0.81165
     1.20769
     1.59211
     1.96119
     2.31138
     2.63932
     2.94184
     3.21602
     3.45923
     3.66913
     3.84369
     3.98124
     4.08044
     4.14035
     4.16039
     4.14035
     4.08045
     3.98124
      3.8437
     3.66913
     3.45924
     3.21602
     2.94184
     2.63932
     2.31139
     1.96119
     1.59211
      1.2077
    0.811651
    0.407789
    0.397918
    0.792003
     1.17846
     1.55357
     1.91372
     2.25543
     2.57543
     2.87062
     3.13817
      3.3755
     3.58032
     3.75065
     3.88487
     3.98167
     4.04013
     4.05968
     4.04013
     3.98167
     3.88487
     3.75066
     3.58032
      3.3755
     3.13818
     2.87063
     2.57543
     2.25544
     1.91372
     1.55357
     1.17846
    0.792004
    0.397918
    0.388165
    0.772591
     1.14958
     1.51549
     1.86681
     2.20015
     2.51231
     2.80027
     3.06126
     3.29277
     3.49256
     3.65873
     3.78965
     3.88408
     3.94111
     3.96018
     3.94111
     3.88409
     3.78966
     3.65873
     3.49257
     3.29277
     3.06126
     2.80027
     2.51231
     2.20016
     1.86682
      1.5155
     1.14958
    0.772593
    0.388166
     0.37853
    0.753415
     1.12104
     1.47788
     1.82048
     2.14555
     2.44995
     2.73076
     2.98527
     3.21104
     3.40588
     3.56791
     3.69559
     3.78768
     3.84329
     3.86188
     3.84329
     3.78768
     3.69559
     3.56792
     3.40588
     3.21104
     2.98528
     2.73077
     2.44996
     2.14555
     1.82048
     1.47788
     1.12105
    0.753417
    0.378531
    0.369014
    0.734474
     1.09286
     1.44072
     1.77471
     2.09161
     2.38836
     2.66211
     2.91022
     3.13031
     3.32025
     3.47822
     3.60268
     3.69246
     3.74667
      3.7648
     3.74667
     3.69246
     3.60269
     3.47822
     3.32026
     3.13032
     2.91023
     2.66212
     2.38836
     2.09161
     1.77472
     1.44073
     1.09286
    0.734477
    0.369015
    0.359616
    0.715768
     1.06503
     1.40403
     1.72951
     2.03834
     2.32753
     2.59431
     2.83611
     3.05059
     3.23569
     3.38963
     3.51093
     3.59842
     3.65125
     3.66892
     3.65125
     3.59842
     3.51093
     3.38964
      3.2357
     3.05059
     2.83611
     2.59432
     2.32754
     2.03834
     1.72952
     1.40404
     1.06503
    0.715771
    0.359617
    0.350336
    0.697298
     1.03754
      1.3678
     1.68488
     1.98574
     2.26747
     2.52737
     2.76292
     2.97187
      3.1522
     3.30217
     3.42033
     3.50556
     3.55703
     3.57424
     3.55703
     3.50556
     3.42034
     3.30217
      3.1522
     2.97187
     2.76293
     2.52737
     2.26748
     1.98574
     1.68489
      1.3678
     1.03755
    0.697301
    0.350337
    0.341175
    0.679063
     1.01041
     1.33203
     1.64082
     1.93381
     2.20818
     2.46128
     2.69067
     2.89415
     3.06976
     3.21581
     3.33089
     3.41389
     3.46401
     3.48077
     3.46401
     3.41389
     3.33089
     3.21581
     3.06977
     2.89416
     2.69067
     2.46128
     2.20818
     1.93381
     1.64083
     1.33203
     1.01042
    0.679066
    0.341176
    0.332131
    0.661064
     0.98363
     1.29672
     1.59733
     1.88255
     2.14965
     2.39604
     2.61935
     2.81744
      2.9884
     3.13057
      3.2426
      3.3234
     3.37219
     3.38851
     3.37219
      3.3234
      3.2426
     3.13057
      2.9884
     2.81744
     2.61935
     2.39604
     2.14965
     1.88255
     1.59733
     1.29673
    0.983632
    0.661065
    0.332132
    0.323206
      0.6433
    0.957198
     1.26188
     1.55441
     1.83196
     2.09188
     2.33165
     2.54896
     2.74173
     2.90809
     3.04645
     3.15546
     3.23409
     3.28157
     3.29745
     3.28157
     3.23409
     3.15546
     3.04645
     2.90809
     2.74173
     2.54896
     2.33165
     2.09188
     1.83196
     1.55441
     1.26188
    0.957199
    0.643301
    0.323207
      0.3144
    0.625771
    0.931117
     1.22749
     1.51205
     1.78205
     2.03488
     2.26812
     2.47951
     2.66702
     2.82885
     2.96344
     3.06948
     3.14597
     3.19215
      3.2076
     3.19215
     3.14596
     3.06948
     2.96343
     2.82885
     2.66702
     2.47951
     2.26811
     2.03488
     1.78204
     1.51205
     1.22749
    0.931115
    0.625771
    0.314399
    0.305711
    0.608478
    0.905385
     1.19357
     1.47027
      1.7328
     1.97865
     2.20544
     2.41099
     2.59332
     2.75067
     2.88154
     2.98465
     3.05902
     3.10393
     3.11895
     3.10393
     3.05902
     2.98465
     2.88154
     2.75067
     2.59331
     2.41098
     2.20543
     1.97864
     1.73279
     1.47026
     1.19357
    0.905382
    0.608476
     0.30571
    0.297141
     0.59142
    0.880003
     1.16011
     1.42905
     1.68422
     1.92317
     2.14361
     2.34339
     2.52061
     2.67356
     2.80076
     2.90098
     2.97327
     3.01692
     3.03151
     3.01692
     2.97326
     2.90097
     2.80075
     2.67355
     2.52061
     2.34339
      2.1436
     1.92317
     1.68421
     1.42904
     1.16011
    0.879999
    0.591417
    0.297139
    0.288689
    0.574597
    0.854972
     1.12711
      1.3884
     1.63631
     1.86847
     2.08263
     2.27674
     2.44891
     2.59751
     2.72109
     2.81846
     2.88869
      2.9311
     2.94528
      2.9311
     2.88869
     2.81845
     2.72108
      2.5975
     2.44891
     2.27673
     2.08262
     1.86846
      1.6363
     1.38839
      1.1271
    0.854966
    0.574593
    0.288687
    0.280355
    0.558009
     0.83029
     1.09457
     1.34832
     1.58908
     1.81453
     2.02251
     2.21101
     2.37822
     2.52252
     2.64253
     2.73709
     2.80529
     2.84648
     2.86025
     2.84648
     2.80529
     2.73709
     2.64253
     2.52251
     2.37821
       2.211
      2.0225
     1.81452
     1.58907
     1.34831
     1.09457
    0.830283
    0.558004
    0.280352
    0.272139
    0.541657
    0.805958
      1.0625
      1.3088
     1.54251
     1.76135
     1.96324
     2.14621
     2.30852
      2.4486
     2.56509
     2.65688
     2.72309
     2.76306
     2.77643
     2.76306
     2.72308
     2.65688
     2.56508
     2.44859
     2.30851
     2.14621
     1.96323
     1.76134
      1.5425
     1.30879
     1.06249
    0.805951
    0.541652
    0.272136
    0.264041
    0.525539
    0.781976
     1.03088
     1.26986
     1.49661
     1.70894
     1.90482
     2.08235
     2.23983
     2.37574
     2.48877
     2.57782
     2.64206
     2.68085
     2.69382
     2.68085
     2.64206
     2.57782
     2.48876
     2.37573
     2.23982
     2.08234
     1.90481
     1.70893
      1.4966
     1.26985
     1.03087
     0.78197
    0.525534
    0.264039
    0.256062
    0.509657
    0.758344
    0.999728
     1.23148
     1.45138
      1.6573
     1.84726
     2.01942
     2.17214
     2.30394
     2.41355
     2.49992
     2.56221
     2.59983
     2.61241
     2.59983
     2.56221
     2.49992
     2.41355
     2.30394
     2.17214
     2.01942
     1.84725
     1.65729
     1.45137
     1.23148
    0.999721
    0.758339
    0.509653
    0.256059
      0.2482
     0.49401
    0.735062
    0.969036
     1.19368
     1.40682
     1.60642
     1.79054
     1.95743
     2.10546
     2.23321
     2.33946
     2.42317
     2.48355
     2.52002
     2.53221
     2.52002
     2.48355
     2.42317
     2.33945
     2.23321
     2.10545
     1.95742
     1.79054
     1.60641
     1.40682
     1.19367
    0.969031
    0.735059
    0.494007
    0.248199
    0.240457
    0.478599
    0.712131
    0.938805
     1.15644
     1.36293
      1.5563
     1.73468
     1.89636
     2.03977
     2.16354
     2.26648
     2.34758
     2.40608
      2.4414
     2.45321
      2.4414
     2.40608
     2.34758
     2.26647
     2.16354
     2.03977
     1.89636
     1.73468
      1.5563
     1.36293
     1.15644
    0.938803
    0.712129
    0.478597
    0.240456
    0.232832
    0.463422
    0.689549
    0.909036
     1.11977
     1.31972
     1.50695
     1.67968
     1.83623
     1.97509
     2.09494
     2.19461
     2.27314
     2.32978
     2.36399
     2.37543
     2.36399
     2.32979
     2.27314
     2.19461
     2.09494
      1.9751
     1.83623
     1.67968
     1.50696
     1.31972
     1.11977
    0.909037
     0.68955
    0.463423
    0.232833
    0.225326
    0.448481
    0.667318
    0.879728
     1.08367
     1.27717
     1.45837
     1.62553
     1.77703
     1.91142
      2.0274
     2.12385
     2.19986
     2.25467
     2.28778
     2.29885
     2.28778
     2.25468
     2.19986
     2.12386
     2.02741
     1.91142
     1.77704
     1.62553
     1.45838
     1.27717
     1.08367
    0.879732
    0.667321
    0.448484
    0.225327
    0.217937
    0.433775
    0.645436
    0.850881
     1.04813
     1.23529
     1.41055
     1.57223
     1.71876
     1.84874
     1.96092
     2.05422
     2.12773
     2.18075
     2.21277
     2.22347
     2.21277
     2.18075
     2.12773
     2.05422
     1.96093
     1.84876
     1.71877
     1.57224
     1.41056
      1.2353
     1.04814
     0.85089
    0.645443
     0.43378
    0.217939
    0.210667
    0.419305
    0.623905
    0.822497
     1.01317
     1.19408
      1.3635
     1.51978
     1.66143
     1.78707
     1.89551
     1.98569
     2.05675
       2.108
     2.13895
      2.1493
     2.13896
     2.10801
     2.05676
      1.9857
     1.89552
     1.78709
     1.66144
     1.51979
     1.36351
      1.1941
     1.01318
    0.822508
    0.623914
    0.419311
     0.21067
    0.203515
     0.40507
    0.602725
    0.794575
    0.978773
     1.15355
     1.31721
     1.46819
     1.60503
     1.72641
     1.83116
     1.91828
     1.98693
     2.03644
     2.06634
     2.07634
     2.06635
     2.03645
     1.98694
     1.91829
     1.83118
     1.72642
     1.60504
      1.4682
     1.31722
     1.15356
    0.978787
    0.794587
    0.602734
    0.405077
    0.203519
    0.196481
    0.391071
    0.581894
    0.767114
    0.944946
     1.11368
     1.27169
     1.41745
     1.54956
     1.66674
     1.76788
     1.85199
     1.91826
     1.96606
     1.99493
     2.00459
     1.99493
     1.96607
     1.91827
       1.852
     1.76789
     1.66676
     1.54957
     1.41746
      1.2717
     1.11369
    0.944961
    0.767127
    0.581904
    0.391078
    0.196485
    0.189566
    0.377306
    0.561414
    0.740115
    0.911689
     1.07448
     1.22693
     1.36756
     1.49502
     1.60808
     1.70566
     1.78681
     1.85075
     1.89687
     1.92472
     1.93403
     1.92472
     1.89687
     1.85076
     1.78682
     1.70567
      1.6081
     1.49503
     1.36757
     1.22694
      1.0745
    0.911702
    0.740127
    0.561424
    0.377314
     0.18957
    0.182769
    0.363778
    0.541284
    0.713578
       0.879
     1.03596
     1.18294
     1.31852
     1.44142
     1.55042
      1.6445
     1.72274
     1.78439
     1.82885
     1.85571
     1.86469
     1.85571
     1.82886
      1.7844
     1.72275
     1.64451
     1.55043
     1.44143
     1.31854
     1.18295
     1.03597
    0.879011
    0.713588
    0.541292
    0.363784
    0.182772
     0.17609
    0.350485
    0.521504
    0.687502
    0.846879
      0.9981
     1.13971
     1.27034
     1.38874
     1.49377
     1.58441
     1.65979
     1.71918
     1.76202
     1.78789
     1.79654
     1.78789
     1.76202
     1.71919
     1.65979
     1.58441
     1.49377
     1.38875
     1.27035
     1.13972
    0.998109
    0.846887
    0.687509
    0.521511
    0.350489
    0.176093
     0.16953
    0.337427
    0.502075
    0.661888
    0.815327
    0.960914
     1.09725
     1.22301
       1.337
     1.43811
     1.52537
     1.59795
     1.65513
     1.69637
     1.72128
     1.72961
     1.72128
     1.69637
     1.65513
     1.59795
     1.52538
     1.43812
       1.337
     1.22302
     1.09725
    0.960918
    0.815331
    0.661892
    0.502079
     0.33743
    0.169531
    0.163087
    0.324604
    0.482995
    0.636734
    0.784342
    0.924396
     1.05555
     1.17653
     1.28619
     1.38346
      1.4674
     1.53722
     1.59223
      1.6319
     1.65586
     1.66387
     1.65586
      1.6319
     1.59223
     1.53722
      1.4674
     1.38346
     1.28619
     1.17653
     1.05555
    0.924397
    0.784343
    0.636736
    0.482996
    0.324605
    0.163088
    0.156763
    0.312016
    0.464265
    0.612043
    0.753926
    0.888549
     1.01461
     1.13091
     1.23631
     1.32981
      1.4105
      1.4776
     1.53048
     1.56861
     1.59164
     1.59934
     1.59164
     1.56861
     1.53048
      1.4776
     1.41049
      1.3298
     1.23631
     1.13091
     1.01461
    0.888546
    0.753924
    0.612041
    0.464264
    0.312016
    0.156763
    0.150557
    0.299664
    0.445885
    0.587812
    0.724078
    0.853371
    0.974445
     1.08613
     1.18736
     1.27716
     1.35465
      1.4191
     1.46988
     1.50651
     1.52863
     1.53602
     1.52863
     1.50651
     1.46988
      1.4191
     1.35465
     1.27715
     1.18736
     1.08613
    0.974438
    0.853364
    0.724072
    0.587807
    0.445881
    0.299661
    0.150556
    0.144469
    0.287546
    0.427855
    0.564042
    0.694798
    0.818862
     0.93504
     1.04221
     1.13935
     1.22551
     1.29987
     1.36172
     1.41044
     1.44559
     1.46681
     1.47391
     1.46681
     1.44558
     1.41044
     1.36171
     1.29987
      1.2255
     1.13934
      1.0422
     0.93503
    0.818853
    0.694789
    0.564034
    0.427848
    0.287542
    0.144467
    0.138499
    0.275664
    0.410174
    0.540734
    0.666086
    0.785023
      0.8964
    0.999144
     1.09227
     1.17487
     1.24616
     1.30544
     1.35216
     1.38585
     1.40619
       1.413
     1.40619
     1.38584
     1.35215
     1.30543
     1.24615
     1.17486
     1.09225
    0.999132
    0.896388
    0.785011
    0.666075
    0.540724
    0.410166
    0.275658
    0.138496
    0.132647
    0.264016
    0.392843
    0.517886
    0.637942
    0.751854
    0.858525
    0.956928
     1.04611
     1.12523
      1.1935
     1.25028
     1.29502
     1.32729
     1.34678
     1.35329
     1.34677
     1.32729
     1.29502
     1.25027
     1.19349
     1.12521
      1.0461
    0.956913
    0.858511
     0.75184
    0.637929
    0.517875
    0.392834
    0.264009
    0.132643
    0.126913
    0.252604
    0.375862
      0.4955
    0.610366
    0.719354
    0.821414
    0.915563
     1.00089
     1.07659
     1.14191
     1.19624
     1.23904
     1.26992
     1.28856
     1.29479
     1.28856
     1.26991
     1.23904
     1.19623
      1.1419
     1.07657
     1.00088
    0.915549
      0.8214
     0.71934
    0.610353
    0.495488
    0.375852
    0.252597
     0.12691
    0.121298
    0.241427
    0.359231
    0.473575
    0.583359
    0.687524
    0.785068
    0.875051
    0.956607
     1.02895
     1.09138
     1.14331
     1.18422
     1.21373
     1.23154
      1.2375
     1.23154
     1.21372
     1.18421
      1.1433
     1.09137
     1.02894
    0.956595
    0.875038
    0.785055
    0.687511
    0.583347
    0.473564
    0.359222
     0.24142
    0.121294
      0.1158
    0.230485
    0.342949
    0.452111
    0.556919
    0.656364
    0.749487
    0.835392
    0.913252
    0.982317
     1.04192
     1.09149
     1.13055
     1.15872
     1.17573
     1.18142
     1.17573
     1.15872
     1.13054
     1.09149
     1.04191
    0.982309
    0.913243
    0.835383
    0.749477
    0.656354
     0.55691
    0.452103
    0.342942
    0.230479
    0.115797
    0.110421
    0.219778
    0.327018
    0.431109
    0.531049
    0.625874
    0.714671
    0.796586
    0.870829
    0.936686
    0.993522
     1.04079
     1.07803
      1.1049
     1.12112
     1.12654
     1.12112
     1.10489
     1.07803
     1.04079
    0.993518
    0.936681
    0.870824
     0.79658
    0.714665
    0.625867
    0.531043
    0.431103
    0.327013
    0.219774
    0.110418
    0.105159
    0.209306
    0.311437
    0.410569
    0.505747
    0.596054
    0.680621
    0.758633
    0.829339
    0.892059
    0.946187
    0.991203
     1.02667
     1.05226
      1.0677
     1.07287
      1.0677
     1.05225
     1.02667
    0.991202
    0.946186
    0.892058
    0.829338
    0.758632
    0.680619
    0.596052
    0.505744
    0.410566
    0.311435
    0.209304
    0.105158
    0.100016
     0.19907
    0.296206
    0.390489
    0.481013
    0.566904
    0.647335
    0.721532
    0.788781
    0.848433
    0.899915
    0.942729
    0.976465
      1.0008
     1.01549
      1.0204
     1.01549
      1.0008
    0.976467
    0.942732
    0.899918
    0.848437
    0.788784
    0.721536
    0.647338
    0.566906
    0.481015
    0.390491
    0.296207
     0.19907
    0.100017
   0.0949918
    0.189069
    0.281325
    0.370872
    0.456848
    0.538424
    0.614815
    0.685285
    0.749155
    0.805811
    0.854706
    0.895371
    0.927412
    0.950522
    0.964478
    0.969145
    0.964479
    0.950525
    0.927416
    0.895376
    0.854713
    0.805819
    0.749163
    0.685293
    0.614823
    0.538431
    0.456855
    0.370878
    0.281329
    0.189072
   0.0949933
   0.0900854
    0.179303
    0.266794
    0.351716
    0.433251
    0.510614
    0.583059
    0.649889
    0.710461
     0.76419
    0.810561
    0.849125
    0.879512
    0.901428
    0.914664
    0.919091
    0.914666
    0.901433
    0.879518
    0.849134
    0.810571
    0.764202
    0.710473
    0.649902
    0.583072
    0.510626
    0.433262
    0.351726
    0.266802
    0.179309
   0.0900881
    0.085297
    0.169772
    0.252613
    0.333021
    0.410222
    0.483473
    0.552068
    0.615346
    0.672698
    0.723572
    0.767478
    0.803993
    0.832765
    0.853517
    0.866049
    0.870241
    0.866052
    0.853523
    0.832774
    0.804004
    0.767492
    0.723588
    0.672715
    0.615363
    0.552085
    0.483489
    0.410237
    0.333034
    0.252623
     0.16978
   0.0853007
   0.0806266
    0.160477
    0.238782
    0.314787
    0.387762
    0.457002
    0.521841
    0.581655
    0.635867
    0.683956
    0.725458
    0.759974
    0.787171
    0.806787
    0.818634
    0.822596
    0.818637
    0.806794
    0.787181
    0.759987
    0.725474
    0.683974
    0.635886
    0.581675
    0.521861
    0.457021
    0.387779
    0.314803
    0.238794
    0.160486
   0.0806311
   0.0760744
    0.151416
      0.2253
    0.297015
    0.365869
      0.4312
    0.492379
    0.548816
    0.599968
    0.645342
    0.684502
    0.717069
    0.742731
     0.76124
    0.772418
    0.776157
    0.772422
    0.761248
    0.742742
    0.717083
    0.684518
    0.645361
    0.599988
    0.548836
    0.492399
    0.431219
    0.365887
     0.29703
    0.225312
    0.151425
   0.0760788
   0.0716403
    0.142591
    0.212168
    0.279703
    0.344545
    0.406068
    0.463681
    0.516829
       0.565
     0.60773
    0.644607
    0.675277
    0.699443
    0.716874
      0.7274
    0.730922
    0.727404
    0.716881
    0.699454
    0.675291
    0.644623
    0.607748
    0.565019
    0.516849
      0.4637
    0.406086
    0.344561
    0.279718
     0.21218
    0.142599
   0.0716446
   0.0673246
    0.134001
    0.199387
    0.262854
    0.323789
    0.381607
    0.435749
    0.485696
    0.530965
    0.571121
    0.605777
    0.634598
    0.657309
    0.673689
    0.683581
     0.68689
    0.683584
    0.673694
    0.657317
    0.634609
    0.605788
    0.571134
    0.530979
    0.485711
    0.435764
    0.381621
    0.323802
    0.262865
    0.199397
    0.134008
   0.0673282
   0.0631269
    0.125646
    0.186956
    0.246465
    0.303601
    0.357814
    0.408581
    0.455413
     0.49786
    0.535512
    0.568007
    0.595032
    0.616326
    0.631685
     0.64096
    0.644062
    0.640961
    0.631688
    0.616331
    0.595038
    0.568015
    0.535521
     0.49787
    0.455424
    0.408592
    0.357825
    0.303611
    0.246474
    0.186963
    0.125652
   0.0631299
   0.0590477
    0.117527
    0.174874
    0.230538
    0.283982
    0.334691
    0.382177
    0.425982
    0.465685
    0.500903
    0.531298
    0.556575
    0.576493
    0.590858
    0.599533
    0.602435
    0.599534
     0.59086
    0.576495
    0.556579
    0.531302
    0.500909
    0.465691
    0.425989
    0.382184
    0.334698
    0.283989
    0.230545
     0.17488
    0.117531
   0.0590499
   0.0550863
    0.109642
    0.163142
    0.215071
    0.264929
    0.312236
    0.356536
    0.397402
     0.43444
    0.467295
    0.495649
    0.519231
    0.537811
    0.551212
    0.559305
    0.562011
    0.559305
    0.551213
    0.537812
    0.519232
    0.495651
    0.467297
    0.434443
    0.397405
    0.356539
     0.31224
    0.264933
    0.215075
    0.163146
    0.109645
   0.0550878
   0.0512426
    0.101992
    0.151759
    0.200064
    0.246442
    0.290447
    0.331655
    0.369669
    0.404122
    0.434684
    0.461059
    0.482995
    0.500279
    0.512745
    0.520273
    0.522791
    0.520274
    0.512746
    0.500281
    0.482998
    0.461062
    0.434687
    0.404125
    0.369672
    0.331657
     0.29045
    0.246444
    0.200066
     0.15176
    0.101993
   0.0512434
   0.0475169
   0.0945761
    0.140724
    0.185517
    0.228522
    0.269327
    0.307538
    0.342787
    0.374735
    0.403074
    0.427531
    0.447871
    0.463899
    0.475458
    0.482439
    0.484774
     0.48244
     0.47546
    0.463901
    0.447875
    0.427535
    0.403077
    0.374738
    0.342789
    0.307539
    0.269328
    0.228522
    0.185516
    0.140724
   0.0945761
   0.0475169
   0.0439082
   0.0873934
    0.130036
    0.171427
    0.211167
    0.248873
    0.284182
    0.316754
    0.346276
    0.372464
    0.395064
     0.41386
     0.42867
    0.439352
    0.445803
    0.447961
    0.445804
    0.439354
    0.428672
    0.413862
    0.395066
    0.372465
    0.346277
    0.316754
    0.284181
    0.248871
    0.211165
    0.171425
    0.130035
   0.0873919
   0.0439074
   0.0404175
   0.0804458
    0.119699
    0.157799
     0.19438
    0.229088
     0.26159
    0.291574
    0.318749
    0.342855
    0.363659
    0.380961
    0.394594
    0.404428
    0.410365
    0.412351
    0.410366
    0.404428
    0.394595
    0.380962
    0.363659
    0.342855
    0.318748
    0.291572
    0.261588
    0.229085
    0.194376
    0.157795
    0.119695
    0.080443
   0.0404161
   0.0370449
   0.0737331
    0.109711
    0.144632
    0.178161
    0.209973
    0.239764
    0.267246
    0.292154
    0.314248
    0.333316
    0.349175
     0.36167
    0.370682
    0.376123
    0.377943
    0.376122
     0.37068
    0.361667
    0.349171
    0.333312
    0.314243
    0.292148
     0.26724
    0.239758
    0.209967
    0.178155
    0.144627
    0.109706
   0.0737295
   0.0370432
   0.0337905
   0.0672555
    0.100073
    0.131926
     0.16251
    0.191528
    0.218701
    0.243769
    0.266489
    0.286643
    0.304035
      0.3185
    0.329897
    0.338117
     0.34308
    0.344739
    0.343078
    0.338113
    0.329891
    0.318493
    0.304027
    0.286634
     0.26648
     0.24376
    0.218693
     0.19152
    0.162502
     0.13192
    0.100068
   0.0672516
   0.0337885
   0.0306546
    0.061014
   0.0907856
    0.119683
    0.147427
    0.173752
    0.198403
    0.221144
    0.241754
    0.260037
    0.275815
    0.288936
    0.299275
    0.306731
    0.311233
    0.312739
    0.311232
    0.306728
     0.29927
    0.288931
    0.275808
     0.26003
    0.241748
    0.221137
    0.198397
    0.173746
    0.147422
    0.119678
   0.0907822
   0.0610115
   0.0306534
   0.0276368
   0.0550074
   0.0818477
      0.1079
    0.132912
    0.156645
    0.178869
     0.19937
     0.21795
    0.234432
    0.248656
    0.260485
    0.269805
    0.276527
    0.280586
    0.281943
    0.280585
    0.276525
    0.269802
    0.260481
    0.248651
    0.234427
    0.217946
    0.199365
    0.178865
    0.156641
    0.132909
    0.107897
   0.0818459
   0.0550062
   0.0276362
   0.0247368
   0.0492353
   0.0732587
   0.0965766
    0.118964
    0.140206
    0.160097
    0.178446
    0.195077
    0.209829
     0.22256
    0.233148
     0.24149
    0.247507
     0.25114
    0.252355
     0.25114
    0.247506
     0.24149
    0.233147
     0.22256
    0.209829
    0.195078
    0.178447
    0.160098
    0.140207
    0.118965
   0.0965779
   0.0732596
   0.0492357
    0.024737
   0.0219547
   0.0436979
   0.0650189
   0.0857138
    0.105583
    0.124435
    0.142088
    0.158374
    0.173134
    0.186226
    0.197526
    0.206923
    0.214327
    0.219667
    0.222892
    0.223971
    0.222892
    0.219668
    0.214328
    0.206925
    0.197529
     0.18623
    0.173139
    0.158379
    0.142094
     0.12444
    0.105588
   0.0857178
   0.0650217
   0.0436994
   0.0219554
   0.0192899
   0.0383941
   0.0571276
    0.075311
   0.0927689
    0.109333
    0.124845
    0.139154
    0.152123
    0.163627
    0.173555
    0.181811
    0.188317
    0.193009
    0.195842
     0.19679
    0.195842
    0.193009
    0.188318
    0.181813
    0.173557
    0.163629
    0.152126
    0.139157
    0.124848
    0.109337
   0.0927715
   0.0753132
    0.057129
   0.0383947
   0.0192902
   0.0167432
   0.0333251
   0.0495856
   0.0653686
   0.0805221
   0.0949002
    0.108364
    0.120785
    0.132042
    0.142027
    0.150645
    0.157811
    0.163458
     0.16753
    0.169989
    0.170811
    0.169989
     0.16753
    0.163458
    0.157811
    0.150645
    0.142028
    0.132043
    0.120786
    0.108365
   0.0949013
   0.0805229
   0.0653691
   0.0495857
   0.0333248
    0.016743
   0.0143147
   0.0284916
   0.0423937
   0.0558876
   0.0688431
   0.0811357
   0.0926466
    0.103265
    0.112889
    0.121426
    0.128793
    0.134919
    0.139746
    0.143228
     0.14533
    0.146032
    0.145329
    0.143226
    0.139745
    0.134917
     0.12879
    0.121423
    0.112886
    0.103262
   0.0926435
   0.0811327
   0.0688404
   0.0558852
   0.0423919
   0.0284903
   0.0143141
    0.012004
   0.0238925
   0.0355506
   0.0468665
   0.0577306
   0.0680389
   0.0776914
   0.0865958
   0.0946657
    0.101824
    0.108001
    0.113139
    0.117186
    0.120105
    0.121867
    0.122456
    0.121867
    0.120104
    0.117184
    0.113136
    0.107997
    0.101819
   0.0946605
   0.0865901
   0.0776857
   0.0680333
   0.0577258
   0.0468624
   0.0355478
   0.0238908
   0.0120032
  0.00981086
   0.0195272
   0.0290551
   0.0383032
   0.0471819
   0.0556064
   0.0634949
   0.0707721
   0.0773674
   0.0832178
   0.0882665
   0.0924653
   0.0957736
   0.0981597
   0.0996007
    0.100083
    0.099601
   0.0981602
   0.0957741
   0.0924657
   0.0882666
   0.0832175
   0.0773668
   0.0707711
   0.0634937
   0.0556049
   0.0471807
   0.0383021
   0.0290545
   0.0195271
  0.00981081
   0.0077355
   0.0153965
   0.0229085
      0.0302
   0.0372001
   0.0438421
   0.0500616
   0.0557992
   0.0609993
   0.0656121
   0.0695931
   0.0729041
   0.0755131
    0.077395
   0.0785318
   0.0789123
   0.0785329
   0.0773972
   0.0755161
   0.0729077
    0.069597
    0.065616
    0.061003
   0.0558026
   0.0500646
   0.0438446
   0.0372023
   0.0302018
   0.0229101
   0.0153979
  0.00773617
  0.00577716
   0.0114987
   0.0171091
   0.0225549
   0.0277834
   0.0327446
   0.0373906
   0.0416767
   0.0455619
   0.0490083
    0.051983
   0.0544572
    0.056407
   0.0578136
   0.0586635
   0.0589484
   0.0586654
   0.0578175
   0.0564125
   0.0544642
    0.051991
   0.0490171
   0.0455708
   0.0416856
   0.0373987
   0.0327518
   0.0277896
   0.0225599
   0.0171129
   0.0115012
  0.00577838
  0.00393677
  0.00783568
    0.011659
   0.0153703
    0.018934
   0.0223154
   0.0254828
   0.0284049
   0.0310541
   0.0334044
   0.0354333
    0.037121
   0.0384511
   0.0394109
    0.039991
    0.040186
   0.0399936
    0.039416
   0.0384584
   0.0371303
   0.0354441
   0.0334166
   0.0310667
   0.0284176
   0.0254945
   0.0223261
   0.0189429
   0.0153774
   0.0116641
  0.00783872
  0.00393829
  0.00221468
  0.00440808
  0.00655971
  0.00864832
   0.0106545
   0.0125582
   0.0143418
   0.0159873
   0.0174795
   0.0188034
   0.0199464
   0.0208973
   0.0216468
   0.0221878
   0.0225149
   0.0226252
    0.022517
    0.022192
   0.0216526
   0.0209046
   0.0199545
   0.0188122
   0.0174881
   0.0159956
   0.0143492
   0.0125647
   0.0106599
   0.0086526
  0.00656282
  0.00440999
  0.00221563
 0.000610399
  0.00121496
  0.00180921
  0.00238616
   0.0029413
   0.0034682
  0.00396255
  0.00441882
  0.00483294
  0.00520057
  0.00551805
  0.00578241
   0.0059909
  0.00614173
  0.00623303
  0.00626433
  0.00623465
  0.00614493
  0.00599514
   0.0057876
  0.00552339
  0.00520597
  0.00483769
  0.00442282
   0.0039659
  0.00347086
  0.00294349
  0.00238786
  0.00181053
  0.00121586
 0.000610856
-0.000875238
 -0.00174201
 -0.00259065
 -0.00341424
 -0.00420397
 -0.00495313
 -0.00565399
 -0.00630032
 -0.00688583
 -0.00740499
 -0.00785313
  -0.0082256
 -0.00851923
 -0.00873079
 -0.00885862
 -0.00890112
 -0.00885829
 -0.00873016
 -0.00851848
  -0.0082248
 -0.00785249
 -0.00740462
 -0.00688588
 -0.00630086
 -0.00565464
 -0.00495394
 -0.00420456
 -0.00341466
 -0.00259076
 -0.00174185
-0.000875148
  -0.0022433
 -0.00446496
 -0.00664234
 -0.00875568
  -0.0107839
  -0.0127082
  -0.0145098
  -0.0161715
  -0.0176776
  -0.0190134
  -0.0201665
  -0.0211254
  -0.0218814
  -0.0224266
  -0.0227561
  -0.0228665
  -0.0227568
   -0.022428
  -0.0218834
  -0.0211281
  -0.0201696
  -0.0190169
  -0.0176813
  -0.0161755
  -0.0145134
  -0.0127116
  -0.0107865
 -0.00875763
 -0.00664346
 -0.00446529
 -0.00224345
 -0.00349381
 -0.00695395
  -0.0103464
  -0.0136392
  -0.0168002
  -0.0197994
  -0.0226077
  -0.0251981
   -0.027546
  -0.0296285
   -0.031426
  -0.0329207
  -0.0340986
  -0.0349481
  -0.0354612
  -0.0356328
  -0.0354613
  -0.0349484
  -0.0340989
  -0.0329212
  -0.0314267
  -0.0296296
  -0.0275473
  -0.0251997
  -0.0226092
   -0.019801
  -0.0168016
  -0.0136404
  -0.0103472
 -0.00695442
 -0.00349403
 -0.00462683
 -0.00920908
  -0.0137025
   -0.018064
  -0.0222514
  -0.0262244
  -0.0299448
  -0.0333767
  -0.0364873
  -0.0392464
  -0.0416275
  -0.0436077
  -0.0451679
  -0.0462931
  -0.0469725
  -0.0471995
   -0.046972
  -0.0462922
  -0.0451666
  -0.0436062
   -0.041626
  -0.0392451
  -0.0364862
   -0.033376
  -0.0299443
  -0.0262242
  -0.0222513
  -0.0180643
  -0.0137029
 -0.00920961
 -0.00462707
 -0.00564316
   -0.011232
  -0.0167124
  -0.0220319
  -0.0271392
  -0.0319851
  -0.0365229
  -0.0407088
  -0.0445025
  -0.0478676
  -0.0507714
  -0.0531863
  -0.0550887
  -0.0564606
  -0.0572886
   -0.057565
   -0.057287
  -0.0564575
  -0.0550846
  -0.0531814
  -0.0507664
  -0.0478626
  -0.0444978
  -0.0407045
   -0.036519
  -0.0319819
  -0.0271365
  -0.0220299
  -0.0167109
   -0.011231
 -0.00564265
 -0.00654198
   -0.013021
  -0.0193743
   -0.025541
  -0.0314619
  -0.0370797
  -0.0423402
  -0.0471929
  -0.0515907
  -0.0554916
  -0.0588577
   -0.061657
  -0.0638621
  -0.0654523
  -0.0664118
  -0.0667319
  -0.0664095
  -0.0654476
  -0.0638562
  -0.0616499
  -0.0588504
  -0.0554842
  -0.0515835
  -0.0471862
  -0.0423341
  -0.0370744
  -0.0314573
  -0.0255374
  -0.0193714
  -0.0130189
 -0.00654092
 -0.00732301
  -0.0145755
  -0.0216874
  -0.0285904
  -0.0352177
  -0.0415059
  -0.0473938
  -0.0528253
  -0.0577476
  -0.0621138
  -0.0658815
  -0.0690148
  -0.0714832
  -0.0732634
   -0.074338
  -0.0746967
  -0.0743364
  -0.0732603
  -0.0714793
  -0.0690099
  -0.0658762
  -0.0621082
  -0.0577419
  -0.0528196
  -0.0473882
  -0.0415005
  -0.0352128
   -0.028586
  -0.0216838
  -0.0145729
 -0.00732168
 -0.00798669
  -0.0158965
   -0.023653
  -0.0311817
  -0.0384094
  -0.0452672
  -0.0516883
  -0.0576117
  -0.0629797
  -0.0677413
  -0.0718503
  -0.0752675
  -0.0779599
  -0.0799016
   -0.081074
  -0.0814658
  -0.0810735
  -0.0799005
  -0.0779584
  -0.0752655
  -0.0718479
  -0.0677384
  -0.0629764
  -0.0576078
  -0.0516841
  -0.0452626
  -0.0384049
  -0.0311773
  -0.0236494
  -0.0158938
 -0.00798533
  -0.0085326
   -0.016983
  -0.0252698
  -0.0333132
  -0.0410352
   -0.048362
  -0.0552225
  -0.0615512
  -0.0672866
  -0.0723742
  -0.0767646
  -0.0804159
   -0.083293
   -0.085368
  -0.0866215
  -0.0870408
  -0.0866223
  -0.0853696
   -0.083295
  -0.0804181
  -0.0767665
  -0.0723755
  -0.0672873
  -0.0615508
  -0.0552215
  -0.0483602
  -0.0410331
  -0.0333108
  -0.0252679
  -0.0169816
 -0.00853189
 -0.00896142
  -0.0178365
  -0.0265398
  -0.0349875
  -0.0430978
  -0.0507931
  -0.0579987
  -0.0646459
    -0.07067
  -0.0760138
  -0.0806254
  -0.0844607
  -0.0874831
  -0.0896631
  -0.0909803
  -0.0914214
  -0.0909825
  -0.0896673
  -0.0874885
   -0.084467
  -0.0806316
  -0.0760195
  -0.0706748
  -0.0646492
  -0.0580011
  -0.0507942
  -0.0430983
  -0.0349873
  -0.0265397
  -0.0178365
 -0.00896141
 -0.00927345
  -0.0184576
  -0.0274636
  -0.0362052
  -0.0445976
  -0.0525607
  -0.0600173
   -0.066896
  -0.0731303
  -0.0786605
  -0.0834335
   -0.087403
  -0.0905314
   -0.092788
  -0.0941515
  -0.0946083
  -0.0941542
  -0.0927933
  -0.0905386
  -0.0874118
  -0.0834428
  -0.0786701
  -0.0731393
  -0.0669039
  -0.0600242
  -0.0525663
  -0.0446022
  -0.0362085
  -0.0274661
  -0.0184591
 -0.00927425
 -0.00946852
  -0.0188459
  -0.0280411
  -0.0369664
  -0.0455353
  -0.0536658
  -0.0612794
   -0.068303
   -0.074669
  -0.0803161
  -0.0851902
  -0.0892439
  -0.0924387
  -0.0947434
  -0.0961359
  -0.0966026
   -0.096139
  -0.0947493
  -0.0924472
  -0.0892544
  -0.0852019
  -0.0803286
  -0.0746815
  -0.0683149
  -0.0612903
  -0.0536752
  -0.0455434
  -0.0369727
  -0.0280459
  -0.0188488
 -0.00947004
 -0.00954628
  -0.0190007
  -0.0282718
  -0.0372707
  -0.0459107
  -0.0541087
  -0.0617859
  -0.0688682
  -0.0752877
  -0.0809823
  -0.0858975
  -0.0899855
  -0.0932075
  -0.0955319
  -0.0969364
  -0.0974074
  -0.0969402
  -0.0955393
  -0.0932182
   -0.089999
  -0.0859129
  -0.0809991
  -0.0753048
  -0.0688851
  -0.0618019
  -0.0541233
  -0.0459235
  -0.0372812
  -0.0282798
   -0.019006
   -0.009549
 -0.00950749
  -0.0189235
  -0.0281572
  -0.0371199
  -0.0457255
  -0.0538908
  -0.0615376
   -0.068592
  -0.0749864
  -0.0806587
  -0.0855549
  -0.0896271
  -0.0928366
  -0.0951521
  -0.0965513
  -0.0970207
  -0.0965555
  -0.0951604
  -0.0928486
  -0.0896424
  -0.0855725
  -0.0806783
  -0.0750067
  -0.0686126
  -0.0615574
  -0.0539092
  -0.0457418
  -0.0371336
  -0.0281679
  -0.0189307
 -0.00951117
 -0.00935255
  -0.0186151
  -0.0276987
  -0.0365157
  -0.0449815
  -0.0530143
  -0.0605371
   -0.067477
  -0.0737676
  -0.0793479
  -0.0841645
  -0.0881705
  -0.0913278
  -0.0936055
  -0.0949818
  -0.0954434
  -0.0949858
  -0.0936133
   -0.091339
   -0.088185
  -0.0841814
   -0.079367
  -0.0737878
  -0.0674978
  -0.0605574
  -0.0530336
  -0.0449989
  -0.0365306
  -0.0277104
  -0.0186233
  -0.0093567
 -0.00908118
  -0.0180749
  -0.0268953
  -0.0354568
  -0.0436775
  -0.0514777
  -0.0587827
  -0.0655217
  -0.0716302
  -0.0770488
  -0.0817258
  -0.0856157
  -0.0886814
  -0.0908929
  -0.0922293
  -0.0926773
  -0.0922329
  -0.0909001
  -0.0886917
  -0.0856292
  -0.0817417
  -0.0770669
  -0.0716496
  -0.0655421
   -0.058803
  -0.0514973
  -0.0436954
  -0.0354725
  -0.0269077
  -0.0180838
 -0.00908565
 -0.00869394
  -0.0173042
  -0.0257486
  -0.0339451
  -0.0418154
  -0.0492831
  -0.0562767
  -0.0627284
  -0.0685764
  -0.0737639
  -0.0782414
  -0.0819654
  -0.0849002
  -0.0870173
  -0.0882965
  -0.0887252
  -0.0882996
  -0.0870235
  -0.0849093
  -0.0819772
  -0.0782555
  -0.0737801
  -0.0685938
  -0.0627468
  -0.0562951
  -0.0493012
   -0.041832
  -0.0339598
  -0.0257604
  -0.0173127
 -0.00869825
 -0.00819045
   -0.016302
  -0.0242575
  -0.0319794
  -0.0393941
  -0.0464294
   -0.053018
  -0.0590961
  -0.0646054
  -0.0694925
  -0.0737106
  -0.0772188
  -0.0799834
  -0.0819777
  -0.0831826
  -0.0835864
  -0.0831852
  -0.0819829
   -0.079991
  -0.0772287
  -0.0737226
  -0.0695064
  -0.0646206
  -0.0591124
  -0.0530345
  -0.0464457
  -0.0394093
  -0.0319931
  -0.0242685
  -0.0163101
 -0.00819455
 -0.00757106
  -0.0150692
  -0.0224231
   -0.029561
  -0.0364149
   -0.042918
  -0.0490083
  -0.0546265
  -0.0597189
  -0.0642361
  -0.0681348
  -0.0713773
  -0.0739324
  -0.0757755
  -0.0768888
  -0.0772616
  -0.0768905
  -0.0757789
  -0.0739378
  -0.0713845
   -0.068144
  -0.0642472
  -0.0597315
  -0.0546405
  -0.0490228
   -0.042933
   -0.036429
  -0.0295741
  -0.0224338
  -0.0150773
 -0.00757517
 -0.00683572
  -0.0136056
  -0.0202452
  -0.0266899
   -0.032878
  -0.0387494
   -0.044248
  -0.0493204
  -0.0539179
  -0.0579961
  -0.0615158
   -0.064443
  -0.0667495
  -0.0684132
   -0.069418
  -0.0697542
  -0.0694189
   -0.068415
  -0.0667527
  -0.0644476
  -0.0615221
  -0.0580041
  -0.0539276
  -0.0493317
  -0.0442601
  -0.0387622
  -0.0328903
  -0.0267017
   -0.020255
  -0.0136133
 -0.00683957
 -0.00598472
  -0.0119118
  -0.0177247
  -0.0233668
  -0.0287843
  -0.0339246
  -0.0387382
  -0.0431787
  -0.0472034
  -0.0507734
  -0.0538545
  -0.0564168
  -0.0584358
   -0.059892
  -0.0607713
  -0.0610654
  -0.0607715
  -0.0598923
  -0.0584365
  -0.0564179
  -0.0538562
  -0.0507758
  -0.0472065
  -0.0431825
  -0.0387424
  -0.0339292
   -0.028789
  -0.0233715
  -0.0177286
   -0.011915
 -0.00598632
 -0.00501812
 -0.00998791
  -0.0148618
  -0.0195926
  -0.0241348
  -0.0284446
  -0.0324805
  -0.0362035
  -0.0395777
  -0.0425708
  -0.0451538
  -0.0473019
  -0.0489945
  -0.0502152
  -0.0509523
  -0.0511986
  -0.0509519
  -0.0502145
  -0.0489935
  -0.0473006
  -0.0451523
   -0.042569
  -0.0395759
  -0.0362016
  -0.0324788
  -0.0284431
  -0.0241336
  -0.0195917
  -0.0148612
 -0.00998759
 -0.00501796
 -0.00393599
 -0.00783407
  -0.0116568
  -0.0153673
    -0.01893
  -0.0223102
  -0.0254756
  -0.0283957
  -0.0310422
  -0.0333897
  -0.0354157
  -0.0371006
  -0.0384281
  -0.0393856
  -0.0399637
   -0.040157
  -0.0399635
  -0.0393852
  -0.0384276
  -0.0370998
  -0.0354148
  -0.0333888
  -0.0310412
  -0.0283946
  -0.0254747
  -0.0223093
  -0.0189292
  -0.0153668
  -0.0116564
 -0.00783383
 -0.00393587
 -0.00273878
 -0.00545117
 -0.00811107
  -0.0106928
  -0.0131717
  -0.0155236
   -0.017726
  -0.0197578
  -0.0215992
  -0.0232326
  -0.0246423
  -0.0258147
  -0.0267384
  -0.0274046
   -0.027807
  -0.0279415
  -0.0278069
  -0.0274045
  -0.0267382
  -0.0258144
   -0.024642
  -0.0232323
  -0.0215989
  -0.0197574
  -0.0177257
  -0.0155233
  -0.0131713
  -0.0106926
 -0.00811084
   -0.005451
 -0.00273869
 -0.00142666
 -0.00283958
 -0.00422515
 -0.00557003
 -0.00686128
 -0.00808644
 -0.00923372
  -0.0102921
  -0.0112513
  -0.0121022
  -0.0128365
  -0.0134472
  -0.0139284
  -0.0142754
   -0.014485
  -0.0145551
   -0.014485
  -0.0142754
  -0.0139283
  -0.0134471
  -0.0128364
   -0.012102
  -0.0112511
  -0.0102919
 -0.00923355
 -0.00808627
 -0.00686113
  -0.0055699
 -0.00422504
  -0.0028395
 -0.00142662
           0
           0
           0
           0
           0
           0
           0
           0
           0
           0
           0
           0
           0
           0
           0
           0
           0
           0
           0
           0
           0
           0
           0
           0
           0
           0
           0
           0
           0
           0
           0
