-0.7881319999999999
-0.774317
-0.760622
-0.7470479999999999
-0.733595
-0.720263
-0.7070529999999999
-0.693963
-0.680994
-0.668145
-0.6554180000000001
-0.6428119999999999
-0.630326
-0.617961
-0.6057170000000001
-0.593594
-0.581591
-0.569709
-0.557948
-0.546307
-0.534787
-0.523388
-0.5121100000000001
-0.5009520000000001
-0.489915
-0.47899899999999995
-0.468203
-0.457529
-0.446975
-0.436542
-0.42623
-0.41603900000000005
-0.405968
-0.396018
-0.38618800000000003
-0.37648000000000004
-0.366892
-0.35742399999999996
-0.348077
-0.338851
-0.32974499999999995
-0.32076
-0.311895
-0.303151
-0.294528
-0.286025
-0.277643
-0.269382
-0.261241
-0.25322100000000003
-0.245321
-0.23754299999999998
-0.22988499999999998
-0.222347
-0.21493
-0.207634
-0.200458
-0.193403
-0.186469
-0.179654
-0.172961
-0.16638699999999998
-0.159934
-0.153602
-0.14739100000000002
-0.1413
-0.135329
-0.12947899999999998
-0.12375
-0.11814200000000001
-0.11265399999999999
-0.107287
-0.10203999999999999
-0.0969145
-0.09190910000000001
-0.08702410000000001
-0.0822596
-0.0776157
-0.0730922
-0.068689
-0.0644062
-0.06024349999999999
-0.0562011
-0.052279099999999995
-0.0484774
-0.0447961
-0.0412351
-0.0377943
-0.0344739
-0.0312739
-0.0281943
-0.025235499999999998
-0.022397099999999996
-0.019679
-0.0170811
-0.0146032
-0.0122456
-0.0100083
-0.00789123
-0.00589484
-0.00401859
-0.00226252
-0.000626433
0.000890112
0.00228665
0.00356328
0.00471995
0.0057564999999999995
0.00667319
0.00746967
0.00814658
0.00870408
0.00914214
0.00946083
0.00966026
0.00974074
0.00970207
0.00954434
0.00926773
0.00887252
0.00835864
0.00772616
0.00697542
0.00610654
0.00511986
0.0040157
0.00279415
0.00145551
1.84646e-09
