-0.7881279999999999
-0.774312
-0.760617
-0.747043
-0.73359
-0.7202569999999999
-0.707046
-0.693956
-0.680987
-0.668138
-0.655411
-0.642804
-0.630318
-0.617953
-0.605709
-0.593585
-0.5815819999999999
-0.5697
-0.5579390000000001
-0.546299
-0.534779
-0.5233800000000001
-0.512101
-0.500943
-0.48990600000000006
-0.47898999999999997
-0.46819399999999994
-0.45752
-0.446966
-0.436533
-0.426221
-0.41603
-0.405959
-0.396009
-0.38618
-0.376471
-0.366883
-0.357415
-0.348069
-0.33884200000000003
-0.32973600000000003
-0.320751
-0.311886
-0.303142
-0.29451900000000003
-0.286016
-0.277633
-0.269372
-0.261231
-0.25321
-0.245311
-0.23753200000000002
-0.22987399999999997
-0.22233699999999998
-0.21491999999999997
-0.20762399999999998
-0.200449
-0.193394
-0.18645899999999999
-0.179645
-0.172952
-0.166378
-0.159925
-0.153593
-0.14738199999999999
-0.14129
-0.13532
-0.12947
-0.123741
-0.11813199999999999
-0.11264400000000001
-0.107278
-0.102031
-0.0969058
-0.0919009
-0.0870165
-0.08225260000000001
-0.0776094
-0.07308669999999999
-0.0686843
-0.0644023
-0.0602401
-0.05619830000000001
-0.0522766
-0.048475300000000006
-0.04479419999999999
-0.0412336
-0.0377925
-0.034471800000000004
-0.031271299999999995
-0.028191200000000003
-0.0252327
-0.022394499999999998
-0.0196767
-0.017079300000000002
-0.0146012
-0.0122434
-0.010005700000000001
-0.00788831
-0.005892199999999999
-0.00401629
-0.00226071
-0.000625164
0.000891537
0.00228826
0.00356525
0.00472237
0.0057591000000000005
0.00667606
0.00747204
0.00814847
0.00870565
0.00914342
0.00946177
0.00966084
0.00974135
0.00970268
0.00954488
0.00926818
0.00887316
0.00835942
0.00772689
0.00697607
0.00610692
0.00511998
0.00401575
0.00279412
0.0014555
4.3320699999999995e-09
