-0.788127
-0.774311
-0.760616
-0.747042
-0.733589
-0.7202569999999999
-0.707046
-0.693956
-0.680987
-0.668138
-0.655411
-0.642804
-0.630318
-0.617953
-0.605708
-0.593585
-0.5815819999999999
-0.5697
-0.5579390000000001
-0.546298
-0.534778
-0.523379
-0.5121
-0.500943
-0.48990600000000006
-0.47898999999999997
-0.46819399999999994
-0.45752
-0.446966
-0.43653400000000003
-0.426221
-0.41603
-0.405959
-0.396009
-0.38618
-0.376471
-0.366883
-0.357415
-0.348068
-0.33884200000000003
-0.32973600000000003
-0.320751
-0.311886
-0.303142
-0.29451900000000003
-0.286016
-0.277634
-0.26937300000000003
-0.261232
-0.253212
-0.245313
-0.23753400000000002
-0.22987600000000002
-0.22233899999999998
-0.21492199999999997
-0.20762600000000003
-0.20045
-0.193395
-0.18646
-0.179646
-0.172952
-0.166379
-0.159926
-0.153594
-0.147383
-0.141292
-0.135322
-0.129472
-0.123743
-0.11813499999999999
-0.112648
-0.107281
-0.102034
-0.09690850000000001
-0.09190319999999999
-0.08701829999999999
-0.0822539
-0.0776099
-0.0730864
-0.0686832
-0.06440030000000001
-0.0602377
-0.0561953
-0.052273400000000005
-0.0484717
-0.0447905
-0.0412296
-0.0377889
-0.034468599999999995
-0.0312688
-0.0281894
-0.0252306
-0.0223922
-0.0196741
-0.0170762
-0.014598400000000001
-0.012241
-0.0100038
-0.00788704
-0.00589075
-0.00401466
-0.00225876
-0.000622885
0.000893122
0.00228915
0.00356519
0.00472136
0.00575762
0.00667409
0.00747066
0.00814768
0.00870523
0.00914337
0.00946225
0.00966186
0.00974241
0.00970378
0.00954603
0.00926939
0.00887411
0.00836012
0.007727500000000001
0.0069766
0.00610756
0.00512072
0.00401636
0.0027946
0.00145573
1.0865199999999999e-09
