Residual: 
10.0675
8.15046
6.60577
5.36129
Residual: 
1.26644
1.06251
0.895484
0.758346
Residual: 
0.136333
0.122705
0.125672
0.140137
0.159922
0.182855
0.208433
0.235644
0.262879
0.288476
0.311069
0.32967
0.343637
0.352626
0.356544
0.35552
0.349876
0.340083
0.326729
0.310471
0.291996
0.271981
0.251066
0.22983
0.208774
0.188317
0.168788
0.150436
0.133428
0.117863
0.10378
0.0911659
0.0799685
0.0701045
0.0614691
0.0539441
0.0474057
0.0417304
0.0368007
0.0325084
0.0287578
0.0254664
0.0225649
0.0199965
0.0177157
0.015686
0.0138786
0.0122704
0.0108426
0.00957952
0.00846765
0.00749472
0.00664886
0.00591878
0.00529316
0.00476063
0.00430934
0.00392769
0.00360459
0.00332949
0.00309286
0.00288653
0.00270362
0.00253871
0.0023876
0.00224712
0.0021152
0.00199029
0.00187143
0.00175812
0.00164995
0.0015468
0.00144857
0.00135535
0.00126694
0.00118347
0.00110482
0.00103095
0.000961666
0.000896892
0.000836413
0.000780086
0.000727592
0.000678866
0.000633522
0.000591429
0.000552355
0.000516079
0.000482347
0.000451037
0.000421927
0.000394847
0.000369636
0.000346202
0.000324322
0.000303917
0.000284841
0.00026707
0.000250457
0.000234885
0.000220424
0.000206799
0.000194103
0.000182179
0.000171065
0.000160592
0.000150816
0.000141637
0.000133019
0.000124952
0.000117375
0.000110269
0.000103602
9.73692e-05
Residual: 
1.26644
1.06251
0.895484
0.758346
Residual: 
4.35375
3.54725
2.89815
2.37603
Residual: 
1.95635
1.61923
1.34864
1.13154
Residual: 
0.27257
0.254506
0.30282
0.418992
Residual: 
0.0924402
0.0573964
0.0417185
0.0383429
0.0400157
0.0435278
0.0479975
0.0529581
0.0579408
0.0625321
0.0664283
0.0694358
0.0714491
0.0724312
0.0723988
0.0714116
0.0695629
0.0669707
0.0637684
0.0600963
0.0560936
0.0518921
0.0476112
0.0433549
0.0392097
0.0352442
0.0315098
0.0280414
0.0248595
0.0219722
0.0193773
0.0170641
0.0150159
0.013212
0.011629
0.0102425
0.00902867
0.00796482
0.00703025
0.00620674
0.00547853
0.0048324
0.00425742
0.00374466
0.0032869
0.00287823
0.00251382
0.00218963
0.00190223
0.00164859
0.00142599
0.00123198
0.00106409
0.000920084
0.000797727
0.000694778
0.00060892
0.000537921
0.000479534
0.00043152
0.000391865
0.000358681
0.0003304
0.000305735
0.000283734
0.000263649
0.000245
0.000227481
0.000210882
0.000195101
0.000180082
0.000165822
0.00015232
0.0001396
0.000127677
0.00011654
0.000106212
9.66723e-05
Residual: 
0.27257
0.254506
0.30282
0.418992
Residual: 
0.957938
0.817878
0.705191
0.614199
Residual: 
0.540312
0.479849
0.429882
0.388112
Residual: 
0.0924981
0.0842427
0.0967257
0.126623
Residual: 
0.0195633
0.0133318
0.0111089
0.00998052
0.0092227
0.00876591
0.0085742
0.00856618
0.00865441
0.00876998
0.0088644
0.00890493
0.00887115
0.00875308
0.00854967
0.00826698
0.00791617
0.0075114
0.00706803
0.00660113
0.0061245
0.00564995
0.00518708
0.00474316
0.00432327
0.00393058
0.00356661
0.00323163
0.00292492
0.00264512
0.00239047
0.00215902
0.00194878
0.00175781
0.00158433
0.00142673
0.00128356
0.00115357
0.00103563
0.00092877
0.000832124
0.000744905
0.000666398
0.000595941
0.000532909
0.000476713
0.000426781
0.000382565
0.000343536
0.000309183
0.000279011
0.000252552
0.000229359
0.000209019
0.000191149
0.000175405
0.000161475
0.000149088
0.000138012
0.000128051
0.000119038
0.000110835
0.000103332
9.644e-05
Residual: 
0.0924981
0.0842427
0.0967257
0.126623
Residual: 
0.353529
0.323122
0.296711
0.273489
Residual: 
0.25285
0.234331
0.217581
0.20233
Residual: 
0.0470769
0.0449957
0.0554183
0.0755484
Residual: 
0.042503
0.0421801
0.0466977
0.0523754
0.0581864
0.0637922
0.0689759
0.0735325
0.0772732
0.0800496
0.0817702
0.0824056
0.0819843
0.0805825
0.0783117
0.0753063
0.0717122
0.0676771
0.0633437
0.0588439
0.0542953
0.0497996
0.045441
0.041287
0.0373887
0.0337815
0.0304872
0.0275147
0.024862
0.0225174
0.0204616
0.0186694
0.0171115
0.015757
0.0145749
0.0135358
0.0126134
0.0117852
0.0110324
0.0103403
0.00969767
0.00909608
0.00852968
0.00799439
0.0074875
0.00700723
0.00655243
0.00612234
0.00571637
0.00533392
0.00497451
0.00463746
0.00432207
0.00402753
0.00375291
0.00349729
0.0032596
0.00303879
0.00283381
0.0026436
0.00246714
0.0023034
0.00215147
0.00201044
0.00187945
0.00175772
0.00164457
0.00153928
0.00144127
0.00134996
0.00126485
0.00118547
0.00111139
0.00104221
0.000977576
0.000917167
0.000860667
0.000807802
0.000758313
0.000711967
0.000668567
0.000627889
0.000589745
0.000553962
0.000520421
0.000488947
0.00045939
0.000431644
0.000405613
0.000381158
0.000358168
0.000336597
0.000316319
0.000297255
0.000279351
0.000262512
0.000246691
0.000231823
0.00021784
0.000204698
0.000192357
0.000180742
0.000169844
0.00015959
0.000149929
0.000140872
0.000132351
0.00012435
0.000116823
0.000109747
0.000103108
9.68734e-05
Residual: 
0.0470769
0.0449957
0.0554183
0.0755484
Residual: 
0.188907
0.17602
0.164138
0.153152
Residual: 
0.142971
0.133519
0.124732
0.116555
Residual: 
0.0270436
0.0245908
0.0291642
0.0387482
Residual: 
0.0209274
0.0201605
0.0216022
0.0236604
0.0257752
0.0277226
0.0294032
0.0307672
0.0317862
0.0324447
0.0327393
0.0326782
0.0322813
0.0315784
0.0306072
0.0294106
0.0280344
0.0265251
0.0249275
0.0232837
0.0216312
0.0200028
0.0184256
0.0169212
0.0155058
0.0141903
0.0129808
0.0118792
0.0108837
0.00998972
0.0091903
0.00847703
0.00784064
0.00727166
0.00676089
0.00629981
0.00588087
0.00549756
0.00514445
0.00481715
0.00451217
0.00422681
0.00395898
0.00370713
0.00347004
0.0032468
0.00303665
0.00283896
0.0026532
0.00247885
0.00231542
0.00216241
0.00201934
0.00188571
0.00176102
0.00164474
0.0015364
0.00143549
0.00134153
0.00125406
0.00117263
0.00109682
0.00102623
0.000960468
0.000899194
0.000842079
0.000788815
0.000739127
0.000692757
0.000649444
0.000608991
0.000571179
0.00053583
0.00050276
0.000471815
0.00044285
0.000415727
0.000390322
0.000366507
0.000344196
0.000323271
0.000303646
0.000285235
0.000267962
0.000251745
0.000236529
0.000222239
0.000208814
0.000196215
0.000184373
0.000173255
0.0001628
0.00015298
0.000143757
0.000135088
0.000126938
0.000119277
0.000112081
0.000105316
9.89496e-05
Residual: 
0.0270436
0.0245908
0.0291642
0.0387482
Residual: 
0.109152
0.102017
0.0953682
0.0891698
Residual: 
0.0833879
0.0779925
0.0729556
0.068252
Residual: 
0.0158635
0.0133977
0.014457
0.017712
Residual: 
0.00876524
0.00845206
0.00898716
0.00981186
0.0105957
0.0111903
0.0115586
0.0117123
0.0116806
0.0114987
0.0112027
0.0108272
0.0104028
0.00995372
0.00949716
0.00904364
0.00859816
0.00816201
0.00773451
0.00731445
0.00690096
0.006494
0.00609441
0.00570371
0.00532391
0.00495711
0.00460535
0.00427038
0.00395355
0.00365576
0.00337745
0.00311863
0.00287897
0.00265781
0.0024543
0.0022674
0.002096
0.00193894
0.00179507
0.00166326
0.00154244
0.00143161
0.00132985
0.00123631
0.00115023
0.00107091
0.00099775
0.000930177
0.000867697
0.000809862
0.000756275
0.000706575
0.00066044
0.000617574
0.000577719
0.000540633
0.000506106
0.000473929
0.000443939
0.000415961
0.000389851
0.000365471
0.000342696
0.00032141
0.00030151
0.000282899
0.000265481
0.000249177
0.000233914
0.000219615
0.000206218
0.000193659
0.000181888
0.000170843
0.000160487
0.000150769
0.000141648
0.000133088
0.00012505
0.000117502
0.000110412
0.000103753
9.74974e-05
Residual: 
0.0158635
0.0133977
0.014457
0.017712
Residual: 
0.0638971
0.0597807
0.0559376
0.0523485
Residual: 
0.0489958
0.045863
0.0429351
0.040198
Residual: 
0.00952197
0.00967343
0.0128336
0.0195283
Residual: 
0.00592615
0.0041554
0.00320024
0.00301665
0.00323963
0.00360605
0.00402436
0.00445841
0.00487768
0.00525341
0.00556329
0.0057932
0.00593647
0.00599221
0.00596372
0.0058574
0.00568178
0.00544693
0.00516378
0.00484362
0.00449758
0.00413625
0.00376929
0.0034052
0.00305122
0.0027132
0.00239564
0.00210178
0.00183365
0.00159229
0.00137781
0.00118956
0.00102631
0.000886317
0.000767465
0.000667387
0.000583576
0.000513504
0.000454747
0.000405087
0.000362607
0.00032572
0.000293185
0.00026407
0.000237707
0.000213637
0.000191552
0.000171255
0.000152617
0.000135551
0.000119992
0.000105885
9.31746e-05
Residual: 
0.00952197
0.00967343
0.0128336
0.0195283
Residual: 
0.0373619
0.0349856
0.0327654
0.0306892
Residual: 
0.0287483
0.0269321
0.0252335
0.0236443
Residual: 
0.00580277
0.00643618
0.00946464
0.01498
Residual: 
0.00413268
0.00284643
0.00215993
0.00202949
0.00218083
0.00242186
0.00269173
0.00297043
0.00324044
0.00348369
0.00368538
0.00383586
0.00393037
0.00396802
0.00395075
0.00388253
0.00376876
0.00361587
0.00343088
0.00322106
0.00299366
0.00275558
0.00251318
0.00227209
0.00203714
0.00181226
0.00160055
0.00140422
0.00122476
0.00106296
0.00091899
0.000792545
0.000682887
0.000588941
0.00050936
0.000442604
0.000387003
0.00034084
0.000302437
0.000270243
0.000242895
0.000219263
0.000198461
0.000179828
0.000162894
0.000147346
0.000132979
0.00011967
0.000107346
9.59626e-05
Residual: 
0.00580277
0.00643618
0.00946464
0.01498
Residual: 
0.0220034
0.0206164
0.0193196
0.0181064
Residual: 
0.0169716
0.0159095
0.0149149
0.0139839
Residual: 
0.00362875
0.00362616
0.00495593
0.00723468
Residual: 
0.00457195
0.00482583
0.00568373
0.00662984
0.00752813
0.00836401
0.00913624
0.00983021
0.0104208
0.0108821
0.011195
0.0113503
0.0113491
0.0112008
0.0109206
0.0105278
0.0100434
0.00948838
0.00888326
0.00824677
0.00759568
0.00694453
0.00630557
0.00568886
0.00510233
0.00455202
0.00404222
0.00357575
0.00315406
0.00277747
0.00244529
0.00215596
0.00190714
0.00169577
0.00151824
0.00137044
0.00124799
0.00114644
0.00106159
0.000989616
0.000927303
0.000872049
0.000821886
0.000775387
0.000731572
0.000689823
0.000649765
0.000611222
0.000574118
0.000538458
0.00050428
0.000471636
0.000440574
0.000411135
0.000383337
0.000357182
0.000332653
0.000309713
0.000288314
0.000268398
0.000249888
0.000232714
0.00021679
0.000202037
0.000188375
0.000175721
0.000163999
0.000153137
0.000143066
0.000133725
0.000125053
0.000116993
0.000109502
0.000102529
9.60357e-05
Residual: 
0.00362875
0.00362616
0.00495593
0.00723468
Residual: 
0.0132276
0.0124059
0.0116365
0.0109153
Residual: 
0.0102396
0.00960615
0.0090128
0.00845629
Residual: 
0.00240067
0.0029563
0.00472544
0.00757052
Residual: 
0.0018468
0.00125433
0.000934089
0.000866465
0.000925314
0.00102003
0.0011238
0.00123038
0.00133446
0.0014294
0.00150915
0.00156949
0.00160814
0.00162444
0.00161893
0.00159301
0.00154868
0.00148837
0.0014148
0.0013308
0.00123924
0.00114287
0.00104428
0.000945777
0.000849355
0.000756682
0.000669078
0.000587531
0.000512718
0.000445034
0.00038463
0.000331443
0.000285236
0.000245622
0.000212093
0.000184046
0.000160807
0.000141663
0.000125897
0.000112829
0.000101851
9.245e-05
Residual: 
0.00240067
0.0029563
0.00472544
0.00757052
Residual: 
0.0078713
0.00738309
0.00692587
0.00649773
Residual: 
0.754339
0.708835
0.666764
0.627699
Residual: 
0.211286
0.241015
0.386732
0.645875
Residual: 
0.15999
0.130604
0.126247
0.129776
0.137871
0.148997
0.162334
0.177164
0.192561
0.207492
0.221015
0.232389
0.241097
0.246829
0.249449
0.248973
0.245542
0.239404
0.230885
0.220366
0.20826
0.194986
0.18095
0.166528
0.152058
0.137829
0.124079
0.110997
0.0987194
0.0873397
0.0769113
0.0674526
0.0589547
0.0513851
0.0446951
0.0388231
0.0336999
0.0292523
0.0254062
0.0220889
0.019232
0.0167721
0.014652
0.0128216
0.0112374
0.00986253
0.00866625
0.00762301
0.0067118
0.00591526
0.00521901
0.00461093
0.00408066
0.00361919
0.00321837
0.00287099
0.00257016
0.00230985
0.00208424
0.00188815
0.00171689
0.00156648
0.00143321
0.00131424
0.00120711
0.00110993
0.00102116
0.000939543
0.000864335
0.000794774
0.000730437
0.000670885
0.000615838
0.000565089
0.000518361
0.000475505
0.000436271
0.000400503
0.000367951
0.000338444
0.00031179
0.00028771
0.000265971
0.000246398
0.000228717
0.00021275
0.000198295
0.000185169
0.000173188
0.000162233
0.0001522
0.000142943
0.000134334
0.000126377
0.000118921
0.000111949
0.000105396
9.9209e-05
Residual: 
0.211286
0.241015
0.386732
0.645875
Residual: 
0.58196
0.54812
0.516521
0.486954
Residual: 
0.459241
0.433232
0.408797
0.38582
Residual: 
0.129024
0.133319
0.191692
0.305308
Residual: 
0.074792
0.0527114
0.0402392
0.0377937
0.0414416
0.0463456
0.0508251
0.0548158
0.0585036
0.0619135
0.0649228
0.067368
0.0691169
0.0700921
0.0702686
0.069661
0.0683135
0.0662911
0.0636749
0.060557
0.0570368
0.0532168
0.0491988
0.0450798
0.0409495
0.0368875
0.0329618
0.0292283
0.0257305
0.0224999
0.0195572
0.0169132
0.01457
0.0125223
0.0107586
0.00926181
0.00801021
0.00697803
0.00613635
0.00545433
0.00490107
0.00444746
0.00406802
0.00374192
0.00345333
0.003191
0.00294748
0.00271823
0.00250078
0.00229404
0.00209774
0.0019121
0.00173745
0.00157415
0.00142251
0.00128264
0.00115449
0.00103786
0.000932358
0.000837456
0.00075257
0.000676959
0.000609874
0.000550524
0.000498113
0.000451873
0.000411059
0.000374952
0.000342951
0.000314502
0.00028909
0.000266299
0.000245778
0.000227215
0.000210373
0.000195023
0.000181013
0.000168196
0.000156417
0.000145617
0.00013567
0.000126522
0.000118085
0.000110309
0.000103136
9.64931e-05
Residual: 
0.129024
0.133319
0.191692
0.305308
Residual: 
0.361168
0.340852
0.321742
0.303754
Residual: 
0.286815
0.270855
0.255813
0.241632
Residual: 
0.0797049
0.0787453
0.109589
0.169636
Residual: 
0.0352866
0.0247651
0.0193996
0.0184863
0.0203221
0.0226801
0.0247177
0.0264006
0.0278611
0.0291675
0.030305
0.0312206
0.0318617
0.0321944
0.0322048
0.0318952
0.03128
0.0303823
0.0292316
0.0278626
0.0263139
0.0246264
0.0228421
0.021002
0.019145
0.0173066
0.0155178
0.0138049
0.0121888
0.0106857
0.00930663
0.00805826
0.0069434
0.00596143
0.00510884
0.00437962
0.00376556
0.00325654
0.00284075
0.00250502
0.00223547
0.00201833
0.00184086
0.00169217
0.0015636
0.00144872
0.00134315
0.00124412
0.00115002
0.0010601
0.000974085
0.000892042
0.000814174
0.000740724
0.000671904
0.000607894
0.000548764
0.000494527
0.0004451
0.000400356
0.00036006
0.000323976
0.000291804
0.000263227
0.000237913
0.000215536
0.000195761
0.000178286
0.000162815
0.000149087
0.000136869
0.000125946
0.000116142
0.000107309
9.93162e-05
Residual: 
0.0797049
0.0787453
0.109589
0.169636
Residual: 
0.227124
0.214474
0.202558
0.191327
Residual: 
0.180739
0.170753
0.161334
0.152446
Residual: 
0.0492409
0.0461596
0.062306
0.0937986
Residual: 
0.0162696
0.0112414
0.00903804
0.0087113
0.00959486
0.0107123
0.0116446
0.0123624
0.0129391
0.0134277
0.0138407
0.0141658
0.0143848
0.0144841
0.0144574
0.0143043
0.014029
0.013639
0.0131443
0.0125571
0.0118915
0.0111632
0.0103889
0.00958542
0.00876919
0.00795564
0.00715868
0.00639031
0.00566047
0.00497696
0.00434547
0.00376974
0.00325177
0.00279197
0.00238945
0.0020422
0.00174722
0.00150066
0.00129789
0.0011336
0.00100195
0.000896884
0.000812482
0.000743405
0.000685188
0.000634385
0.000588516
0.000545947
0.000505682
0.000467186
0.000430245
0.000394822
0.000360992
0.000328866
0.000298574
0.000270212
0.000243854
0.000219543
0.000197275
0.000177022
0.000158717
0.000142271
0.000127584
0.00011452
0.000102955
9.27441e-05
Residual: 
0.0492409
0.0461596
0.062306
0.0937986
Residual: 
0.143553
0.135604
0.128111
0.121044
Residual: 
0.114378
0.108089
0.102153
0.0965495
Residual: 
0.030427
0.026705
0.0348914
0.0511281
Residual: 
0.00742012
0.00496011
0.00408222
0.00396182
0.00436738
0.00488834
0.00531819
0.00563436
0.00587251
0.00606413
0.00622164
0.00634382
0.00642451
0.00645821
0.00644185
0.00637473
0.00625782
0.00609335
0.00588456
0.00563569
0.00535193
0.00503935
0.00470463
0.00435482
0.00399698
0.00363791
0.00328388
0.00294042
0.00261222
0.00230303
0.0020157
0.0017522
0.00151369
0.00130062
0.00111282
0.000949624
0.000809893
0.00069213
0.00059449
0.000514828
0.000450731
0.000399612
0.000358851
0.000325976
0.00029882
0.000275634
0.000255113
0.000236352
0.000218776
0.000202052
0.000186021
0.000170631
0.000155894
0.000141852
0.000128561
0.000116071
0.000104423
9.36435e-05
Residual: 
0.030427
0.026705
0.0348914
0.0511281
Residual: 
0.0909544
0.0859435
0.0812173
0.0767579
Residual: 
0.0725495
0.068577
0.064826
0.0612843
Residual: 
0.0188118
0.0152533
0.019175
0.0273166
Residual: 
0.0033941
0.00215224
0.00180262
0.00175114
0.0019293
0.00216905
0.002369
0.00251425
0.00262136
0.00270677
0.00277791
0.00283504
0.00287544
0.00289628
0.00289574
0.00287304
0.0028282
0.00276183
0.00267503
0.00256941
0.0024471
0.00231068
0.0021631
0.00200752
0.00184721
0.00168532
0.00152481
0.00136832
0.00121811
0.001076
0.000943429
0.000821382
0.000710486
0.000611026
0.000522992
0.000446131
0.000379979
0.000323899
0.000277103
0.000238668
0.000207554
0.000182632
0.000162741
0.000146756
0.000133668
0.000122633
0.000113002
0.000104311
9.62547e-05
Residual: 
0.0188118
0.0152533
0.019175
0.0273166
Residual: 
0.0577224
0.0545581
0.0515723
0.0487539
Residual: 
0.0460922
0.0435789
0.0412045
0.0389617
Residual: 
0.0116221
0.00864184
0.0103764
0.0143183
Residual: 
0.00157648
0.000937528
0.000791795
0.000764743
0.000841733
0.000953249
0.00104899
0.00112027
0.00117484
0.00122065
0.00126112
0.00129597
0.00132336
0.00134148
0.00134907
0.00134549
0.00133056
0.00130448
0.00126776
0.00122121
0.00116588
0.00110312
0.00103442
0.000961391
0.000885686
0.0008089
0.000732518
0.000657864
0.000586067
0.000518049
0.000454514
0.000395966
0.000342718
0.000294915
0.000252558
0.000215526
0.000183598
0.000156468
0.000133757
0.000115027
9.97875e-05
Residual: 
0.0116221
0.00864184
0.0103764
0.0143183
Residual: 
0.0366905
0.034689
0.0327989
0.0310137
Residual: 
0.0293271
0.0277336
0.0262277
0.0248045
Residual: 
0.00715239
0.00488388
0.0055725
0.00740984
Residual: 
0.000750858
0.000423804
0.000357113
0.0003414
0.000376946
0.000432223
0.000481586
0.000520519
0.000552732
0.000581781
0.000608764
0.00063295
0.000652982
0.000667654
0.000676172
0.000678144
0.000673491
0.000662371
0.000645138
0.000622316
0.000594578
0.000562716
0.000527605
0.000490157
0.000451282
0.00041185
0.000372654
0.000334394
0.000297658
0.000262918
0.000230533
0.00020075
0.00017372
0.000149505
0.000128092
0.000109405
9.33176e-05
Residual: 
0.00715239
0.00488388
0.0055725
0.00740984
Residual: 
0.0233593
0.0220896
0.0208902
0.0197562
Residual: 
0.0186849
0.0176718
0.0167141
0.0158086
Residual: 
0.00436651
0.00276192
0.00299295
0.00381786
Residual: 
0.000371777
0.000208019
0.000173679
0.000165009
0.000184675
0.000215429
0.000243779
0.000267616
0.000288746
0.000308577
0.00032719
0.000343848
0.000357645
0.000367873
0.000374111
0.000376187
0.000374126
0.000368095
0.000358378
0.000345355
0.000329481
0.000311268
0.000291259
0.000270004
0.000248038
0.000225859
0.000203917
0.000182596
0.000162217
0.00014303
0.000125222
0.000108914
9.41753e-05
Residual: 
0.00436651
0.00276192
0.00299295
0.00381786
Residual: 
0.0148903
0.0140823
0.0133186
0.0125965
Residual: 
0.0119137
0.0112681
0.0106571
0.0100795
Residual: 
0.00263422
0.0015613
0.0016118
0.00196848
Residual: 
0.000197647
0.000116636
9.61441e-05
Residual: 
0.00263422
0.0015613
0.0016118
0.00196848
Residual: 
0.00949604
0.00898034
0.00849303
0.00803179
Residual: 
0.00759576
0.00718313
0.00679271
0.00642336
Residual: 
0.00156651
0.000879659
0.000868992
0.00101874
Residual: 
0.000118632
7.62926e-05
Residual: 
0.00156651
0.000879659
0.000868992
0.00101874
Residual: 
0.00605219
0.00572248
0.00541072
0.00511581
Residual: 
0.0456465
0.0430425
0.0405973
0.0382996
Residual: 
0.01275
0.0116622
0.0155631
0.0222389
Residual: 
0.00360632
0.00251808
0.00189339
0.00161206
0.00165206
0.00180945
0.00195556
0.00206887
0.00216373
0.00225289
0.00233878
0.00241685
0.0024807
0.00252504
0.00254662
0.00254397
0.00251695
0.00246637
0.00239376
0.00230127
0.00219153
0.00206758
0.00193271
0.00179031
0.00164371
0.00149608
0.00135028
0.0012088
0.00107372
0.000946711
0.000828998
0.00072142
0.000624454
0.000538259
0.000462721
0.000397486
0.000341998
0.000295524
0.000257171
0.000225921
0.000200665
0.000180273
0.000163663
0.000149872
0.000138104
0.000127748
0.000118364
0.000109659
0.000101455
9.3655e-05
Residual: 
0.01275
0.0116622
0.0155631
0.0222389
Residual: 
0.0358806
0.0338519
0.0319436
0.0301475
Residual: 
0.0284567
0.026864
0.0253632
0.0239485
Residual: 
0.00778544
0.00700664
0.00897015
0.0126377
Residual: 
0.00128793
0.000751801
0.000631986
0.000597613
0.00064158
0.000717696
0.000785054
0.000834454
0.000871159
0.000901554
0.000928659
0.00095244
0.000971483
0.00098428
0.000989765
0.000987368
0.000976899
0.000958451
0.00093234
0.00089909
0.000859428
0.00081426
0.000764639
0.000711712
0.00065666
0.000600647
0.000544765
0.000489995
0.000437187
0.000387038
0.000340091
0.000296741
0.000257242
0.000221724
0.000190206
0.000162617
0.000138807
0.00011856
0.000101604
8.76188e-05
Residual: 
0.00778544
0.00700664
0.00897015
0.0126377
Residual: 
0.0224859
0.021227
0.0200411
0.0189236
Residual: 
0.0178702
0.016877
0.0159401
0.0150566
Residual: 
0.00476799
0.00398683
0.00491941
0.00674959
Residual: 
0.000609892
0.000304427
0.000267087
0.000264272
0.00028526
0.000318708
0.000348861
0.000370763
0.000385992
0.000397295
0.000406358
0.000413639
0.00041892
0.000421829
0.000422076
0.000419506
0.000414063
0.000405757
0.000394654
0.000380883
0.000364648
0.000346231
0.000325988
0.000304329
0.000281699
0.00025855
0.000235322
0.00021242
0.000190204
0.000168977
0.000148982
0.000130402
0.000113362
9.79327e-05
Residual: 
0.00476799
0.00398683
0.00491941
0.00674959
Residual: 
0.0141609
0.013372
0.0126288
0.011928
Residual: 
0.0112673
0.0106436
0.0100557
0.00950068
Residual: 
0.00291038
0.0036491
0.00582579
0.00942787
Residual: 
0.00643453
0.00688286
0.00817984
0.00958143
0.0108862
0.0120723
0.0131436
0.0140875
0.014877
0.0154821
0.0158802
0.0160611
0.0160274
0.0157926
0.0153778
0.0148092
0.0141155
0.0133252
0.0124663
0.0115642
0.0106417
0.00971901
0.00881281
0.00793705
0.00710282
0.00631859
0.00559051
0.00492269
0.00431741
0.00377542
0.00329614
0.00287783
0.00251773
0.00221214
0.00195648
0.00174539
0.00157288
0.00143264
0.00131833
0.00122406
0.00114465
0.0010759
0.00101451
0.000958136
0.000905164
0.000854575
0.000805799
0.000758547
0.000712747
0.000668437
0.00062572
0.000584719
0.000545554
0.000508322
0.000473098
0.000439921
0.000408802
0.000379717
0.000352622
0.00032745
0.000304117
0.000282527
0.000262578
0.000244161
0.000227167
0.000211487
0.000197018
0.000183661
0.000171325
0.000159914
0.00014936
0.000139583
0.000130515
0.0001221
0.000114281
0.000107008
0.000100238
9.39319e-05
Residual: 
0.00291038
0.0036491
0.00582579
0.00942787
Residual: 
0.00912035
0.00861344
0.00813522
0.00768483
Residual: 
0.00725955
0.00685849
0.00647997
0.00612264
Residual: 
0.00188523
0.00139286
0.00162591
0.00212764
Residual: 
0.000167961
7.58984e-05
Residual: 
0.00188523
0.00139286
0.00162591
0.00212764
Residual: 
0.00575576
0.00543781
0.00513786
0.0048547
Residual: 
0.00329492
0.0031078
0.00293197
0.0027662
Residual: 
0.000717237
0.000508896
0.000620771
0.000817897
Residual: 
7.38715e-05
Residual: 
0.000717237
0.000508896
0.000620771
0.000817897
Residual: 
0.00259901
0.00245199
0.0023137
0.00218341
Residual: 
0.00193703
0.00182748
0.00172396
0.00162664
Residual: 
0.000366921
0.000245091
0.00028464
0.000350099
Residual: 
1.84738e-05
Residual: 
0.000366921
0.000245091
0.00028464
0.000350099
Residual: 
0.0015307
0.00144414
0.00136267
0.00128588
Residual: 
0.00115589
0.00109021
0.00102831
0.000969964
Residual: 
0.000181154
0.000130415
0.000157928
0.000197605
Residual: 
1.69289e-05
Residual: 
0.000181154
0.000130415
0.000157928
0.000197605
Residual: 
0.000913488
0.000861398
0.000812567
0.000766286
Residual: 
0.00070083
0.000660674
0.000622836
0.000587258
Residual: 
8.9179e-05
7.88456e-05
0.000102349
0.000136735
Residual: 
1.6983e-05
Residual: 
8.9179e-05
7.88456e-05
0.000102349
0.000136735
Residual: 
0.000552722
0.000520839
0.000490881
0.000462635
Residual: 
0.000431087
0.000406029
0.000382316
0.000360136
Residual: 
4.91535e-05
5.16457e-05
6.82131e-05
9.43139e-05
Residual: 
1.33754e-05
Residual: 
4.91535e-05
5.16457e-05
6.82131e-05
9.43139e-05
Residual: 
0.000338405
0.000318686
0.000299915
0.000282432
