5.0
5.0
5.0
5.0
5.0
5.0
5.0
5.0
5.0
5.0
5.0
5.0
5.0
5.0
5.0
5.0
5.0
5.0
5.0
5.0
5.0
5.0
5.0
5.0
4.89915
4.78999
4.68203
4.57529
4.46975
4.365419999999999
4.2623
4.1603900000000005
4.05968
3.9601800000000003
3.86188
3.7648
3.6689199999999995
3.57424
3.4807699999999997
3.3885099999999997
3.29745
3.2076
3.11895
3.03151
2.94528
2.86025
2.77643
2.69382
2.6124099999999997
2.53221
2.45321
2.3754299999999997
2.29885
2.2234700000000003
2.1493
2.07634
2.0045900000000003
1.93403
1.8646900000000002
1.7965400000000002
1.7296099999999999
1.6638700000000002
1.59934
1.5360200000000002
1.47391
1.413
1.3532899999999999
1.2947899999999999
1.2375
1.1814200000000001
1.1265399999999999
1.07287
1.0204
0.969145
0.919091
0.8702409999999999
0.8225959999999999
0.776157
0.7309220000000001
0.68689
0.644062
0.602435
0.5620109999999999
0.522791
0.484774
0.44796099999999994
0.412351
0.377943
0.34473899999999996
0.312739
0.281943
0.252355
0.223971
0.19679000000000002
0.170811
0.146032
0.122456
0.100083
0.0789123
0.058948400000000005
0.040186
0.0226252
0.00626433
-0.00890112
-0.022866499999999998
-0.035632800000000006
-0.0471995
-0.057565
-0.0667319
-0.0746967
-0.0814658
-0.0870408
-0.0914214
-0.0946083
-0.09660260000000001
-0.09740739999999999
-0.0970207
-0.0954434
-0.0926773
-0.08872519999999999
-0.08358639999999999
-0.07726160000000001
-0.06975419999999999
-0.0610654
-0.0511986
-0.040157
-0.0279415
-0.014555100000000001
0.0
