1.0
0.9845510000000001
0.969217
0.9539989999999999
0.938897
0.923909
0.9090379999999999
0.894284
0.8796459999999999
0.865125
0.85072
0.836434
0.8222659999999999
0.808217
0.794285
0.780473
0.766782
0.753209
0.739758
0.726428
0.713221
0.7001350000000001
0.687174
0.6743600000000001
0.661667
0.6490819999999999
0.636612
0.624257
0.612019
0.5999
0.5878979999999999
0.5760149999999999
0.5642510000000001
0.552607
0.541082
0.5296770000000001
0.518392
0.5072270000000001
0.49618199999999996
0.485259
0.47445600000000004
0.46377299999999994
0.45321300000000003
0.44277299999999997
0.432454
0.422257
0.412182
0.40222800000000003
0.392396
0.382686
0.37309699999999996
0.363631
0.35428699999999996
0.345065
0.335965
0.32698699999999997
0.318132
0.309399
0.300788
0.2923
0.283935
0.275692
0.267571
0.259573
0.251697
0.243943
0.236312
0.228803
0.22141599999999997
0.214151
0.20700900000000003
0.199988
0.19309
0.186314
0.17965899999999999
0.173127
0.166717
0.16043
0.154264
0.14822000000000002
0.142299
0.136499
0.130822
0.12526600000000002
0.119833
0.11452000000000001
0.10933
0.10426099999999999
0.09931389999999998
0.0944886
0.0897852
0.0852038
0.0807444
0.0764064
0.0721902
0.0680954
0.06412240000000001
0.0602716
0.05654259999999999
0.0529361
0.0494516
0.046089
0.0428484
0.0397296
0.0367327
0.033858
0.031105200000000003
0.0284746
0.0259659
0.0235789
0.0213137
0.0191699
0.017147700000000002
0.0152468
0.0134672
0.0118086
0.010271200000000001
0.00885505
0.00756005
0.00638563
0.00533198
0.00439905
0.00358677
0.00289502
0.00232377
0.00187292
0.00154235
0.00133301
-2.29166e-05
