1.0
0.9845510000000001
0.969217
0.9539989999999999
0.938897
0.923909
0.9090379999999999
0.894284
0.8796459999999999
0.865124
0.85072
0.836433
0.8222659999999999
0.8082159999999999
0.794284
0.780472
0.76678
0.753207
0.7397560000000001
0.726425
0.713218
0.7001310000000001
0.68717
0.674354
0.6616609999999999
0.649075
0.636603
0.624247
0.612008
0.5998859999999999
0.587883
0.5759989999999999
0.564234
0.552588
0.541062
0.529655
0.518369
0.507203
0.496158
0.48523299999999997
0.474429
0.463746
0.45318500000000006
0.442745
0.43242600000000003
0.422229
0.412154
0.40220100000000003
0.392369
0.38266
0.373073
0.363607
0.35426399999999997
0.345044
0.335946
0.32697
0.318116
0.30938499999999997
0.300777
0.29229099999999997
0.283928
0.275687
0.267568
0.25957199999999997
0.25169899999999995
0.24394699999999997
0.236319
0.228812
0.22142699999999998
0.21416500000000002
0.20702399999999999
0.200006
0.19311
0.186335
0.17968299999999998
0.173153
0.166744
0.160458
0.154293
0.148251
0.14233099999999999
0.136532
0.130855
0.125301
0.119868
0.11455599999999999
0.109366
0.104298
0.0993512
0.0945264
0.0898234
0.0852424
0.0807833
0.0764457
0.07222999999999999
0.06813580000000001
0.06416319999999999
0.0603127
0.0565841
0.052977699999999996
0.049493300000000004
0.046130800000000007
0.0428903
0.0397717
0.0367751
0.0339005
0.0311478
0.028517200000000003
0.026008299999999998
0.023621200000000002
0.021355700000000002
0.0192116
0.017189
0.0152875
0.0135072
0.011848000000000001
0.0103098
0.0088929
0.00759702
0.00642157
0.00536678
0.0044326
0.00361896
0.00292582
0.00235313
0.00190077
0.00156864
0.00135741
-2.3734499999999998e-05
