1.0
0.9845510000000001
0.969217
0.9539989999999999
0.938897
0.923909
0.9090379999999999
0.894284
0.8796459999999999
0.865124
0.850719
0.836433
0.8222649999999999
0.808215
0.794283
0.780472
0.76678
0.753207
0.7397560000000001
0.726425
0.713218
0.7001310000000001
0.68717
0.674354
0.6616609999999999
0.649075
0.636603
0.624247
0.612008
0.5998859999999999
0.587883
0.5759989999999999
0.564233
0.552588
0.541061
0.529655
0.518368
0.507203
0.49615699999999996
0.48523299999999997
0.474429
0.463746
0.45318500000000006
0.442745
0.43242700000000006
0.42223
0.412155
0.402202
0.39237
0.38266100000000003
0.373073
0.363608
0.35426399999999997
0.345044
0.335945
0.326969
0.318116
0.30938499999999997
0.30077600000000004
0.29229099999999997
0.283928
0.275687
0.26757
0.25957399999999997
0.251701
0.24395
0.23632199999999998
0.22881500000000002
0.22143000000000002
0.214167
0.207027
0.200008
0.19311199999999998
0.186337
0.17968399999999998
0.173153
0.166745
0.160458
0.15429400000000001
0.148252
0.14233099999999999
0.136533
0.130857
0.125303
0.11987
0.114558
0.109368
0.104299
0.0993515
0.0945264
0.08982310000000002
0.0852421
0.08078289999999999
0.0764446
0.0722281
0.0681327
0.06415900000000001
0.0603082
0.0565793
0.052973400000000004
0.049489599999999995
0.0461273
0.042887
0.0397682
0.0367714
0.033897199999999995
0.0311449
0.028515199999999997
0.026007299999999997
0.0236209
0.0213561
0.019212299999999998
0.0171899
0.0152887
0.0135086
0.0118491
0.010310799999999998
0.00889394
0.00759819
0.00642239
0.00536725
0.00443267
0.00361866
0.00292501
0.00235181
0.00189898
0.00156638
0.00135642
-2.34531e-05
