1.0332199103152917
2.0564259569823533
3.059815094535022
4.033795095689205
4.968984551342873
5.856212870576073
6.68704732610608
7.453582236105345
8.14822814601942
8.764449692204199
9.29623855647074
9.738535102449417
10.087017557407828
10.338418239523923
10.490101921521852
10.540909103400242
10.490101921521852
10.338418239523923
10.087017557407828
9.738535102449417
9.29623855647074
8.764449692204199
8.14822814601942
7.453582236105345
6.68704732610608
5.856212870576073
4.968984551342873
4.033795095689205
3.059815094535022
2.0564259569823533
1.0332199103152917
1.016833795988485
2.0238125409038314
3.011288658432335
3.9698220470197256
4.890180079871167
5.7633376049512615
6.580995631882627
7.335373857186468
8.019003189523145
8.62545191135019
9.148806992023717
9.584089037317298
9.927044814662526
10.174458465288168
10.323736554701291
10.373737971725006
10.323736554701291
10.174458465288168
9.927044814662526
9.584089037317298
9.148806992023717
8.62545191135019
8.019003189523145
7.335373857186468
6.580995631882627
5.7633376049512615
4.890180079871167
3.9698220470197256
3.011288658432335
2.0238125409038314
1.016833795988485
1.0005762002054182
1.9914549163239648
2.963142821828492
3.906350747751576
4.811993682685514
5.6711907727823325
6.475775715653084
7.218092602808133
7.8907917620974315
8.487544309169547
9.002531753572356
9.430854313872494
9.768326760095622
10.011784650066028
10.158676014287167
10.207877986180558
10.158676014287167
10.011784650066028
9.768326760095622
9.430854313872494
9.002531753572356
8.487544309169547
7.8907917620974315
7.218092602808133
6.475775715653084
5.6711907727823325
4.811993682685514
3.906350747751576
2.963142821828492
1.9914549163239648
1.0005762002054182
0.9844471229660909
1.959353083242753
2.9153775847234935
3.8433811978847547
4.734425359785913
5.579772374069283
6.371387577417449
7.101738472970338
7.763593863742276
8.350726885662269
8.857412841116657
9.278830932114998
9.610863393707112
9.8503967938575
9.994920300279476
10.043329146766894
9.994920300279476
9.8503967938575
9.610863393707112
9.278830932114998
8.857412841116657
8.350726885662269
7.763593863742276
7.101738472970338
6.371387577417449
5.579772374069283
4.734425359785913
3.8433811978847547
2.9153775847234935
1.959353083242753
0.9844471229660909
0.9684465642705032
1.9275070416601967
2.8679929471173398
3.7809133974192637
4.6574751111723645
5.4890824088121155
6.267831217175725
6.986311467673083
7.637409494457679
8.214999640828355
8.713450254656623
9.128018892044814
9.454654715496993
9.690294896662587
9.832469412678224
9.880091453484017
9.832469412678224
9.690294896662587
9.454654715496993
9.128018892044814
8.713450254656623
8.214999640828355
7.637409494457679
6.986311467673083
6.267831217175725
5.4890824088121155
4.6574751111723645
3.7809133974192637
2.8679929471173398
1.9275070416601967
0.9684465642705032
0.9525745241186552
1.8959167915762953
2.8209889090100306
3.7189473463551015
4.581142936844869
5.399120877010827
6.165106634927911
6.871811586916367
7.5122386542436415
8.080362574667804
8.57064399419225
8.97841819366194
9.299700725465273
9.531478958481289
9.671323351483405
9.718164906331925
9.671323351483405
9.531478958481289
9.299700725465273
8.97841819366194
8.57064399419225
8.080362574667804
7.5122386542436415
6.871811586916367
6.165106634927911
5.399120877010827
4.581142936844869
3.7189473463551015
2.8209889090100306
1.8959167915762953
0.9525745241186552
0.936831002510547
1.864582332991049
2.7743654704015666
3.657483044692268
4.505428836803425
5.309887778665422
6.063213830674005
6.758238830700192
7.388081343100163
7.946815687180622
8.428994059723543
8.830028836966376
9.146001423611946
9.373948979313603
9.511482116695023
9.55754950531062
9.511482116695023
9.373948979313603
9.146001423611946
8.830028836966376
8.428994059723543
7.946815687180622
7.388081343100163
6.758238830700192
6.063213830674005
5.309887778665422
4.505428836803425
3.657483044692268
2.7743654704015666
1.864582332991049
0.936831002510547
0.9212159994461783
1.8335036659044577
2.728122631291947
3.5965204924307645
4.430332811048035
5.221383113775896
5.962152804414008
6.645593199024558
7.264937561027242
7.814358978366802
8.288500451250496
8.682850821958123
8.993556809937012
9.21770495915953
9.352945708313076
9.398245250420102
9.352945708313076
9.21770495915953
8.993556809937012
8.682850821958123
8.288500451250496
7.814358978366802
7.264937561027242
6.645593199024558
5.962152804414008
5.221383113775896
4.430332811048035
3.5965204924307645
2.728122631291947
1.8335036659044577
0.9212159994461783
0.9057295149255492
1.8026807903165214
2.682260391681172
3.5360596895705902
4.355854859578697
5.133606882342251
5.8619235561479215
6.533874691889463
7.1428073080248815
7.682992448226348
8.149163168773113
8.536884148637183
8.842366884440473
9.062746898019073
9.195714126337565
9.240252141660369
9.195714126337565
9.062746898019073
8.842366884440473
8.536884148637183
8.149163168773113
7.682992448226348
7.1428073080248815
6.533874691889463
5.8619235561479215
5.133606882342251
4.355854859578697
3.5360596895705902
2.682260391681172
1.8026807903165214
0.9057295149255492
0.8903715489486601
1.7721137062272403
2.6367787515692407
3.476100636111745
4.281994982395412
5.046559084364487
5.762526085875744
6.423083309294909
7.02169058409308
7.552716096759258
8.010982212291392
8.392128817003552
8.692431647122328
8.909074795892229
9.03978737076849
9.083570179031422
9.03978737076849
8.909074795892229
8.692431647122328
8.392128817003552
8.010982212291392
7.552716096759258
7.02169058409308
6.423083309294909
5.762526085875744
5.046559084364487
4.281994982395412
3.476100636111745
2.6367787515692407
1.7721137062272403
0.8903715489486601
0.8751421015155103
1.7418024136366141
2.591677710956155
3.416643332054229
4.208753179498179
4.960239719842605
5.663960393597477
6.313219051240895
6.901587389231836
7.423529923965532
7.8739575818053344
8.24858482705723
8.543751097982579
8.756688652778998
8.885165441605851
8.928199362533263
8.885165441605851
8.756688652778998
8.543751097982579
8.24858482705723
7.8739575818053344
7.423529923965532
6.901587389231836
6.313219051240895
5.663960393597477
4.960239719842605
4.208753179498179
3.416643332054229
2.591677710956155
1.7418024136366141
0.8751421015155103
0.8600411726261004
1.7117469125446432
2.5469572698419136
3.357687777398042
4.136129450886999
4.874648788776603
5.566226479313118
6.204281917727421
6.7824977234411525
7.295433929845172
7.73808927731494
8.10625217879822
8.396325237021225
8.60558846867938
8.731848338849648
8.774139692165889
8.731848338849648
8.60558846867938
8.396325237021225
8.10625217879822
7.73808927731494
7.295433929845172
6.7824977234411525
6.204281917727421
5.566226479313118
4.874648788776603
4.136129450886999
3.357687777398042
2.5469572698419136
1.7117469125446432
0.8600411726261004
0.84506876228043
1.6819472029513272
2.502617428226517
3.2992339721431847
4.064123796561872
4.7897862911664815
5.469324343022668
6.096271908754487
6.664421586721028
7.168428114398176
7.6033772988202095
7.9651308722265215
8.250154064238265
8.455774243593378
8.579836062499881
8.6213911679293
8.579836062499881
8.455774243593378
8.250154064238265
7.9651308722265215
7.6033772988202095
7.168428114398176
6.664421586721028
6.096271908754487
5.469324343022668
4.7897862911664815
4.064123796561872
3.2992339721431847
2.502617428226517
1.6819472029513272
0.84506876228043
0.8302248704784994
1.6524032848566663
2.458658186109965
3.2412819162896565
3.9927362165227964
4.705652227012242
5.373253984726129
5.989189024322093
6.547358979071462
7.042512477624544
7.469821646321139
7.825220907342133
8.1052375796337
8.307245977520989
8.429128612556548
8.4699537898235
8.429128612556548
8.307245977520989
8.1052375796337
7.825220907342133
7.469821646321139
7.042512477624544
6.547358979071462
5.989189024322093
5.373253984726129
4.705652227012242
3.9927362165227964
3.2412819162896565
2.458658186109965
1.6524032848566663
0.8302248704784994
0.8155094972203083
1.6231151582606607
2.4150795434922574
3.1838316098374575
3.9219667107697753
4.6222465963138815
5.2780154044235
5.8830332644302405
6.431309900492455
6.917687019524278
7.337422319817734
7.686522284145057
7.961575783207527
8.160003670462213
8.279725989019653
8.319827557848484
8.279725989019653
8.160003670462213
7.961575783207527
7.686522284145057
7.337422319817734
6.917687019524278
6.431309900492455
5.8830332644302405
5.2780154044235
4.6222465963138815
3.9219667107697753
3.1838316098374575
2.4150795434922574
1.6231151582606607
0.8155094972203083
0.8009226425058569
1.5940828231633097
2.3718815003733944
3.126883052786588
3.851815279302805
4.539569399071404
5.183608602114779
5.777804629078927
6.316274350984007
6.793951740097377
7.2061793193099914
7.54903500263529
7.81916867495975
8.014047322417051
8.131628191889194
8.171012472004254
8.131628191889194
8.014047322417051
7.81916867495975
7.54903500263529
7.2061793193099914
6.793951740097377
6.316274350984007
5.777804629078927
5.183608602114779
4.539569399071404
3.851815279302805
3.126883052786588
2.3718815003733944
1.5940828231633097
0.8009226425058569
0.7864643063351452
1.5653062795646144
2.329064056753376
3.070436245137047
3.7822819221218875
4.457620635284806
5.090033577799967
5.673503118268154
6.20225233054612
6.67130663934384
7.076092644797912
7.412759062812833
7.678016254890368
7.869376933385504
7.984835221165168
8.02350853229081
7.984835221165168
7.869376933385504
7.678016254890368
7.412759062812833
7.076092644797912
6.67130663934384
6.20225233054612
5.673503118268154
5.090033577799967
4.457620635284806
3.7822819221218875
3.070436245137047
2.329064056753376
1.5653062795646144
0.7864643063351452
0.7721344887081732
1.5367855274645736
2.2866272126322023
3.014491186888836
3.713366639227023
4.376400304954089
4.997290331479066
5.570128731997922
6.089243839178789
6.549751717263669
6.947162296281494
7.277694464677689
7.53811852299938
7.72599250336757
7.839347076847579
7.877315738708153
7.839347076847579
7.72599250336757
7.53811852299938
7.277694464677689
6.947162296281494
6.549751717263669
6.089243839178789
5.570128731997922
4.997290331479066
4.376400304954089
3.713366639227023
3.014491186888836
2.2866272126322023
1.5367855274645736
0.7721344887081732
0.7579331896249407
1.508520566863188
2.2445709680098735
2.959047878041954
3.645069430618211
4.295908408079253
4.905378863152073
5.4676814702682295
5.977248876882019
6.429286973856861
6.81938827376074
7.143841208229854
7.399475479286787
7.58389403236325
7.695163758936426
7.732434091256282
7.695163758936426
7.58389403236325
7.399475479286787
7.143841208229854
6.81938827376074
6.429286973856861
5.977248876882019
5.4676814702682295
4.905378863152073
4.295908408079253
3.645069430618211
2.959047878041954
2.2445709680098735
1.508520566863188
0.7579331896249407
0.7438604090854479
1.4805113977604576
2.202895322886389
2.9041063185964013
3.5773902962954516
4.216144944660297
4.81429917281899
5.366161333079076
5.866267443655806
6.309912409123418
6.692770577235649
7.01119929346933
7.262087123752588
7.443081520372543
7.55228526743171
7.588863589935197
7.55228526743171
7.443081520372543
7.262087123752588
7.01119929346933
6.692770577235649
6.309912409123418
5.866267443655806
5.366161333079076
4.81429917281899
4.216144944660297
3.5773902962954516
2.9041063185964013
2.202895322886389
1.4805113977604576
0.7438604090854479
0.729916147089695
1.4527580201563826
2.161600277261749
2.849666508552178
3.510329236258745
4.1371099146972234
4.724051260479817
5.265568320430465
5.756299539500154
6.191628023063342
6.567309206706221
6.879768720396116
7.125953456396784
7.303554967395449
7.4107116023334285
7.446604234744898
7.4107116023334285
7.303554967395449
7.125953456396784
6.879768720396116
6.567309206706221
6.191628023063342
5.756299539500154
5.265568320430465
4.724051260479817
4.1371099146972234
3.510329236258745
2.849666508552178
2.161600277261749
1.4527580201563826
0.729916147089695
0.7161004036376816
1.425260434050962
2.1206858311359538
2.7957284479092834
3.4438862505080907
4.058803318190031
4.634635126134553
5.165902432322393
5.64734516441506
6.074433815676629
6.443004162172456
6.749549489010215
6.991074477219374
7.16531437343197
7.270442763641583
7.305656025685386
7.270442763641583
7.16531437343197
6.991074477219374
6.749549489010215
6.443004162172456
6.074433815676629
5.64734516441506
5.165902432322393
4.634635126134553
4.058803318190031
3.4438862505080907
2.7957284479092834
2.1206858311359538
1.425260434050962
0.7161004036376816
0.7024131787294078
1.398018639444197
2.0801519845090026
2.742292136667719
3.378061339043489
3.9812251551387177
4.546050769783198
5.067163668754861
5.539404318400525
5.958329786963281
6.319855443634355
6.620541599311624
6.857450186220358
7.028359738482105
7.1314787513561715
7.1660189627566595
7.1314787513561715
7.028359738482105
6.857450186220358
6.620541599311624
6.319855443634355
5.958329786963281
5.539404318400525
5.067163668754861
4.546050769783198
3.9812251551387177
3.378061339043489
2.742292136667719
2.0801519845090026
1.398018639444197
0.7024131787294078
0.6888544723648737
1.3710326363360867
2.039998737380897
2.689357574827483
3.31285450186494
3.9043754255432854
4.458298191425753
4.96935202972787
5.432477001456551
5.843315936923298
6.197863051091915
6.492745051300342
6.725080583399738
6.892691062545853
6.993819565477198
7.02769304595872
6.993819565477198
6.892691062545853
6.725080583399738
6.492745051300342
6.197863051091915
5.843315936923298
5.432477001456551
4.96935202972787
4.458298191425753
3.9043754255432854
3.31285450186494
2.689357574827483
2.039998737380897
1.3710326363360867
0.6888544723648737
0.6754242845440792
1.3443024247266315
2.0002260897516355
2.6369247623885768
3.248265738972444
3.8282541294037347
4.371377391062217
4.872467515241419
5.326563213583134
5.729392265556678
6.077026984545138
6.366159844976371
6.593965668757511
6.758308345623215
6.85746520600466
6.890678275291566
6.85746520600466
6.758308345623215
6.593965668757511
6.366159844976371
6.077026984545138
5.729392265556678
5.326563213583134
4.872467515241419
4.371377391062217
3.8282541294037347
3.248265738972444
2.6369247623885768
2.0002260897516355
1.3443024247266315
0.6754242845440792
0.6621226152670245
1.3178280046158317
1.9608340416212187
2.584993699350999
3.1842950503660004
3.752861266720065
4.285288368692591
4.776510125295507
5.2216629547802755
5.616558772863425
5.957347243994025
6.240785980339711
6.46410544229368
6.625211587714191
6.722415672938558
6.754974650755198
6.722415672938558
6.625211587714191
6.46410544229368
6.240785980339711
5.957347243994025
5.616558772863425
5.2216629547802755
4.776510125295507
4.285288368692591
3.752861266720065
3.1842950503660004
2.584993699350999
1.9608340416212187
1.3178280046158317
0.6621226152670245
0.6489494645337094
1.2916093760036866
1.9218225929896464
2.5335643857147514
3.1209424360456093
3.678196837492276
4.200031124316873
4.681479859890136
5.117776225047977
5.504815458843536
5.8388238294385735
6.1166234573903635
6.335499904008242
6.493400788818781
6.58867096627889
6.620582172349616
6.58867096627889
6.493400788818781
6.335499904008242
6.1166234573903635
5.8388238294385735
5.504815458843536
5.117776225047977
4.681479859890136
4.200031124316873
3.678196837492276
3.1209424360456093
2.5335643857147514
1.9218225929896464
1.2916093760036866
0.6489494645337094
0.635904832344134
1.2656465388901967
1.8831917438569188
2.482636821479833
3.058207896011271
3.604260841720368
4.115605657935066
4.587376719025306
5.014903024386237
5.394162323497011
5.721456740878787
5.993672276128326
6.2081490539012
6.362875948936984
6.45623108602566
6.48750084007482
6.45623108602566
6.362875948936984
6.2081490539012
5.993672276128326
5.721456740878787
5.394162323497011
5.014903024386237
4.587376719025306
4.115605657935066
3.604260841720368
3.058207896011271
2.482636821479833
1.8831917438569188
1.2656465388901967
0.635904832344134
0.6229887186982982
1.239939493275362
1.8449414942230358
2.4322110066462432
2.9960914302629846
3.5310532794043406
4.032011969547169
4.494200702701016
4.913043352795056
5.284599366823852
5.605245978314662
5.871932436553599
6.082052891972551
6.233637068068801
6.325096032178864
6.355730653930811
6.325096032178864
6.233637068068801
6.082052891972551
5.871932436553599
5.605245978314662
5.284599366823852
4.913043352795056
4.494200702701016
4.032011969547169
3.5310532794043406
2.9960914302629846
2.4322110066462432
1.8449414942230358
1.239939493275362
0.6229887186982982
0.610201123596202
1.2144882391591825
1.8070718440879974
2.382286941213983
2.934593038800751
3.458574150544194
3.949250059153179
4.401951810917265
4.812197210274435
5.176126588824057
5.4901915417462
5.751403938666181
5.957211418222298
6.105684146214232
6.195265804738504
6.225271613917588
6.195265804738504
6.105684146214232
5.957211418222298
5.751403938666181
5.4901915417462
5.176126588824057
4.812197210274435
4.401951810917265
3.949250059153179
3.458574150544194
2.934593038800751
2.382286941213983
1.8070718440879974
1.2144882391591825
0.610201123596202
0.5975420470378455
1.1892927765416579
1.7695827934518036
2.332864625183052
2.8737127216245706
3.3868234551399286
3.8673199267530998
4.310630043674056
4.712364596824373
5.068743989497627
5.376293431173401
5.632086782466076
5.833624632650438
5.979017183373277
6.06674040370458
6.096123720035151
6.06674040370458
5.979017183373277
5.833624632650438
5.632086782466076
5.376293431173401
5.068743989497627
4.712364596824373
4.310630043674056
3.8673199267530998
3.3868234551399286
2.8737127216245706
2.332864625183052
1.7695827934518036
1.1892927765416579
0.5975420470378455
0.5850114890232287
1.1643531054227882
1.7324743423144544
2.28394405855345
2.813450478734442
3.3158011931915445
3.78622157234693
4.220235400971386
4.613545512444869
4.962451568844562
5.263551646596266
5.51398096795328
5.711292535256972
5.853636179545934
5.939519829077094
5.9682869722835
5.939519829077094
5.853636179545934
5.711292535256972
5.51398096795328
5.263551646596266
4.962451568844562
4.613545512444869
4.220235400971386
3.78622157234693
3.3158011931915445
2.813450478734442
2.28394405855345
1.7324743423144544
1.1643531054227882
0.5850114890232287
0.5726094495523516
1.1396692258025738
1.6957464906759498
2.2355252413251776
2.7538063101303663
3.2455073646990407
3.7059549959346696
4.130767882809256
4.515739957135924
4.857249326864863
5.151966188014792
5.397086495127796
5.590215126041903
5.729541134732208
5.813604080856042
5.841761370662636
5.813604080856042
5.729541134732208
5.590215126041903
5.397086495127796
5.151966188014792
4.857249326864863
4.515739957135924
4.130767882809256
3.7059549959346696
3.2455073646990407
2.7538063101303663
2.2355252413251776
1.6957464906759498
1.1396692258025738
0.5726094495523516
0.5603359286252141
1.1152411376810143
1.65939923853629
2.1876081734982344
2.6947802158123437
3.175941969662418
3.6265201975163186
4.042227489187667
4.418947930897539
4.753137263558527
5.041537055428982
5.281403363989622
5.470392405005227
5.606732048932093
5.688993159041425
5.716546915172557
5.688993159041425
5.606732048932093
5.470392405005227
5.281403363989622
5.041537055428982
4.753137263558527
4.418947930897539
4.042227489187667
3.6265201975163186
3.175941969662418
2.6947802158123437
2.1876081734982344
1.65939923853629
1.1152411376810143
0.5603359286252141
0.5481909262418162
1.09106884105811
1.6234325858954746
2.1401928550726206
2.636372195780373
3.1071050080816756
3.547917177091877
3.954614220106618
4.323169433729712
4.650115378925556
4.932264248838835
5.16693157453876
5.351824372146946
5.485208922145593
5.565687063633245
5.592643605813265
5.565687063633245
5.485208922145593
5.351824372146946
5.16693157453876
4.932264248838835
4.650115378925556
4.323169433729712
3.954614220106618
3.547917177091877
3.1071050080816756
2.636372195780373
2.1401928550726206
1.6234325858954746
1.09106884105811
0.5481909262418162
0.5361744424021581
1.0671523359338608
1.5878465327535038
2.0932792860483356
2.5785822500344553
3.0389964799568143
3.4701459346613452
3.8679280755661085
4.228404465632444
4.5481836729659495
4.824147768244351
5.053671126775207
5.23451102746706
5.364971754372707
5.4436857946315005
5.470051442584759
5.4436857946315005
5.364971754372707
5.23451102746706
5.053671126775207
4.824147768244351
4.5481836729659495
4.228404465632444
3.8679280755661085
3.4701459346613452
3.0389964799568143
2.5785822500344553
2.0932792860483356
1.5878465327535038
1.0671523359338608
0.5361744424021581
0.5242864771062395
1.0434916223082664
1.5526410791103777
2.0468674664253803
2.5214103785745903
2.9716163852878337
3.3932064702247224
3.7821690555661402
4.1346530266057355
4.447342145679709
4.71718761364553
4.941622020698966
5.118452370965567
5.246020545613434
5.32298935203619
5.3487704254870385
5.32298935203619
5.246020545613434
5.118452370965567
4.941622020698966
4.71718761364553
4.447342145679709
4.1346530266057355
3.7821690555661402
3.3932064702247224
2.9716163852878337
2.5214103785745903
2.0468674664253803
1.5526410791103777
1.0434916223082664
0.5242864771062395
0.5125270303540608
1.0200867001813274
1.5178162249660958
2.000957396203754
2.4648565814007775
2.904964724074735
3.3170987837820096
3.6973371601067115
4.041915116649586
4.347590797066832
4.611383785042372
4.830784256310034
5.00364840264247
5.128355295867775
5.2035977358473176
5.228800554520105
5.2035977358473176
5.128355295867775
5.00364840264247
4.830784256310034
4.611383785042372
4.347590797066832
4.041915116649586
3.6973371601067115
3.3170987837820096
2.904964724074735
2.4648565814007775
2.000957396203754
1.5178162249660958
1.0200867001813274
0.5125270303540608
0.5008961021456215
0.9969375695530434
1.483371970320659
1.9555490753834568
2.4089208585130173
2.839041496317516
3.241822875333206
3.6134323891878233
3.950190735763995
4.24892962712732
4.5067362824348765
4.721157833608414
4.890099122497766
5.011976005135729
5.085510946064881
5.110141829683957
5.085510946064881
5.011976005135729
4.890099122497766
4.721157833608414
4.5067362824348765
4.24892962712732
3.950190735763995
3.6134323891878233
3.241822875333206
2.839041496317516
2.4089208585130173
1.9555490753834568
1.483371970320659
0.9969375695530434
0.5008961021456215
0.48939369248092196
0.9740442304234143
1.4493083151740667
1.9106425039644892
2.35360320991131
2.7738467020161783
3.1673787448783117
3.530454742809475
3.8594798839489637
4.151358635861174
4.403245105823044
4.612742752594105
4.777804530531458
4.896882673417298
4.968728982688878
4.992794250978595
4.968728982688878
4.896882673417298
4.777804530531458
4.612742752594105
4.403245105823044
4.151358635861174
3.8594798839489637
3.530454742809475
3.1673787448783117
2.7738467020161783
2.35360320991131
1.9106425039644892
1.4493083151740667
0.9740442304234143
0.48939369248092196
0.478019801359962
0.9514066827924405
1.415625259526319
1.866237681946851
2.2989036355956554
2.7093803411707214
3.093766392417326
3.4484042209716668
3.769782561204492
4.0548778232683915
4.300910255206874
4.505539013267106
4.666764626743543
4.78307530071248
4.853251845719312
4.876757818404021
4.853251845719312
4.78307530071248
4.666764626743543
4.505539013267106
4.300910255206874
4.0548778232683915
3.769782561204492
3.4484042209716668
3.093766392417326
2.7093803411707214
2.2989036355956554
1.866237681946851
1.415625259526319
0.9514066827924405
0.478019801359962
0.46677442878274183
0.9290249266601216
1.382322803377416
1.8223346093305415
2.2448221355660527
2.645642413781146
3.020985817950251
3.3672808236743994
3.681098767530578
3.9594871893489736
4.199731730586367
4.399546615627418
4.556979411134024
4.670553887021276
4.739079535156183
4.762032531960231
4.739079535156183
4.670553887021276
4.556979411134024
4.399546615627418
4.199731730586367
3.9594871893489736
3.681098767530578
3.3672808236743994
3.020985817950251
2.645642413781146
2.2448221355660527
1.8223346093305415
1.382322803377416
0.9290249266601216
0.46677442878274183
0.4556575747492613
0.9068989620264579
1.3494009467273576
1.7789332861155613
2.1913587098225036
2.5826329198474505
2.949037021477085
3.2870845509176716
3.5934285029272237
3.8651867341029207
4.099709531961524
4.294765559675041
4.448448883702898
4.5593184323436855
4.626212050999488
4.648618391647228
4.626212050999488
4.5593184323436855
4.448448883702898
4.294765559675041
4.099709531961524
3.8651867341029207
3.5934285029272237
3.2870845509176716
2.949037021477085
2.5826329198474505
2.1913587098225036
1.7789332861155613
1.3494009467273576
0.9068989620264579
0.4556575747492613
0.44466923925952034
0.8850287888914492
1.3168596895761433
1.7360337123019107
2.1385133583650062
2.520351859369636
2.8779200029978282
3.2078154027014842
3.506771767394428
3.771976457530233
4.000843659332343
4.1911958454099745
4.3411730444501675
4.44936893667971
4.514649393249229
4.536515397465011
4.514649393249229
4.44936893667971
4.3411730444501675
4.1911958454099745
4.000843659332343
3.771976457530233
3.506771767394428
3.2078154027014842
2.8779200029978282
2.520351859369636
2.1385133583650062
1.7360337123019107
1.3168596895761433
0.8850287888914492
0.44466923925952034
0.4338094223135191
0.8634144072550956
1.284699031923774
1.6936358878895892
2.086286081193562
2.458799232347703
2.8076347625124813
3.129473379025837
3.4211285609321918
3.6798563596309095
3.9031341126988246
4.0888374728322185
4.235151893375832
4.340705400029346
4.404391561905406
4.42572354941358
4.404391561905406
4.340705400029346
4.235151893375832
4.0888374728322185
3.9031341126988246
3.6798563596309095
3.4211285609321918
3.129473379025837
2.8076347625124813
2.458799232347703
2.086286081193562
1.6936358878895892
1.284699031923774
0.8634144072550956
0.4338094223135191
0.42307812391125754
0.842055817117397
1.2529189737702495
1.651739812878597
2.0346768783081703
2.3979750387816505
2.7381813000210435
3.05205847989073
3.3364988835405143
3.5888264404049512
3.80658089206097
3.987690441941774
4.13038543047989
4.233327822392598
4.295438556968019
4.316242847492936
4.295438556968019
4.233327822392598
4.13038543047989
3.987690441941774
3.80658089206097
3.5888264404049512
3.3364988835405143
3.05205847989073
2.7381813000210435
2.3979750387816505
2.0346768783081703
1.651739812878597
1.2529189737702495
0.842055817117397
0.42307812391125754
0.4124753440527356
0.8209530184783536
1.221519515115569
1.6103454872689338
1.983685749708831
2.337879278671479
2.6695596155235153
2.9755707052961635
3.2528827352193956
3.498886699852358
3.7111839974187784
3.88775475273864
4.026873655762343
4.1272362037694625
4.187790378437068
4.208073291703077
4.187790378437068
4.1272362037694625
4.026873655762343
3.88775475273864
3.7111839974187784
3.498886699852358
3.2528827352193956
2.9755707052961635
2.6695596155235153
2.337879278671479
1.983685749708831
1.6103454872689338
1.221519515115569
0.8209530184783536
0.4124753440527356
0.4020010827379534
0.800106011337965
1.1905006559597338
1.5694529110606001
1.9333126953955442
2.278511952017188
2.6017697090198966
2.900010055242137
3.1702801159688363
3.4100371379731294
3.6169434287722497
3.789030405222816
3.9246165692231907
4.022430544159941
4.081447026312553
4.1012148820440055
4.081447026312553
4.022430544159941
3.9246165692231907
3.789030405222816
3.6169434287722497
3.4100371379731294
3.1702801159688363
2.900010055242137
2.6017697090198966
2.278511952017188
1.9333126953955442
1.5694529110606001
1.1905006559597338
0.800106011337965
0.4020010827379534
0.39165533996691076
0.7795147956962317
1.159862396302743
1.5290620842535956
1.8835577153683103
2.219873058818778
2.534811580510187
2.82537652972865
3.0886910257888363
3.3222777547672653
3.5238591861213835
3.691517399394303
3.8236141708624327
3.9189108435640327
3.976408500594474
3.9956676185157187
3.976408500594474
3.9189108435640327
3.8236141708624327
3.691517399394303
3.5238591861213835
3.3222777547672653
3.0886910257888363
2.82537652972865
2.534811580510187
2.219873058818778
1.8835577153683103
1.5290620842535956
1.159862396302743
0.7795147956962317
0.39165533996691076
0.38143811573960784
0.7591793715531535
1.1296047361445964
1.4891730068479205
1.8344208096271286
2.161962599076249
2.468685229994387
2.751670128755704
3.0081154646793946
3.235608550234766
3.43193126946618
3.5952157352531007
3.723866460680069
3.8166771019817385
3.87267480128283
3.8914315011182197
3.87267480128283
3.8166771019817385
3.723866460680069
3.5952157352531007
3.43193126946618
3.235608550234766
3.0081154646793946
2.751670128755704
2.468685229994387
2.161962599076249
1.8344208096271286
1.4891730068479205
1.1296047361445964
0.7591793715531535
0.38143811573960784
0.37134941005604455
0.7390997389087303
1.099727675485295
1.4497856788435743
1.7859019781719996
2.104780572789601
2.403390657472497
2.678890852323298
2.9285534326405123
3.1500295243756313
3.3411596788066396
3.5001254127992096
3.6253734386761
3.7157293194130583
3.7702459283776215
3.7885065298515057
3.7702459283776215
3.7157293194130583
3.6253734386761
3.5001254127992096
3.3411596788066396
3.1500295243756313
2.9285534326405123
2.678890852323298
2.403390657472497
2.104780572789601
1.7859019781719996
1.4497856788435743
1.099727675485295
0.7390997389087303
0.37134941005604455
0.36138922291622094
0.7192758977629622
1.070231214324838
1.4109001002405577
1.7380012210029236
2.0483269799588335
2.338927862944516
2.607038700431432
2.8500049296721883
3.065540677189862
3.2515444141427627
3.4062464320326282
3.5281351048505254
3.616067495857992
3.6691218818788487
3.6868927047155777
3.6691218818788487
3.616067495857992
3.5281351048505254
3.4062464320326282
3.2515444141427627
3.065540677189862
2.8500049296721883
2.607038700431432
2.338927862944516
2.0483269799588335
1.7380012210029236
1.4109001002405577
1.070231214324838
0.7192758977629622
0.36138922291622094
0.35155755432013697
0.6997078481158492
1.0411153526632253
1.37251627103887
1.6907185381199
1.9926018205839473
2.275296846410444
2.536113673080107
2.772469955774424
2.982142008677457
3.1630854754745483
3.3135787929533587
3.4321514592033453
3.5176916313165396
3.5693026617865122
3.5865900257104366
3.5693026617865122
3.5176916313165396
3.4321514592033453
3.3135787929533587
3.1630854754745483
2.982142008677457
2.772469955774424
2.536113673080107
2.275296846410444
1.9926018205839473
1.6907185381199
1.37251627103887
1.0411153526632253
0.6997078481158492
0.35155755432013697
0.3418544042677927
0.6803955899673912
1.0123800905004576
1.3346341912385118
1.6440539295229288
1.937605094664942
2.2124976078702816
2.4661157702693215
2.6959485109472188
2.899833518838417
3.075782862801997
3.222122495561399
3.3374225017345602
3.4206017257887007
3.4707882681006113
3.4875984928360815
3.4707882681006113
3.4206017257887007
3.3374225017345602
3.222122495561399
3.075782862801997
2.899833518838417
2.6959485109472188
2.4661157702693215
2.2124976078702816
1.937605094664942
1.6440539295229288
1.3346341912385118
1.0123800905004576
0.6803955899673912
0.3418544042677927
0.3322797727591881
0.6613391233175883
0.9840254278365345
1.2972538608394826
1.5980073952120104
1.883336802201817
2.150530147324029
2.3970449919990764
2.620440595190573
2.818615207672741
2.989636576125109
3.13187753985675
3.243948232444169
3.3247977792744754
3.373578700821146
3.3899181060925123
3.373578700821146
3.3247977792744754
3.243948232444169
3.13187753985675
2.989636576125109
2.818615207672741
2.620440595190573
2.3970449919990764
2.150530147324029
1.883336802201817
1.5980073952120104
1.2972538608394826
0.9840254278365345
0.6613391233175883
0.3322797727591881
0.32283365979432305
0.6425384481664405
0.9560513646714558
1.260375279841783
1.5525789351871446
1.8297969431945733
2.0893944647716856
2.3289013382693717
2.5459462085044855
2.7384870751804304
2.904646615443883
3.0428439258394127
3.1517286513321725
3.230279791773864
3.2776739599481175
3.293548865479729
3.2776739599481175
3.230279791773864
3.1517286513321725
3.0428439258394127
2.904646615443883
2.7384870751804304
2.5459462085044855
2.3289013382693717
2.0893944647716856
1.8297969431945733
1.5525789351871446
1.260375279841783
0.9560513646714558
0.6425384481664405
0.32283365979432305
0.3135160653731977
0.6239935645139477
0.9284579010052219
1.2239984482454125
1.5077685494483313
1.7769855176432106
2.0290905602132514
2.261684809080207
2.472465350888957
2.6594491213614844
2.82081298075832
2.9550216535093856
3.0607637583985703
3.137047763286866
3.1830740454815234
3.1984907709977324
3.1830740454815234
3.137047763286866
3.0607637583985703
2.9550216535093856
2.82081298075832
2.6594491213614844
2.472465350888957
2.261684809080207
2.0290905602132514
1.7769855176432106
1.5077685494483313
1.2239984482454125
0.9284579010052219
0.6239935645139477
0.3135160653731977
0.30432698949581205
0.60570447236011
0.9012450368378323
1.1881233660503712
1.4635762379955706
1.7249025255477282
1.9696184336487268
2.1953954044315824
2.399998022343988
2.5815013462159038
2.7381356720684207
2.868410722866669
2.971053553643363
3.0451016938134825
3.0897789574213657
3.104743822646522
3.0897789574213657
3.0451016938134825
2.971053553643363
2.868410722866669
2.7381356720684207
2.5815013462159038
2.399998022343988
2.1953954044315824
1.9696184336487268
1.7249025255477282
1.4635762379955706
1.1881233660503712
0.9012450368378323
0.60570447236011
0.30432698949581205
0.2952664321621661
0.5876711717049274
0.8744127721692875
1.1527500332566591
1.4200020008288625
1.6735479669081272
1.9109780850781122
2.130033124323498
2.3285442228695774
2.5046437497436873
2.656614689374184
2.783011133911263
2.88259803706655
2.954441583353712
2.9977886957676434
3.0123080204260972
2.9977886957676434
2.954441583353712
2.88259803706655
2.783011133911263
2.656614689374184
2.5046437497436873
2.3285442228695774
2.130033124323498
1.9109780850781122
1.6735479669081272
1.4200020008288625
1.1527500332566591
0.8744127721692875
0.5876711717049274
0.2952664321621661
0.2863343933722597
0.5698936625483999
0.8479611069995874
1.1178784498642764
1.377045837948207
1.6229218417244067
1.8531695145014064
2.065597968755954
2.258103952465726
2.428876331944836
2.5762500326756106
2.698822886643168
2.795397208668132
2.8650674319075558
2.907103260520358
2.9211833643364593
2.907103260520358
2.8650674319075558
2.795397208668132
2.698822886643168
2.5762500326756106
2.428876331944836
2.258103952465726
2.065597968755954
1.8531695145014064
1.6229218417244067
1.377045837948207
1.1178784498642764
0.8479611069995874
0.5698936625483999
0.2863343933722597
0.27753087312609304
0.5523719448905274
0.8218900413287318
1.0835086158732228
1.3347077493536041
1.5730241499965674
1.79619272191861
2.00208993772895
2.188677211132434
2.354199092819349
2.4970417019726994
2.615845981062384
2.7094510684481072
2.7769792394750135
2.817722651679507
2.831369854377607
2.817722651679507
2.7769792394750135
2.7094510684481072
2.615845981062384
2.4970417019726994
2.354199092819349
2.188677211132434
2.00208993772895
1.79619272191861
1.5730241499965674
1.3347077493536041
1.0835086158732228
0.8218900413287318
0.5523719448905274
0.27753087312609304
0.268855871423666
0.53510601873131
0.7961995751567208
1.0496405312834987
1.2929877350450538
1.5238548917246089
1.7400477073297236
1.939509031242486
2.1202639988697007
2.280612032367227
2.4189896972654514
2.534080417168911
2.6247596164064784
2.6901770060560843
2.729646869245092
2.742867490549541
2.729646869245092
2.6901770060560843
2.6247596164064784
2.534080417168911
2.4189896972654514
2.280612032367227
2.1202639988697007
1.939509031242486
1.7400477073297236
1.5238548917246089
1.2929877350450538
1.0496405312834987
0.7961995751567208
0.53510601873131
0.268855871423666
0.2603093882649787
0.5180958840707477
0.7708897084835544
1.0162741960951034
1.2518857950225561
1.475414066908531
1.6847344707347462
1.8778552492965628
2.0528643156775264
2.20811515058847
2.3420940185538663
2.4535261949627474
2.5413228525432436
2.6046607316507697
2.6428759132171136
2.6556762728522614
2.6428759132171136
2.6046607316507697
2.5413228525432436
2.4535261949627474
2.3420940185538663
2.20811515058847
2.0528643156775264
1.8778552492965628
1.6847344707347462
1.475414066908531
1.2518857950225561
1.0162741960951034
0.7708897084835544
0.5180958840707477
0.2603093882649787
0.251891423650031
0.5013415409088405
0.7459604413092327
0.9834096103080378
1.2114019292861111
1.427701675548334
1.6302530121336782
1.8171285918911793
1.9864781615559113
2.1367084474830773
2.2663546658379445
2.3741833144438953
2.4591407768584026
2.5204304162590687
2.55740978359557
2.569796201285768
2.55740978359557
2.5204304162590687
2.4591407768584026
2.3741833144438953
2.2663546658379445
2.1367084474830773
1.9864781615559113
1.8171285918911793
1.6302530121336782
1.427701675548334
1.2114019292861111
0.9834096103080378
0.7459604413092327
0.5013415409088405
0.251891423650031
0.2436019775788229
0.48484298924558833
0.7214117736337555
0.9510467739223011
1.1715361378357185
1.3807177176440182
1.5766033315265198
1.7573290590263364
1.921105536504855
2.0663919230510497
2.191771639117685
2.296051775612354
2.378213389351957
2.437486059880981
2.473248480380463
2.48522727585006
2.473248480380463
2.437486059880981
2.378213389351957
2.296051775612354
2.191771639117685
2.0663919230510497
1.921105536504855
1.7573290590263364
1.5766033315265198
1.3807177176440182
1.1715361378357185
0.9510467739223011
0.7214117736337555
0.48484298924558833
0.2436019775788229
0.23544105005135452
0.4686002290809912
0.697243705457123
0.9191856869378939
1.1322884206713786
1.3344621931955831
1.5237854289132708
1.6984566507020333
1.8567464405243577
1.9971655772923869
2.118344938393089
2.2191315784681236
2.2985406900239056
2.355827662516507
2.3903920035717916
2.401969496545139
2.3903920035717916
2.355827662516507
2.2985406900239056
2.2191315784681236
2.118344938393089
1.9971655772923869
1.8567464405243577
1.6984566507020333
1.5237854289132708
1.3344621931955831
1.1322884206713786
0.9191856869378939
0.697243705457123
0.4686002290809912
0.23544105005135452
0.2274086410676258
0.4526132604150492
0.673456236779335
0.8878263493548159
1.0936587777930913
1.2889351022030289
1.471799304293931
1.640511366918271
1.7934008736144196
1.9290294102070888
2.0460745636641557
2.1434227230112035
2.2201226788742483
2.275455224165647
2.308840353169556
2.320022863371004
2.308840353169556
2.275455224165647
2.2201226788742483
2.1434227230112035
2.0460745636641557
1.9290294102070888
1.7934008736144196
1.640511366918271
1.471799304293931
1.2889351022030289
1.0936587777930913
0.8878263493548159
0.673456236779335
0.4526132604150492
0.2274086410676258
0.21950475062763672
0.43688208324776223
0.6500493676003917
0.856968761173067
1.0556472092008564
1.2441364446663554
1.4206449576685012
1.583493207675048
1.7310688357750408
1.8619834217951554
1.9749605149308858
2.068925209241594
2.1429593559029865
2.196368744828401
2.2285935291737555
2.2393873763276546
2.2285935291737555
2.196368744828401
2.1429593559029865
2.068925209241594
1.9749605149308858
1.8619834217951554
1.7310688357750408
1.583493207675048
1.4206449576685012
1.2441364446663554
1.0556472092008564
0.856968761173067
0.6500493676003917
0.43688208324776223
0.21950475062763672
0.21172937873138728
0.42140669757913035
0.627023097920293
0.8266129223926475
1.0182537148946744
1.2000662205855628
1.3703223890369802
1.527402172972366
1.6697503270062204
1.796027612056587
1.9050027921932782
1.9956390371592956
2.0670507211101183
2.1185682245047683
2.149651531584391
2.160063035415092
2.149651531584391
2.1185682245047683
2.0670507211101183
1.9956390371592956
1.9050027921932782
1.796027612056587
1.6697503270062204
1.527402172972366
1.3703223890369802
1.2000662205855628
1.0182537148946744
0.8266129223926475
0.627023097920293
0.42140669757913035
0.21172937873138728
0.20408252537887756
0.40618710340915354
0.6043774277390388
0.7967588330135572
0.9814782948745447
1.1567244299606512
1.320831598399369
1.472238262810224
1.6094453473079589
1.731161980991383
1.8362013954513334
1.9235642067643075
1.9923967744956448
2.0420536631947495
2.0720143604014627
2.0820498406333154
2.0720143604014627
2.0420536631947495
1.9923967744956448
1.9235642067643075
1.8362013954513334
1.731161980991383
1.6094453473079589
1.472238262810224
1.320831598399369
1.1567244299606512
0.9814782948745447
0.7967588330135572
0.6043774277390388
0.40618710340915354
0.20408252537887756
0.1965641905701075
0.3912233007378318
0.5821123570566292
0.7674064930357961
0.945320949140468
1.1141110727916204
1.272172585755667
1.418001477188622
1.550153896680257
1.667386528599544
1.7685563247050522
1.8527007180566304
1.9189975160595663
1.9668250608983446
1.9956820156249702
2.0053477919823246
1.9956820156249702
1.9668250608983446
1.9189975160595663
1.8527007180566304
1.7685563247050522
1.667386528599544
1.550153896680257
1.418001477188622
1.272172585755667
1.1141110727916204
0.945320949140468
0.7674064930357961
0.5821123570566292
0.3912233007378318
0.1965641905701075
0.18917437430507705
0.37651528956516517
0.5602278858730644
0.7385559024593643
0.9097816776924438
1.0722261490784704
1.2243453511058748
1.3646918161075603
1.4918759751231137
1.6047012548810695
1.7020675799544334
1.7830485710362642
1.8468529458018819
1.8928824176155534
1.920654497254913
1.9299568894621209
1.920654497254913
1.8928824176155534
1.8468529458018819
1.7830485710362642
1.7020675799544334
1.6047012548810695
1.4918759751231137
1.3646918161075603
1.2243453511058748
1.0722261490784704
0.9097816776924438
0.7385559024593643
0.5602278858730644
0.37651528956516517
0.18917437430507705
0.18191307658378628
0.3620630698911536
0.538724014188344
0.7102070612842617
0.8748604805304718
1.0310696588212014
1.1773498944499916
1.3123092795670386
1.43461158263653
1.54310615983596
1.6367351611994778
1.7146077657032082
1.775963063722592
1.8202257333463758
1.846931805291292
1.8558771330727024
1.846931805291292
1.8202257333463758
1.775963063722592
1.7146077657032082
1.6367351611994778
1.54310615983596
1.43461158263653
1.3123092795670386
1.1773498944499916
1.0310696588212014
0.8748604805304718
0.7102070612842617
0.538724014188344
0.3620630698911536
0.18191307658378628
0.17478029740623516
0.347866641715797
0.5176007420024684
0.6823599695104884
0.8405573576545528
0.9906416020198131
1.1311862157880181
1.2608538675670575
1.3783607192205047
1.4826012434642153
1.572559068440185
1.6473783020574635
1.7063278698216968
1.7488550080908123
1.7745139397341065
1.7831085228140706
1.7745139397341065
1.7488550080908123
1.7063278698216968
1.6473783020574635
1.572559068440185
1.4826012434642153
1.3783607192205047
1.2608538675670575
1.1311862157880181
0.9906416020198131
0.8405573576545528
0.6823599695104884
0.5176007420024684
0.347866641715797
0.17478029740623516
0.16777603677242373
0.33392600503909564
0.4968580693154373
0.6550146271380445
0.8068723090646862
0.9509419786743057
1.085854315119954
1.2103255801076165
1.3231233848750383
1.4231865057658355
1.509539301676555
1.5813601800990291
1.6379473640991962
1.6787702418488621
1.703400900583357
1.7116510586862246
1.703400900583357
1.6787702418488621
1.6379473640991962
1.5813601800990291
1.509539301676555
1.4231865057658355
1.3231233848750383
1.2103255801076165
1.085854315119954
0.9509419786743057
0.8068723090646862
0.6550146271380445
0.4968580693154373
0.33392600503909564
0.16777603677242373
0.16090029468235192
0.32024115986104923
0.4764959961272507
0.6281710341669297
0.7738053347608722
0.9119707887846794
1.0413541924457994
1.1607244171887154
1.2688995796001312
1.3648619467408203
1.4476758609085885
1.516553399827906
1.5708215465550897
1.609971434620526
1.633592687839043
1.641504740689165
1.633592687839043
1.609971434620526
1.5708215465550897
1.516553399827906
1.4476758609085885
1.3648619467408203
1.2688995796001312
1.1607244171887154
1.0413541924457994
0.9119707887846794
0.7738053347608722
0.6281710341669297
0.4764959961272507
0.32024115986104923
0.16090029468235192
0.15415307113601978
0.3068121061816579
0.4565145224379089
0.6018291905971441
0.741356434743111
0.8737280323509337
0.9976858477655541
1.1120503788103548
1.2156893033957834
1.3076275663891694
1.3869687461362843
1.4529579612440928
1.5049504171893777
1.5424585864058036
1.565089301501165
1.5726695688228916
1.565089301501165
1.5424585864058036
1.5049504171893777
1.4529579612440928
1.3869687461362843
1.3076275663891694
1.2156893033957834
1.1120503788103548
0.9976858477655541
0.8737280323509337
0.741356434743111
0.6018291905971441
0.4565145224379089
0.3068121061816579
0.15415307113601978
0.14753436613342732
0.29363884400092166
0.43691364824741163
0.5759890964286878
0.7095256090114023
0.836213709373069
0.9548492810792182
1.0643034649725343
1.163492556261994
1.251483364710884
1.3274179573596432
1.390573864347591
1.4403339760020604
1.4762316972046952
1.4978907415697227
1.5051455430874041
1.4978907415697227
1.4762316972046952
1.4403339760020604
1.390573864347591
1.3274179573596432
1.251483364710884
1.163492556261994
1.0643034649725343
0.9548492810792182
0.836213709373069
0.7095256090114023
0.5759890964286878
0.43691364824741163
0.29363884400092166
0.14753436613342732
0.14104417967457453
0.2807213733188405
0.417693373555759
0.5506507516615607
0.6783128575657461
0.7994278198510851
0.912844492386792
1.017483675675254
1.1123093381987639
1.196429341705963
1.2690234945786654
1.3294011091383997
1.3769722229931376
1.4112907670172001
1.4319970080447162
1.4389326634827029
1.4319970080447162
1.4112907670172001
1.3769722229931376
1.3294011091383997
1.2690234945786654
1.196429341705963
1.1123093381987639
1.017483675675254
0.912844492386792
0.7994278198510851
0.6783128575657461
0.5506507516615607
0.417693373555759
0.2807213733188405
0.14104417967457453
0.13468251175946136
0.2680596941354145
0.3988536983629509
0.5258141562957629
0.6477181804061426
0.7633703637849821
0.8716714816882749
0.9715910109185141
1.062139649206093
1.1424654973744068
1.2117853577933502
1.269439695616519
1.3148651581626094
1.3476357958433192
1.3674081009261452
1.3740309300087878
1.3674081009261452
1.3476357958433192
1.3148651581626094
1.269439695616519
1.2117853577933502
1.1424654973744068
1.062139649206093
0.9715910109185141
0.8716714816882749
0.7633703637849821
0.6477181804061426
0.5258141562957629
0.3988536983629509
0.2680596941354145
0.13468251175946136
0.12844936238808788
0.25565380645064345
0.3803946226689875
0.5014793103312943
0.6177415775325915
0.7280413411747602
0.8313302489836674
0.9266254707023142
1.012983489283981
1.0895918317162157
1.1557035470036978
1.210689623781949
1.2540127815104758
1.2852667836830518
1.3041240202140103
1.310440342665659
1.3041240202140103
1.2852667836830518
1.2540127815104758
1.210689623781949
1.1557035470036978
1.0895918317162157
1.012983489283981
0.9266254707023142
0.8313302489836674
0.7280413411747602
0.6177415775325915
0.5014793103312943
0.3803946226689875
0.25565380645064345
0.12844936238808788
0.12234473156045404
0.2435037102645275
0.36231614647386867
0.47764621376815514
0.5883830489450932
0.6934407520204189
0.7918207942729693
0.8825870550266545
0.9648408584324278
1.037808344731389
1.1007780622097085
1.15315089363469
1.1944150930367363
1.224183730536398
1.2421447659083114
1.2481609014533164
1.2421447659083114
1.224183730536398
1.1944150930367363
1.15315089363469
1.1007780622097085
1.037808344731389
0.9648408584324278
0.8825870550266545
0.7918207942729693
0.6934407520204189
0.5883830489450932
0.47764621376815514
0.36231614647386867
0.2435037102645275
0.12234473156045404
0.11636861927655988
0.2316094055770666
0.3446182697775944
0.45431486660634507
0.5596425946436475
0.6595685963219584
0.7531431175561806
0.839475763891535
0.9177117566514338
0.9871150364199271
1.0470089034113823
1.0968235051747415
1.1360720927413919
1.1643866364033584
1.1814703380090477
1.1871926063717597
1.1814703380090477
1.1643866364033584
1.1360720927413919
1.0968235051747415
1.0470089034113823
0.9871150364199271
0.9177117566514338
0.839475763891535
0.7531431175561806
0.6595685963219584
0.5596425946436475
0.45431486660634507
0.3446182697775944
0.2316094055770666
0.11636861927655988
0.11052102553640537
0.21997089238826084
0.32730099258016476
0.4314852688458642
0.5315202146282543
0.626424874079379
0.7152972188333014
0.7972915972969558
0.8715961839409988
0.9375119067818299
0.994396070608719
1.0417074584021035
1.0789837806244416
1.105875501283932
1.12210073651622
1.1275354574209893
1.12210073651622
1.105875501283932
1.0789837806244416
1.0417074584021035
0.994396070608719
0.9375119067818299
0.8715961839409988
0.7972915972969558
0.7152972188333014
0.626424874079379
0.5315202146282543
0.4314852688458642
0.32730099258016476
0.21997089238826084
0.11052102553640537
0.10480195033999051
0.20858817069811011
0.3103643148815798
0.4091574204867127
0.5040159088989138
0.5940095852926803
0.6782830981043315
0.7560345552429166
0.826494140301123
0.8889989558170978
0.9429395638017185
0.9878027533167766
1.0231501566858858
1.0486503251781198
1.064035961429828
1.0691894546010052
1.064035961429828
1.0486503251781198
1.0231501566858858
0.9878027533167766
0.9429395638017185
0.8889989558170978
0.826494140301123
0.7560345552429166
0.6782830981043315
0.5940095852926803
0.5040159088989138
0.4091574204867127
0.3103643148815798
0.20858817069811011
0.10480195033999051
0.09921139368731532
0.19746124050661448
0.29380823668183936
0.3873313215288903
0.47712967745562584
0.5623227299618626
0.6421007553692712
0.7157046377294178
0.7824056257318059
0.8415761835257302
0.892639382990381
0.9351093899187604
0.9685712209257246
0.9927111080859212
1.007276012749872
1.0121545979118072
1.007276012749872
0.9927111080859212
0.9685712209257246
0.9351093899187604
0.892639382990381
0.8415761835257302
0.7824056257318059
0.7157046377294178
0.6421007553692712
0.5623227299618626
0.47712967745562584
0.3873313215288903
0.29380823668183936
0.19746124050661448
0.09921139368731532
0.09374935557837978
0.1865901018137739
0.2776327579809435
0.3660069719723973
0.45086152029839044
0.5313643080869257
0.6067501906281203
0.6763018447564592
0.739330640233048
0.7952435899077274
0.8434955281747062
0.8836273682080547
0.915246973343958
0.9380578500073364
0.9518208904763517
0.9564308873533951
0.9518208904763517
0.9380578500073364
0.915246973343958
0.8836273682080547
0.8434955281747062
0.7952435899077274
0.739330640233048
0.6763018447564592
0.6067501906281203
0.5313643080869257
0.45086152029839044
0.3660069719723973
0.2776327579809435
0.1865901018137739
0.09374935557837978
0.08841583601318391
0.1759747546195884
0.2618378787788923
0.34518437181723344
0.4252114374272077
0.5011343196678697
0.5722314038808788
0.6378261763240408
0.6972691838048489
0.7500011749630895
0.7955079993546946
0.8333566881846599
0.8631774139405858
0.8846905509423655
0.8976705946092671
0.9020183229257694
0.8976705946092671
0.8846905509423655
0.8631774139405858
0.8333566881846599
0.7955079993546946
0.7500011749630895
0.6972691838048489
0.6378261763240408
0.5722314038808788
0.5011343196678697
0.4252114374272077
0.34518437181723344
0.2618378787788923
0.1759747546195884
0.08841583601318391
0.0832108349917277
0.16561519892405793
0.24642359907568573
0.3248635210633989
0.4001794288420776
0.47163276470469456
0.5385443951275467
0.6002776324321625
0.6562212564472091
0.7058489386918163
0.7486767965303459
0.7842973498485757
0.8123625427156081
0.8326092108910081
0.8448251251486185
0.8489169046289298
0.8448251251486185
0.8326092108910081
0.8123625427156081
0.7842973498485757
0.7486767965303459
0.7058489386918163
0.6562212564472091
0.6002776324321625
0.5385443951275467
0.47163276470469456
0.4001794288420776
0.3248635210633989
0.24642359907568573
0.16561519892405793
0.0832108349917277
0.07813435251401114
0.15551143472718257
0.23138991887132376
0.3050444197108936
0.3757654945429999
0.4428596431974003
0.5056891643681242
0.5636562130808245
0.6161868581601281
0.6627868810939078
0.7030019197016599
0.7364493531998023
0.762802359669025
0.7818138298532645
0.7932844820944054
0.7971266324628765
0.7932844820944054
0.7818138298532645
0.762802359669025
0.7364493531998023
0.7030019197016599
0.6627868810939078
0.6161868581601281
0.5636562130808245
0.5056891643681242
0.4428596431974003
0.3757654945429999
0.3050444197108936
0.23138991887132376
0.15551143472718257
0.07813435251401114
0.07318638858003425
0.1456634620289623
0.21673683816580636
0.2857270677597175
0.351969634529975
0.4148149551459868
0.47366571160261095
0.5279619182700267
0.577165988943606
0.6208150021693642
0.6584833688686371
0.6898126982383396
0.7144968648008363
0.7323044078291349
0.7430486654466281
0.7466475064276092
0.7430486654466281
0.7323044078291349
0.7144968648008363
0.6898126982383396
0.6584833688686371
0.6208150021693642
0.577165988943606
0.5279619182700267
0.47366571160261095
0.4148149551459868
0.351969634529975
0.2857270677597175
0.21673683816580636
0.1456634620289623
0.07318638858003425
0.06836694318979702
0.13607128082939707
0.20246435695913362
0.26691146520987064
0.3287918488030026
0.38749870055045427
0.44247403683100717
0.49319474799976903
0.5391586487976433
0.5799333019181853
0.6151211440312773
0.6443873849641875
0.6674460581110422
0.6840809448186188
0.6941176752052866
0.6974795265231282
0.6941176752052866
0.6840809448186188
0.6674460581110422
0.6443873849641875
0.6151211440312773
0.5799333019181853
0.5391586487976433
0.49319474799976903
0.44247403683100717
0.38749870055045427
0.3287918488030026
0.26691146520987064
0.20246435695913362
0.13607128082939707
0.06836694318979702
0.06367601634329943
0.12673489112848693
0.18857247525130547
0.2485976120613531
0.30623213736208277
0.36091087941080263
0.4121141400533128
0.4593547022700517
0.5021648377222393
0.5401417803403711
0.57291524518958
0.6001734133773463
0.6216499395996425
0.6371434408217165
0.6464915113703809
0.6496226927494331
0.6464915113703809
0.6371434408217165
0.6216499395996425
0.6001734133773463
0.57291524518958
0.5401417803403711
0.5021648377222393
0.4593547022700517
0.4121141400533128
0.36091087941080263
0.30623213736208277
0.2485976120613531
0.18857247525130547
0.12673489112848693
0.06367601634329943
0.059113608040541527
0.11765429292623186
0.17506119304232187
0.23078550831416478
0.2842905002072156
0.3350514917270318
0.382586021269528
0.4264417810808744
0.46618455571739437
0.5014404374359218
0.5318656723435461
0.5571707834778157
0.5771085092666375
0.591491895838428
0.6001701739419109
0.6030770051065244
0.6001701739419109
0.591491895838428
0.5771085092666375
0.5571707834778157
0.5318656723435461
0.5014404374359218
0.46618455571739437
0.4264417810808744
0.382586021269528
0.3350514917270318
0.2842905002072156
0.23078550831416478
0.17506119304232187
0.11765429292623186
0.059113608040541527
0.054679718281523265
0.10882948622263186
0.16193051033218295
0.2134751539683057
0.26296693733840104
0.30992053749914183
0.3538896804796525
0.3944559844322374
0.4312178027831085
0.46382927320483724
0.4919724254931749
0.5153794952655959
0.5338217671120268
0.5471263098687533
0.5551536629198768
0.5578424635944017
0.5551536629198768
0.5471263098687533
0.5338217671120268
0.5153794952655959
0.4919724254931749
0.46382927320483724
0.4312178027831085
0.3944559844322374
0.3538896804796525
0.30992053749914183
0.26296693733840104
0.2134751539683057
0.16193051033218295
0.10882948622263186
0.054679718281523265
0.050374347066244676
0.10026047101768693
0.1491804271208886
0.19666654902377584
0.24226144875563901
0.28551801672713273
0.3260251176836866
0.36339731232414063
0.3972645789193816
0.4273082876471175
0.4532355046384666
0.47479954874068675
0.4917897131358109
0.5040466829126924
0.5114419783042784
0.5139190682130654
0.5114419783042784
0.5040466829126924
0.4917897131358109
0.47479954874068675
0.4532355046384666
0.4273082876471175
0.3972645789193816
0.36339731232414063
0.3260251176836866
0.28551801672713273
0.24226144875563901
0.19666654902377584
0.1491804271208886
0.10026047101768693
0.050374347066244676
0.04619749439470573
0.09194724731139708
0.13681094340843888
0.1803596934805753
0.2221740344589296
0.26184392941100454
0.29899233288162996
0.3332657647565841
0.3643248841262138
0.3918774807627624
0.4156549097794213
0.43543094390308845
0.45101234733798923
0.4622530149702452
0.4690351200951157
0.4713068189625151
0.4690351200951157
0.4622530149702452
0.45101234733798923
0.43543094390308845
0.4156549097794213
0.3918774807627624
0.3643248841262138
0.3332657647565841
0.29899233288162996
0.26184392941100454
0.2221740344589296
0.1803596934805753
0.13681094340843888
0.09194724731139708
0.04619749439470573
0.042149160266906446
0.08388981510376228
0.12482205919483375
0.16455458733870398
0.2027046944482728
0.2388982755507572
0.2727913260734828
0.30406134172956767
0.3323987184036049
0.35753685255177214
0.379230640916039
0.3972736807528008
0.41148966971856205
0.4217453060414117
0.42793308829238896
0.430005715842751
0.42793308829238896
0.4217453060414117
0.41148966971856205
0.3972736807528008
0.379230640916039
0.35753685255177214
0.3323987184036049
0.30406134172956767
0.2727913260734828
0.2388982755507572
0.2027046944482728
0.16455458733870398
0.12482205919483375
0.08388981510376228
0.042149160266906446
0.03822934468284682
0.07608817439478258
0.11321377448007325
0.14925123059816187
0.18385342872366858
0.2166810551463907
0.24742209725924505
0.27578404324309147
0.30148608175155506
0.3242864030141467
0.3439626980483196
0.36032775928982386
0.37322168027752955
0.38252355612619204
0.3881358828960978
0.390015758853773
0.3881358828960978
0.38252355612619204
0.37322168027752955
0.36032775928982386
0.3439626980483196
0.3242864030141467
0.30148608175155506
0.27578404324309147
0.24742209725924505
0.2166810551463907
0.18385342872366858
0.14925123059816187
0.11321377448007325
0.07608817439478258
0.03822934468284682
0.03443804764252688
0.06854232518445794
0.10198608926415731
0.13444962325894905
0.16562023728511702
0.19519226819790508
0.22288464643891673
0.24843386929715547
0.2715869741700642
0.2921261321498859
0.30985108117626303
0.32459317951415756
0.33620837901489153
0.3445877652245861
0.34964350390624255
0.3513369479955812
0.34964350390624255
0.3445877652245861
0.33620837901489153
0.32459317951415756
0.30985108117626303
0.2921261321498859
0.2715869741700642
0.24843386929715547
0.22288464643891673
0.19519226819790508
0.16562023728511702
0.13444962325894905
0.10198608926415731
0.06854232518445794
0.03443804764252688
0.03077526914594657
0.0612522674727884
0.09113900354708601
0.12014976532106543
0.14800512013261796
0.17443191470530034
0.1991789736124979
0.2220108198917596
0.24270139565913246
0.26105603995898996
0.27689579029986944
0.290069941425802
0.300449765930648
0.3079379333365939
0.312455951322823
0.3139692832681756
0.312455951322823
0.3079379333365939
0.300449765930648
0.290069941425802
0.27689579029986944
0.26105603995898996
0.24270139565913246
0.2220108198917596
0.1991789736124979
0.17443191470530034
0.14800512013261796
0.12014976532106543
0.09113900354708601
0.0612522674727884
0.03077526914594657
0.027241009193105934
0.054218001259773906
0.08067251732885933
0.10635165678451113
0.13100807726617156
0.15439999466857646
0.1763050787799885
0.19651489502690409
0.2148293462187596
0.23107612644145883
0.24509682541913877
0.2567580450247573
0.265945841024799
0.27257406046221555
0.27657322514583926
0.2779127646715561
0.27657322514583926
0.27257406046221555
0.265945841024799
0.2567580450247573
0.24509682541913877
0.23107612644145883
0.2148293462187596
0.19651489502690409
0.1763050787799885
0.15439999466857646
0.13100807726617156
0.10635165678451113
0.08067251732885933
0.054218001259773906
0.027241009193105934
0.023835267784004948
0.047439526545414466
0.07058663060947723
0.09305529764928604
0.11462910868577775
0.13509650808773344
0.15426296194138853
0.17194609470258868
0.1879708258489458
0.20218639159729232
0.21445418653407108
0.2246574903110232
0.2326966042973444
0.23849614660145088
0.24199532537529128
0.24316739220572287
0.24199532537529128
0.23849614660145088
0.2326966042973444
0.2246574903110232
0.21445418653407108
0.20218639159729232
0.1879708258489458
0.17194609470258868
0.15426296194138853
0.13509650808773344
0.11462910868577775
0.09305529764928604
0.07058663060947723
0.047439526545414466
0.023835267784004948
0.020558044918643634
0.04091684332971012
0.060881343388939746
0.08026068791539019
0.09886821439143653
0.11652145496277129
0.133052623096698
0.1483044189188135
0.16212583454969098
0.17438683542649072
0.18496787364466635
0.19376827728459992
0.20070205574828442
0.20570419175430002
0.20872225201117905
0.2097331658706757
0.20872225201117905
0.20570419175430002
0.20070205574828442
0.19376827728459992
0.18496787364466635
0.17438683542649072
0.16212583454969098
0.1483044189188135
0.133052623096698
0.11652145496277129
0.09886821439143653
0.08026068791539019
0.060881343388939746
0.04091684332971012
0.020558044918643634
0.017409340597021972
0.03464995161266086
0.051556655667246876
0.06796782758282359
0.08372539438314788
0.09867483529369005
0.11267406224591683
0.12558986767557853
0.13729437232099523
0.14767745792905387
0.15663788675092447
0.16409040594548727
0.16996219537761892
0.17419819592076294
0.17675400505350258
0.17761008566641473
0.17675400505350258
0.17419819592076294
0.16996219537761892
0.16409040594548727
0.15663788675092447
0.14767745792905387
0.13729437232099523
0.12558986767557853
0.11267406224591683
0.09867483529369005
0.08372539438314788
0.06796782758282359
0.051556655667246876
0.03464995161266086
0.017409340597021972
0.014389154819139969
0.028638851394266647
0.042612567444398605
0.05617671665158626
0.06920064866091188
0.08155664908048961
0.09312727938904514
0.10380244097288374
0.11347643916285843
0.12205825910498178
0.1294642258528456
0.13562387629368536
0.14047702318534794
0.14397815910083958
0.14609058450226192
0.1467981515929399
0.14609058450226192
0.14397815910083958
0.14047702318534794
0.13562387629368536
0.1294642258528456
0.12205825910498178
0.11347643916285843
0.10380244097288374
0.09312727938904514
0.08155664908048961
0.06920064866091188
0.05617671665158626
0.042612567444398605
0.028638851394266647
0.014389154819139969
0.011497487584997627
0.022883542674527524
0.03404907872039495
0.04488735512167817
0.05529397722472845
0.06516689632317009
0.07441227452608287
0.08294213881072915
0.09067203507528074
0.09752923895427443
0.10344689095042961
0.10836868832919413
0.11224653917147143
0.11504408129452995
0.11673199035745702
0.11729736365025129
0.11673199035745702
0.11504408129452995
0.11224653917147143
0.10836868832919413
0.10344689095042961
0.09752923895427443
0.09067203507528074
0.08294213881072915
0.07441227452608287
0.06516689632317009
0.05529397722472845
0.04488735512167817
0.03404907872039495
0.022883542674527524
0.011497487584997627
0.008734338894594944
0.017384025453443468
0.025866189495235878
0.03409974299309931
0.042005380074597615
0.04950557702173143
0.05652904765703007
0.06300896118911478
0.06888116005826198
0.07409039747693183
0.07858588204367653
0.08232484205201365
0.0852707433359895
0.0873959625018341
0.08867822261908792
0.08910772183834875
0.08867822261908792
0.0873959625018341
0.0852707433359895
0.08232484205201365
0.07858588204367653
0.07409039747693183
0.06888116005826198
0.06300896118911478
0.05652904765703007
0.04950557702173143
0.042005380074597615
0.03409974299309931
0.025866189495235878
0.017384025453443468
0.008734338894594944
0.0060997087479319236
0.012140299731014478
0.018063899768921435
0.023813880265849713
0.029334857210519386
0.034572691176173634
0.03947759878188667
0.04400290810804061
0.04810381411180226
0.051741734672954065
0.05488119913258646
0.05749233746214391
0.059549635678902035
0.06103380272275202
0.061929281287154636
0.06222922615723242
0.061929281287154636
0.06103380272275202
0.059549635678902035
0.05749233746214391
0.05488119913258646
0.051741734672954065
0.04810381411180226
0.04400290810804061
0.03947759878188667
0.034572691176173634
0.029334857210519386
0.023813880265849713
0.018063899768921435
0.012140299731014478
0.0060997087479319236
0.003593597145008561
0.00715236550724057
0.010642209541451592
0.01402976693992937
0.017282408632493737
0.020368238786496698
0.02325792790065273
0.025923979567506666
0.0283399972359015
0.03048325054234105
0.03233284221715926
0.03387117455958488
0.03508321620020907
0.0359576019572837
0.03648516636165702
0.03666187660690229
0.03648516636165702
0.0359576019572837
0.03508321620020907
0.03387117455958488
0.03233284221715926
0.03048325054234105
0.0283399972359015
0.025923979567506666
0.02325792790065273
0.020368238786496698
0.017282408632493737
0.01402976693992937
0.010642209541451592
0.00715236550724057
0.003593597145008561
0.0012160040858248573
0.002420222782121728
0.003601118812826369
0.00474740301533827
0.005848034340520697
0.006892219852700651
0.007870035013328197
0.008772175567512919
0.009589709430559812
0.010314945085092758
0.010940811297394992
0.011461353344336567
0.011871484899910634
0.012167360205429106
0.012345877842595221
0.012405673187358274
0.012345877842595221
0.012167360205429106
0.011871484899910634
0.011461353344336567
0.010940811297394992
0.010314945085092758
0.009589709430559812
0.008772175567512919
0.007870035013328197
0.006892219852700651
0.005848034340520697
0.00474740301533827
0.003601118812826369
0.002420222782121728
0.0012160040858248573
-0.0010330704296191845
-0.0020561284443420397
-0.0030593724169542605
-0.004033211507923587
-0.004968265665399749
-0.005855365625214548
-0.00668607988008689
-0.007452503891940659
-0.008147049304222886
-0.0087631816987907
-0.009294893626706296
-0.009737126183601036
-0.010085558221993307
-0.010336922532811682
-0.010488584270030799
-0.010539384101399568
-0.010488584270030799
-0.010336922532811682
-0.010085558221993307
-0.009737126183601036
-0.009294893626706296
-0.0087631816987907
-0.008147049304222886
-0.007452503891940659
-0.00668607988008689
-0.005855365625214548
-0.004968265665399749
-0.004033211507923587
-0.0030593724169542605
-0.0020561284443420397
-0.0010330704296191845
-0.0031536264013235678
-0.006276688172150734
-0.009339264147890276
-0.012312076629856186
-0.0151664913852676
-0.017874517647248872
-0.02041041677959253
-0.022750058810854
-0.02487027896844657
-0.02675112980930941
-0.028374272555144686
-0.029724264024227898
-0.030787913165502695
-0.03155524625743872
-0.03201821997622106
-0.03217329525937124
-0.03201821997622106
-0.03155524625743872
-0.030787913165502695
-0.029724264024227898
-0.028374272555144686
-0.02675112980930941
-0.02487027896844657
-0.022750058810854
-0.02041041677959253
-0.017874517647248872
-0.0151664913852676
-0.012312076629856186
-0.009339264147890276
-0.006276688172150734
-0.0031536264013235678
-0.005145663829288294
-0.010241456401304357
-0.015238556379981685
-0.020089192350459535
-0.024746642819082856
-0.029165236213402335
-0.03330297568518875
-0.037120489189227154
-0.04057997956211125
-0.04364889924646334
-0.04629732548792012
-0.048500060177544047
-0.05023557993061761
-0.051487610968452
-0.052243029275975544
-0.05249606028655676
-0.052243029275975544
-0.051487610968452
-0.05023557993061761
-0.048500060177544047
-0.04629732548792012
-0.04364889924646334
-0.04057997956211125
-0.037120489189227154
-0.03330297568518875
-0.029165236213402335
-0.024746642819082856
-0.020089192350459535
-0.015238556379981685
-0.010241456401304357
-0.005145663829288294
-0.007009182713513357
-0.013950433131802904
-0.020757249113228494
-0.027364558669733648
-0.03370871996684551
-0.03972752132367492
-0.04536375659687554
-0.05056379502706011
-0.0552761510852169
-0.059456490010252536
-0.06306405242503264
-0.06606451464354951
-0.068428558517338
-0.07013401666585153
-0.07116301216929424
-0.07150767918295611
-0.07116301216929424
-0.07013401666585153
-0.068428558517338
-0.06606451464354951
-0.06306405242503264
-0.059456490010252536
-0.0552761510852169
-0.05056379502706011
-0.04536375659687554
-0.03972752132367492
-0.03370871996684551
-0.027364558669733648
-0.020757249113228494
-0.013950433131802904
-0.007009182713513357
-0.008744183053998763
-0.017403618363646386
-0.02589534234763069
-0.034138175587678496
-0.042052722828555565
-0.04956137297806665
-0.05659275951465288
-0.06307997632435285
-0.06895879353776356
-0.07417390210067694
-0.07867445336648224
-0.08241762742224422
-0.0853668489256639
-0.0874944633496373
-0.08877816865617717
-0.08920815194856929
-0.08877816865617717
-0.0874944633496373
-0.0853668489256639
-0.08241762742224422
-0.07867445336648224
-0.07417390210067694
-0.06895879353776356
-0.06307997632435285
-0.05659275951465288
-0.04956137297806665
-0.042052722828555565
-0.034138175587678496
-0.02589534234763069
-0.017403618363646386
-0.008744183053998763
-0.010350664850744507
-0.02060101209683479
-0.03065283608318828
-0.04041004310429411
-0.04977865140421303
-0.05866679117657749
-0.0669899844385208
-0.07466903308110538
-0.0816279069197512
-0.08780113551773655
-0.0931285283122689
-0.0975593985136282
-0.10105045115559527
-0.10356895101980929
-0.10508849873662435
-0.10559747858339633
-0.10508849873662435
-0.10356895101980929
-0.10105045115559527
-0.0975593985136282
-0.0931285283122689
-0.08780113551773655
-0.0816279069197512
-0.07466903308110538
-0.0669899844385208
-0.05866679117657749
-0.04977865140421303
-0.04041004310429411
-0.03065283608318828
-0.02060101209683479
-0.010350664850744507
-0.011828628103750592
-0.023542614331368124
-0.03502973031990126
-0.04618016121958046
-0.05688650569381789
-0.06704377591920749
-0.0765554313684793
-0.08533096529731773
-0.09328349123117982
-0.10033819026143141
-0.10642627726239261
-0.11148982791770148
-0.11547936520713215
-0.11835747967636753
-0.12009400241063574
-0.12067565908743719
-0.12009400241063574
-0.11835747967636753
-0.11547936520713215
-0.11148982791770148
-0.10642627726239261
-0.10033819026143141
-0.09328349123117982
-0.08533096529731773
-0.0765554313684793
-0.06704377591920749
-0.05688650569381789
-0.04618016121958046
-0.03502973031990126
-0.023542614331368124
-0.011828628103750592
-0.013178072813017019
-0.02622842506724638
-0.03902602505776964
-0.05144852993353757
-0.06337628569737015
-0.07469232720595659
-0.08528910030452835
-0.09506577297298986
-0.10392554647204945
-0.1117850663317615
-0.1185677002168534
-0.12420891563446404
-0.1286535910802745
-0.131860049319312
-0.13379467967821135
-0.1344426934606919
-0.13379467967821135
-0.131860049319312
-0.1286535910802745
-0.12420891563446404
-0.1185677002168534
-0.1117850663317615
-0.10392554647204945
-0.09506577297298986
-0.08528910030452835
-0.07469232720595659
-0.06337628569737015
-0.05144852993353757
-0.03902602505776964
-0.02622842506724638
-0.013178072813017019
-0.014398998978543786
-0.028658444304469573
-0.0426417202967934
-0.05621514924616544
-0.06924799141486983
-0.08161244503682484
-0.09319099124666796
-0.10387345610812179
-0.11355407264236006
-0.12214176372872683
-0.12955279717565127
-0.13571666166391588
-0.14057312877502234
-0.14407665994864274
-0.1461905305393512
-0.14689858170316045
-0.1461905305393512
-0.14407665994864274
-0.14057312877502234
-0.13571666166391588
-0.12955279717565127
-0.12214176372872683
-0.11355407264236006
-0.10387345610812179
-0.09319099124666796
-0.08161244503682484
-0.06924799141486983
-0.05621514924616544
-0.0426417202967934
-0.028658444304469573
-0.014398998978543786
-0.015491406600330892
-0.030832672043037686
-0.045876816036972565
-0.06048001915746405
-0.0745016228463169
-0.08780412941181222
-0.10026110419489814
-0.11175401470271351
-0.12216906974211166
-0.13140828245232739
-0.1393815681387862
-0.14601306600605699
-0.15123797829137567
-0.1550073115643597
-0.15728155499405527
-0.15804332381484282
-0.15728155499405527
-0.1550073115643597
-0.15123797829137567
-0.14601306600605699
-0.1393815681387862
-0.13140828245232739
-0.12216906974211166
-0.11175401470271351
-0.10026110419489814
-0.08780412941181222
-0.0745016228463169
-0.06048001915746405
-0.045876816036972565
-0.030832672043037686
-0.015491406600330892
-0.016455295678378338
-0.032751108282950726
-0.04873131227830712
-0.06424313966743342
-0.07913717999171138
-0.09326738033091873
-0.1064994391492189
-0.11870744875676505
-0.12977053777130423
-0.13958462250256315
-0.14805401310625818
-0.1550981286608874
-0.1606481396293345
-0.16465200416646292
-0.16706775304232355
-0.16787691979573904
-0.16706775304232355
-0.16465200416646292
-0.1606481396293345
-0.1550981286608874
-0.14805401310625818
-0.13958462250256315
-0.12977053777130423
-0.11870744875676505
-0.1064994391492189
-0.09326738033091873
-0.07913717999171138
-0.06424313966743342
-0.04873131227830712
-0.032751108282950726
-0.016455295678378338
-0.017290666212686125
-0.0344137530242087
-0.05120520902079707
-0.06750451077607353
-0.08315466285105326
-0.09800219779414437
-0.11190599610963022
-0.12473375827027636
-0.1363584767299378
-0.14667078387943416
-0.15557013207806725
-0.16297184962840708
-0.16880361278889883
-0.17301073775495235
-0.17554912468415607
-0.1763993696458491
-0.17554912468415607
-0.17301073775495235
-0.16880361278889883
-0.16297184962840708
-0.15557013207806725
-0.14667078387943416
-0.1363584767299378
-0.12473375827027636
-0.11190599610963022
-0.09800219779414437
-0.08315466285105326
-0.06750451077607353
-0.05120520902079707
-0.0344137530242087
-0.017290666212686125
-0.017997518203254254
-0.0358206062668116
-0.05329850626444241
-0.0702641324833844
-0.08655407142434254
-0.10200858180148915
-0.1164807750761321
-0.12983294324324748
-0.14193288661801237
-0.1526667665829404
-0.16192992505421336
-0.169634228908616
-0.17570439777006863
-0.18008351232982803
-0.18272566991955283
-0.18361067336517298
-0.18272566991955283
-0.18008351232982803
-0.17570439777006863
-0.169634228908616
-0.16192992505421336
-0.1526667665829404
-0.14193288661801237
-0.12983294324324748
-0.1164807750761321
-0.10200858180148915
-0.08655407142434254
-0.0702641324833844
-0.05329850626444241
-0.0358206062668116
-0.017997518203254254
-0.01857585165008272
-0.03697166801075943
-0.05501120400924314
-0.07252200478936602
-0.08933540571157923
-0.10528653235295306
-0.12022377604872456
-0.13400500367567839
-0.14649376743552792
-0.15757257061308186
-0.16713339203469654
-0.17508526650151426
-0.1813504945728439
-0.18587032789108995
-0.1885973887485138
-0.1895108309537107
-0.1885973887485138
-0.18587032789108995
-0.1813504945728439
-0.17508526650151426
-0.16713339203469654
-0.15757257061308186
-0.14649376743552792
-0.13400500367567839
-0.12022377604872456
-0.10528653235295306
-0.08933540571157923
-0.07252200478936602
-0.05501120400924314
-0.03697166801075943
-0.01857585165008272
-0.019025666553171533
-0.037866938256052175
-0.05634330225519926
-0.07427812769401838
-0.09149866571276331
-0.1078360494485361
-0.12313499902740757
-0.13724993956756912
-0.15004111918248447
-0.16138819596985857
-0.17118053301951683
-0.17932496240710177
-0.1857419031972247
-0.1903711844387381
-0.193164281171039
-0.19409984241146228
-0.193164281171039
-0.1903711844387381
-0.1857419031972247
-0.17932496240710177
-0.17118053301951683
-0.16138819596985857
-0.15004111918248447
-0.13724993956756912
-0.12313499902740757
-0.1078360494485361
-0.09149866571276331
-0.07427812769401838
-0.05634330225519926
-0.037866938256052175
-0.019025666553171533
-0.01934696291252068
-0.038506417002689856
-0.05729480100231078
-0.0755325011973415
-0.09304385142789481
-0.10965713308823827
-0.12521444401218115
-0.13956775091891963
-0.15257494185888199
-0.1641136426532705
-0.17407134800867416
-0.1823533166253786
-0.18887862364321098
-0.1935860819727725
-0.19642634718712845
-0.1973777077384277
-0.19642634718712845
-0.1935860819727725
-0.18887862364321098
-0.1823533166253786
-0.17407134800867416
-0.1641136426532705
-0.15257494185888199
-0.13956775091891963
-0.12521444401218115
-0.10965713308823827
-0.09304385142789481
-0.0755325011973415
-0.05729480100231078
-0.038506417002689856
-0.01934696291252068
-0.01953974072813017
-0.03889010425067247
-0.05786570025057769
-0.07628512529933539
-0.0939709628569737
-0.11074978327205957
-0.1264621110030453
-0.1409584377297299
-0.1540952354647205
-0.16574891066331765
-0.17580583700216854
-0.18417032915634465
-0.19076065591080274
-0.19551502049319314
-0.1983835867967821
-0.19934442693460694
-0.1983835867967821
-0.19551502049319314
-0.19076065591080274
-0.18417032915634465
-0.17580583700216854
-0.16574891066331765
-0.1540952354647205
-0.1409584377297299
-0.1264621110030453
-0.11074978327205957
-0.0939709628569737
-0.07628512529933539
-0.05786570025057769
-0.03889010425067247
-0.01953974072813017
-0.019604
-0.039018000000000004
-0.058055999999999996
-0.076536
-0.09428
-0.111114
-0.12687800000000002
-0.14142200000000002
-0.15460200000000002
-0.16629400000000003
-0.176384
-0.18477600000000002
-0.191388
-0.19615800000000003
-0.199036
-0.2
-0.199036
-0.19615800000000003
-0.191388
-0.18477600000000002
-0.176384
-0.16629400000000003
-0.15460200000000002
-0.14142200000000002
-0.12687800000000002
-0.111114
-0.09428
-0.076536
-0.058055999999999996
-0.039018000000000004
-0.019604
