-7.8822399999999995
-7.74413
-7.607239999999999
-7.47157
-7.337110000000001
-7.20385
-7.071789999999999
-6.940939999999999
-6.811310000000001
-6.6828899999999996
-6.55567
-6.42966
-6.30486
-6.18127
-6.05883
-5.9376
-5.81756
-5.69874
-5.581119999999999
-5.4647
-5.34952
-5.2355599999999995
-5.122809999999999
-5.01127
-4.900930000000001
-4.7918
-4.68387
-4.57716
-4.47165
-4.36735
-4.26425
-4.162319999999999
-4.0616
-3.9620699999999998
-3.8637699999999997
-3.7666699999999995
-3.6707699999999996
-3.57609
-3.48262
-3.39037
-3.29932
-3.20949
-3.12086
-3.03344
-2.94722
-2.8622099999999997
-2.77841
-2.69581
-2.61442
-2.53421
-2.4552
-2.37737
-2.30075
-2.22533
-2.15109
-2.07808
-2.00627
-1.9356900000000001
-1.86632
-1.79818
-1.7312400000000001
-1.6655200000000001
-1.601
-1.53769
-1.4756
-1.41472
-1.35504
-1.29656
-1.23929
-1.18321
-1.1283299999999998
-1.07463
-1.0221200000000001
-0.970823
-0.920723
-0.8718299999999999
-0.824148
-0.777676
-0.732418
-0.688372
-0.645533
-0.603899
-0.563469
-0.524239
-0.48621800000000004
-0.449409
-0.41381599999999996
-0.379438
-0.346261
-0.314282
-0.283485
-0.253869
-0.22544299999999998
-0.198208
-0.172173
-0.147344
-0.12372000000000001
-0.1013
-0.0800959
-0.060107600000000004
-0.041333800000000004
-0.023773500000000003
-0.00742201
0.00772127
0.0216728
0.0344369
0.0460088
0.05639059999999999
0.0655737
0.0735575
0.0803495
0.0859505
0.0903693
0.0936085
0.0956567
0.09651230000000001
0.0961788
0.0946573
0.0919492
0.0880567
0.0829796
0.07671950000000001
0.0692824
0.0606711
0.0508843
0.0399226
0.0277844
0.0144732
-3.29946e-08
