-7.8822399999999995
-7.74413
-7.607239999999999
-7.47157
-7.337110000000001
-7.20385
-7.071789999999999
-6.940939999999999
-6.811310000000001
-6.6828899999999996
-6.55567
-6.42966
-6.30486
-6.18127
-6.05883
-5.9376
-5.81756
-5.69874
-5.581119999999999
-5.4647
-5.34952
-5.2355599999999995
-5.122809999999999
-5.01126
-4.900930000000001
-4.7918
-4.68387
-4.57716
-4.47165
-4.36735
-4.26425
-4.162319999999999
-4.0616
-3.9620800000000003
-3.8637699999999997
-3.7666699999999995
-3.67078
-3.57609
-3.48262
-3.39037
-3.29932
-3.20949
-3.12086
-3.03344
-2.94722
-2.8622099999999997
-2.77841
-2.69581
-2.61442
-2.53421
-2.4552099999999997
-2.37738
-2.30076
-2.22534
-2.1511
-2.07808
-2.00628
-1.9356900000000001
-1.8663299999999998
-1.79818
-1.7312400000000001
-1.6655200000000001
-1.601
-1.53769
-1.4756
-1.41472
-1.35504
-1.29656
-1.23929
-1.1832200000000002
-1.1283299999999998
-1.07464
-1.02213
-0.9708319999999999
-0.920732
-0.8718379999999999
-0.824155
-0.77768
-0.7324189999999999
-0.688372
-0.645532
-0.603899
-0.563469
-0.524239
-0.48621800000000004
-0.44940699999999995
-0.413812
-0.379432
-0.34625500000000003
-0.31428
-0.283488
-0.253874
-0.225451
-0.198216
-0.172181
-0.147351
-0.123726
-0.10130499999999999
-0.08009830000000001
-0.060107600000000004
-0.041331400000000004
-0.0237688
-0.00741508
0.00772457
0.0216725
0.0344353
0.0460059
0.05638869999999999
0.06557289999999999
0.0735581
0.08035139999999999
0.0859498
0.0903658
0.0936057
0.0956546
0.0965094
0.09617519999999999
0.0946539
0.0919459
0.08805460000000001
0.08297869999999999
0.07671839999999999
0.0692811
0.06067
0.0508835
0.039923
0.027786099999999998
0.014474
-8.638539999999998e-08
