0.7713786233947788
1.535281122608523
2.2843887655482185
3.0115402122088755
3.709731514673523
4.372116117113215
4.992398336007078
5.564675968054296
6.083282898086084
6.543339971373769
6.940361513408726
7.270570114078436
7.530739235578451
7.718429300544432
7.831672907876107
7.869604401089358
7.831672907876107
7.718429300544432
7.530739235578451
7.270570114078436
6.940361513408726
6.543339971373769
6.083282898086084
5.564675968054296
4.992398336007078
4.372116117113215
3.709731514673523
3.0115402122088755
2.2843887655482185
1.535281122608523
0.7713786233947788
0.7578533164510736
1.5083615946382365
2.2443344286820817
2.958736045087705
3.6446853027447057
4.295455692927188
4.904861920255016
5.467105270309311
5.976618977247954
6.428609437151338
6.8186696270611185
7.143088369749213
7.398695701333303
7.583094819853585
7.694352820503769
7.731619225169084
7.694352820503769
7.583094819853585
7.398695701333303
7.143088369749213
6.8186696270611185
6.428609437151338
5.976618977247954
5.467105270309311
4.904861920255016
4.295455692927188
3.6446853027447057
2.958736045087705
2.2443344286820817
1.5083615946382365
0.7578533164510736
0.7444461026010443
1.4816771083088933
2.2046298170070506
2.9063929253557195
3.5802070267918
4.219464611528894
4.818089808499046
5.37038648857605
5.870886367798747
6.314880646089474
6.698040265312314
7.016719702826491
7.267805074709685
7.448941980923059
7.558231711757878
7.5948388349422995
7.558231711757878
7.448941980923059
7.267805074709685
7.016719702826491
6.698040265312314
6.314880646089474
5.870886367798747
5.37038648857605
4.818089808499046
4.219464611528894
3.5802070267918
2.9063929253557195
2.2046298170070506
1.4816771083088933
0.7444461026010443
0.731156981844691
1.4552276636204937
2.165274930523127
2.8545108530129197
3.5162966868148064
4.144142872918333
4.7320820007391715
5.274519622854514
5.766085069738468
6.202153598188179
6.578473428162313
6.891464113310276
7.138067355707597
7.315970783752853
7.423309581638438
7.459263230409009
7.423309581638438
7.315970783752853
7.138067355707597
6.891464113310276
6.578473428162313
6.202153598188179
5.766085069738468
5.274519622854514
4.7320820007391715
4.144142872918333
3.5162966868148064
2.8545108530129197
2.165274930523127
1.4552276636204937
0.731156981844691
0.7179859541820142
1.429013260573038
2.1262697692303107
2.8030898280593064
3.452954282813727
4.069490477095508
4.646838496975393
5.179504673144706
5.662215083067117
6.090428293447453
6.459969115611122
6.767321601200565
7.009482544327042
7.184181228342968
7.289586430145449
7.324892411569213
7.289586430145449
7.184181228342968
7.009482544327042
6.767321601200565
6.459969115611122
6.090428293447453
5.662215083067117
5.179504673144706
4.646838496975393
4.069490477095508
3.452954282813727
2.8030898280593064
2.1262697692303107
1.429013260573038
0.7179859541820142
0.7049330196130132
1.403033899166525
2.087614333128601
2.752129850494878
3.390179814788558
3.9955074240604143
4.562359297207708
5.0853416394466215
5.55927640778469
5.979704731867294
6.34252732765873
6.644292166497355
6.882050640568016
7.053573314693403
7.157062257278907
7.191726378422906
7.157062257278907
7.053573314693403
6.882050640568016
6.644292166497355
6.34252732765873
5.979704731867294
5.55927640778469
5.0853416394466215
4.562359297207708
3.9955074240604143
3.390179814788558
2.752129850494878
2.087614333128601
1.403033899166525
0.7049330196130132
0.6919981781376885
1.3772895794009554
2.049308622217998
2.701630920319635
3.327973282739302
3.922193713813054
4.478644401436117
4.992030521760261
5.457269043891191
5.869982913447703
6.226148064305144
6.522375809200649
6.755771644430521
6.924147042804156
7.025737063038816
7.059765130970092
7.025737063038816
6.924147042804156
6.755771644430521
6.522375809200649
6.226148064305144
5.869982913447703
5.457269043891191
4.992030521760261
4.478644401436117
3.922193713813054
3.327973282739302
2.701630920319635
2.049308622217998
1.3772895794009554
0.6919981781376885
0.6791814297560399
1.3517803012763296
2.0113526364985024
2.651593037533578
3.2663346866659575
3.8495493463534283
4.395693809660622
4.899571320085629
5.356192991386619
5.761262838188681
6.110831325550365
6.401572529310448
6.630645555914556
6.795902412675233
6.895610847425175
6.929008669210772
6.895610847425175
6.795902412675233
6.630645555914556
6.401572529310448
6.110831325550365
5.761262838188681
5.356192991386619
4.899571320085629
4.395693809660622
3.8495493463534283
3.2663346866659575
2.651593037533578
2.0113526364985024
1.3517803012763296
0.6791814297560399
0.6664827744680674
1.326506064792647
1.9737463759701144
2.602016202136707
3.2052640265685266
3.777574321681536
4.31350752188122
4.807964034422721
5.256048250270972
5.653544506090226
5.996577111394389
6.281882326826752
6.506672375020122
6.668839424306629
6.766683610437983
6.799456993144943
6.766683610437983
6.668839424306629
6.506672375020122
6.281882326826752
5.996577111394389
5.653544506090226
5.256048250270972
4.807964034422721
4.31350752188122
3.777574321681536
3.2052640265685266
2.602016202136707
1.9737463759701144
1.326506064792647
0.6664827744680674
0.6539022122737709
1.301466869949908
1.9364898406328321
2.552900414129021
3.1447613024470065
3.706268639797377
4.232085538097914
4.717208664771538
5.156834820544253
5.54682791715234
5.883385421837217
6.163305201749557
6.38385210174722
6.542958077698346
6.638955352077243
6.671110102772607
6.638955352077243
6.542958077698346
6.38385210174722
6.163305201749557
5.883385421837217
5.54682791715234
5.156834820544253
4.717208664771538
4.232085538097914
3.706268639797377
3.1447613024470065
2.552900414129021
1.9364898406328321
1.301466869949908
0.6539022122737709
0.6414397431731507
1.2766627167481124
1.8995830304866574
2.504245673510521
3.0848265143013993
3.6356323007009523
4.151427858310702
4.6273052111320805
5.058552702206459
5.441113071375021
5.771256256878852
6.045841154078866
6.262184736095844
6.418258372850382
6.512426072342951
6.543967998093763
6.512426072342951
6.418258372850382
6.262184736095844
6.045841154078866
5.771256256878852
5.441113071375021
5.058552702206459
4.6273052111320805
4.151427858310702
3.6356323007009523
3.0848265143013993
2.504245673510521
1.8995830304866574
1.2766627167481124
0.6414397431731507
0.6290953671662065
1.2520936051872602
1.8630259455315898
2.4560519802812073
3.0254596621317056
3.565665304392261
4.071534482519586
4.538253673504349
4.961201895257593
5.336399968758272
5.660189616519291
5.92949018381468
6.141670278066004
6.294740309762739
6.38709577123511
6.418030679108412
6.38709577123511
6.294740309762739
6.141670278066004
5.92949018381468
5.660189616519291
5.336399968758272
4.961201895257593
4.538253673504349
4.071534482519586
3.565665304392261
3.0254596621317056
2.4560519802812073
1.8630259455315898
1.2520936051872602
0.6290953671662065
0.6168690842529385
1.2277595352673516
1.826818585767629
2.408319334441079
2.966660745937923
3.496367650871303
3.9924054107245635
4.450054051888343
4.8647823996976545
5.232688609302089
5.550185500758535
5.814252290956998
6.022308727657693
6.172403888435418
6.262964448753717
6.293298145816554
6.262964448753717
6.172403888435418
6.022308727657693
5.814252290956998
5.550185500758535
5.232688609302089
4.8647823996976545
4.450054051888343
3.9924054107245635
3.496367650871303
2.966660745937923
2.408319334441079
1.826818585767629
1.2277595352673516
0.6168690842529385
0.6047608944333466
1.2036605069883861
1.7909609511947748
2.3610477359901356
2.9084297657200526
3.427739340138078
3.9140406429256345
4.362706346284061
4.7692942155266405
5.129978993006476
5.441243909596583
5.700127475505818
5.904100084870912
6.051249108868415
6.140032104898775
6.169770398218186
6.140032104898775
6.051249108868415
5.904100084870912
5.700127475505818
5.441243909596583
5.129978993006476
4.7692942155266405
4.362706346284061
3.9140406429256345
3.427739340138078
2.9084297657200526
2.3610477359901356
1.7909609511947748
1.2036605069883861
0.6047608944333466
0.5927707977074308
1.179796520350364
1.7554530418130283
2.3142371849283783
2.850766721478095
3.3597803721925863
3.836440179122802
4.276210556691506
4.674737342744553
5.028271119871429
5.333364843033436
5.587115737461143
5.787044349705661
5.931275971061733
6.018298739670281
6.047447436313312
6.018298739670281
5.931275971061733
5.787044349705661
5.587115737461143
5.333364843033436
5.028271119871429
4.674737342744553
4.276210556691506
3.836440179122802
3.3597803721925863
2.850766721478095
2.3142371849283783
1.7554530418130283
1.179796520350364
0.5927707977074308
0.5808987940751911
1.1561675753532854
1.7202948576223882
2.2678876812558064
2.7936716132120494
3.2924907470348295
3.7596040193160634
4.190566683110675
4.581111781351392
4.927564989896951
5.226548301069094
5.475217076822971
5.671141522161941
5.8124844750153715
5.897764353068238
5.926329260101929
5.897764353068238
5.8124844750153715
5.671141522161941
5.475217076822971
5.226548301069094
4.927564989896951
4.581111781351392
4.190566683110675
3.7596040193160634
3.2924907470348295
2.7936716132120494
2.2678876812558064
1.7202948576223882
1.1561675753532854
0.5808987940751911
0.5691448835366275
1.1327736719971504
1.6854863986228552
2.2219992249724205
2.7371444409219166
3.225870464664805
3.683532163505419
4.10577472554157
4.488417531347158
4.8278606030830415
5.120794283703557
5.364431493591303
5.556391602239751
5.694874620729331
5.778428945092644
5.80641586958404
5.778428945092644
5.694874620729331
5.556391602239751
5.364431493591303
5.120794283703557
4.8278606030830415
4.488417531347158
4.10577472554157
3.683532163505419
3.225870464664805
2.7371444409219166
2.2219992249724205
1.6854863986228552
1.1327736719971504
0.5691448835366275
0.5575090660917401
1.1096148102819587
1.6510276648144289
2.17657181607822
2.6811852046076954
3.1599195250825147
3.6082246116908703
4.02183468398419
4.396654592731851
4.729157959429701
5.016102790936824
5.254758987766139
5.4427945899390915
5.578446408203609
5.660292515743501
5.687707264759642
5.660292515743501
5.578446408203609
5.4427945899390915
5.254758987766139
5.016102790936824
4.729157959429701
4.396654592731851
4.02183468398419
3.6082246116908703
3.1599195250825147
2.6811852046076954
2.17657181607822
1.6510276648144289
1.1096148102819587
0.5575090660917401
0.5459913417405289
1.0866909902077104
1.6169186561971096
2.1316054545732057
2.625793904269387
3.0946379282879573
3.5336813638724154
3.9387465584385364
4.30582296550547
4.631457058936927
4.912473822768897
5.146199559347479
5.330350485259965
5.46319983743821
5.5433550650208065
5.570203445628738
5.5433550650208065
5.46319983743821
5.330350485259965
5.146199559347479
4.912473822768897
4.631457058936927
4.30582296550547
3.9387465584385364
3.5336813638724154
3.0946379282879573
2.625793904269387
2.1316054545732057
1.6169186561971096
1.0866909902077104
0.5459913417405289
0.5345917104829936
1.0640022117744057
1.5831593727708977
2.0871001404573764
2.57097053990699
3.0300256742811342
3.4599024200500548
3.8565103489046075
4.215922649668015
4.534757901604721
4.809907379199773
5.038753208335321
5.219059288202366
5.349134908433129
5.4276165929245614
5.453904412191324
5.4276165929245614
5.349134908433129
5.219059288202366
5.038753208335321
4.809907379199773
4.534757901604721
4.215922649668015
3.8565103489046075
3.4599024200500548
3.0300256742811342
2.57097053990699
2.0871001404573764
1.5831593727708977
1.0640022117744057
0.5345917104829936
0.5233101723191346
1.0415484749820443
1.5497498145357926
2.043055873730733
2.516715111520506
2.9660827630620448
3.3868877802237893
3.7751260553824038
4.126953645219488
4.439060487433084
4.708403460229455
4.932419934729668
5.108920998766299
5.23625162118837
5.313077099454768
5.338810164447405
5.313077099454768
5.23625162118837
5.108920998766299
4.932419934729668
4.708403460229455
4.439060487433084
4.126953645219488
3.7751260553824038
3.3868877802237893
2.9660827630620448
2.516715111520506
2.043055873730733
1.5497498145357926
1.0415484749820443
0.5233101723191346
0.5121467272489516
1.0193297798306262
1.5166899814917945
1.9994726543932746
2.4630276191099347
2.902809194630688
3.314637444393618
3.694593677871926
4.038915952159886
4.344364816422014
4.607962065857942
4.827199738530519
4.999935616951762
5.124549975703931
5.199736584611422
5.224920702396976
5.199736584611422
5.124549975703931
4.999935616951762
4.827199738530519
4.607962065857942
4.344364816422014
4.038915952159886
3.694593677871926
3.314637444393618
2.902809194630688
2.4630276191099347
1.9994726543932746
1.5166899814917945
1.0193297798306262
0.5121467272489516
0.5011013752724447
0.9973461263201515
1.483979873638903
1.9563504824450029
2.409908062675275
2.840204968987065
3.2431514125595413
3.614913216373173
3.951809570489212
4.250670888571513
4.508583196085233
4.723092619737873
4.8921031427587565
5.014029971979811
5.087595048394527
5.112236026040041
5.087595048394527
5.014029971979811
4.8921031427587565
4.723092619737873
4.508583196085233
4.250670888571513
3.951809570489212
3.614913216373173
3.2431514125595413
2.840204968987065
2.409908062675275
1.9563504824450029
1.483979873638903
0.9973461263201515
0.5011013752724447
0.49017411638961406
0.9755975144506203
1.4516194909771185
1.9136893578859162
2.3573564422165276
2.778270086131176
3.1724296847215596
3.5360846708861455
3.865634500207463
4.15797870388158
4.410266850911328
4.6200985783517305
4.785423576187281
4.9046916100160125
4.9766524908040815
5.000756135376597
4.9766524908040815
4.9046916100160125
4.785423576187281
4.6200985783517305
4.410266850911328
4.15797870388158
3.865634500207463
3.5360846708861455
3.1724296847215596
2.778270086131176
2.3573564422165276
1.9136893578859162
1.4516194909771185
0.9755975144506203
0.49017411638961406
0.47936495060045947
0.9540839442220328
1.4196088335064412
1.8714892807160157
2.305372757733693
2.7170045460630208
3.102472260879672
3.458108041410844
3.7803907413146414
4.066288262352215
4.313013030336229
4.518217614372093
4.679896917237336
4.796534889812535
4.866908911840087
4.890481030406646
4.866908911840087
4.796534889812535
4.679896917237336
4.518217614372093
4.313013030336229
4.066288262352215
3.7803907413146414
3.458108041410844
3.102472260879672
2.7170045460630208
2.305372757733693
1.8714892807160157
1.4196088335064412
0.9540839442220328
0.47936495060045947
0.46867387790498094
0.9328054156343885
1.387947901226871
1.8297502509353003
2.2539570092267702
2.6564083487825982
3.03327914103388
3.380983327947267
3.6960782938107464
3.975599563983417
4.216821734359935
4.4174497277989575
4.575523165908922
4.689559811369377
4.7583643115025405
4.781410711130188
4.7583643115025405
4.689559811369377
4.575523165908922
4.4174497277989575
4.216821734359935
3.975599563983417
3.6960782938107464
3.380983327947267
3.03327914103388
2.6564083487825982
2.2539570092267702
1.8297502509353003
1.387947901226871
0.9328054156343885
0.46867387790498094
0.45810089830317874
0.9117619286876877
1.3566366941384076
1.788472268543771
2.2031091966957606
2.59648149428991
2.964850325184182
3.3047105304954165
3.612697157695778
3.8859126087751896
4.121692962982446
4.317794918632329
4.472302322202038
4.58376637468654
4.651018689791444
4.673545177547222
4.651018689791444
4.58376637468654
4.472302322202038
4.317794918632329
4.121692962982446
3.8859126087751896
3.612697157695778
3.3047105304954165
2.964850325184182
2.59648149428991
2.2031091966957606
1.788472268543771
1.3566366941384076
0.9117619286876877
0.45810089830317874
0.4476460117950525
0.89095348338193
1.325675212241051
1.7476553335414269
2.152829320140662
2.5372239825849547
2.8971858133305783
3.22928964905529
3.5302473329697355
3.7972273967275276
4.027626716203761
4.2192531868722
4.370234386116685
4.479154579764022
4.544872046706797
4.5668844296577475
4.544872046706797
4.479154579764022
4.370234386116685
4.2192531868722
4.027626716203761
3.7972273967275276
3.5302473329697355
3.22928964905529
2.8971858133305783
2.5372239825849547
2.152829320140662
1.7476553335414269
1.325675212241051
0.89095348338193
0.4476460117950525
0.4373092183806023
0.870380079717116
1.2950634555348013
1.7072994459282689
2.1031173795614766
2.478635813667733
2.83028560547307
3.1547206836268895
3.4487288196326196
3.7095439278404347
3.934622994023881
4.121824532518577
4.269319357652862
4.375724426601826
4.4399243822486
4.461428467461766
4.4399243822486
4.375724426601826
4.269319357652862
4.121824532518577
3.934622994023881
3.7095439278404347
3.4487288196326196
3.1547206836268895
2.83028560547307
2.478635813667733
2.1031173795614766
1.7072994459282689
1.2950634555348013
0.870380079717116
0.4373092183806023
0.42709051805982834
0.8500417176932454
1.264801424019659
1.6674046057042964
2.053973374958203
2.4207169875382455
2.764149701611656
3.081003634210214
3.368141617684431
3.62286220211391
3.842681796442806
4.025508955571457
4.169557236810571
4.27347591519995
4.336175696416854
4.357177290959277
4.336175696416854
4.27347591519995
4.169557236810571
4.025508955571457
3.842681796442806
3.62286220211391
3.368141617684431
3.081003634210214
2.764149701611656
2.4207169875382455
2.053973374958203
1.6674046057042964
1.264801424019659
0.8500417176932454
0.42709051805982834
0.41698991083273046
0.8299383973103183
1.2348891176956234
1.6279708128695096
2.005397306330842
2.363467504196491
2.6987781017463366
3.0081385008052646
3.2884857271251686
3.5371822195479536
3.751803123460536
3.9303064560308414
4.07094802358981
4.172409045558394
4.233625989211555
4.2541309001502805
4.233625989211555
4.172409045558394
4.07094802358981
3.9303064560308414
3.751803123460536
3.5371822195479536
3.2884857271251686
3.0081385008052646
2.6987781017463366
2.363467504196491
2.005397306330842
1.6279708128695096
1.2348891176956234
0.8299383973103183
0.41698991083273046
0.40700739669930874
0.8100701185683343
1.2053265365626946
1.5889980674239084
1.9573891736793936
2.3068873636424705
2.6341708058771114
2.93612528341204
3.209761147954832
3.452503980142565
3.6619869750770695
3.8362170338967294
3.9734917179905787
4.072523817677157
4.132275260632707
4.152289295034776
4.132275260632707
4.072523817677157
3.9734917179905787
3.8362170338967294
3.6619869750770695
3.452503980142565
3.209761147954832
2.93612528341204
2.6341708058771114
2.3068873636424705
1.9573891736793936
1.5889980674239084
1.2053265365626946
0.8100701185683343
0.40700739669930874
0.39714297565956314
0.7904368814672942
1.1761136806208732
1.5504863693674928
1.909948977003857
2.2509765658761833
2.5703278140039814
2.8649639820305417
3.1319678801734225
3.3688274838977454
3.573233351292409
3.743240689169121
3.8771883200128787
3.9738202315562434
4.03212351068031
4.051652475612764
4.03212351068031
3.9738202315562434
3.8771883200128787
3.743240689169121
3.573233351292409
3.3688274838977454
3.1319678801734225
2.8649639820305417
2.5703278140039814
2.2509765658761833
1.909948977003857
1.5504863693674928
1.1761136806208732
0.7904368814672942
0.39714297565956314
0.3873966477134936
0.7710386860071972
1.1472505498701584
1.5124357187002628
1.8630767163042325
2.1957351108976297
2.507249126126946
2.7946545966607683
3.05510592378094
3.286152730813493
3.485542252106553
3.651377421848016
3.782037829656709
3.876298287195648
3.9331707393543622
3.9522204418842444
3.9331707393543622
3.876298287195648
3.782037829656709
3.651377421848016
3.485542252106553
3.286152730813493
3.05510592378094
2.7946545966607683
2.507249126126946
2.1957351108976297
1.8630767163042325
1.5124357187002628
1.1472505498701584
0.7710386860071972
0.3873966477134936
0.37776841286110024
0.7518755321880437
1.1187371443105505
1.4748461154222183
1.8167723915805207
2.1411629987068093
2.444934742246004
2.72519712730272
2.979175278777383
3.2044797208898084
3.3989136775195012
3.560627231933415
3.6880402469220694
3.7799579845953737
3.8354169466548633
3.8539931938492167
3.8354169466548633
3.7799579845953737
3.6880402469220694
3.560627231933415
3.3989136775195012
3.2044797208898084
2.979175278777383
2.72519712730272
2.444934742246004
2.1411629987068093
1.8167723915805207
1.4748461154222183
1.1187371443105505
0.7518755321880437
0.37776841286110024
0.36825827110238296
0.7329474200098336
1.09057346394205
1.4377175595333598
1.7710360028327214
2.087260229303723
2.3833846623611583
2.656591573956397
2.904175945162753
3.123808454126693
3.3133476275312552
3.470990119425317
3.595195571808961
3.6847993237554193
3.738862132581815
3.756970731507682
3.738862132581815
3.6847993237554193
3.595195571808961
3.470990119425317
3.3133476275312552
3.123808454126693
2.904175945162753
2.656591573956397
2.3833846623611583
2.087260229303723
1.7710360028327214
1.4377175595333598
1.09057346394205
0.7329474200098336
0.36825827110238296
0.35886622243734184
0.714254349472567
1.062759508764656
1.4010500510336867
1.7258675500608338
2.03402680268837
2.3225988864724068
2.5888379366217995
2.83010792293705
3.044138930524144
3.228844102141813
3.382466084323724
3.5035038043173836
3.5908223046757852
3.6435062971352155
3.661153054859639
3.6435062971352155
3.5908223046757852
3.5035038043173836
3.382466084323724
3.228844102141813
3.044138930524144
2.83010792293705
2.5888379366217995
2.3225988864724068
2.03402680268837
1.7258675500608338
1.4010500510336867
1.062759508764656
0.714254349472567
0.35886622243734184
0.3495922668659768
0.6957963205762439
1.035295278778369
1.3648435899231992
1.6812670332648585
1.98146271886075
2.262577414579749
2.5219362152989273
2.7569712121002725
2.9654711500821644
3.1454031013511754
3.2950551266286334
3.412964944447335
3.498026927356472
3.5493494403150656
3.5665401639050884
3.5493494403150656
3.498026927356472
3.412964944447335
3.2950551266286334
3.1454031013511754
2.9654711500821644
2.7569712121002725
2.5219362152989273
2.262577414579749
1.98146271886075
1.6812670332648585
1.3648435899231992
1.035295278778369
0.6957963205762439
0.3495922668659768
0.34043640438828787
0.677573333320864
1.008180773983189
1.3290981762018976
1.637234452444796
1.929567977820864
2.2033202466831865
2.45588640998778
2.684765812652422
2.8878051128007525
3.0630246251593443
3.2087572463400473
3.3235789921988186
3.406413191797479
3.4563915621213663
3.4731320586440306
3.4563915621213663
3.406413191797479
3.3235789921988186
3.2087572463400473
3.0630246251593443
2.8878051128007525
2.684765812652422
2.45588640998778
2.2033202466831865
1.929567977820864
1.637234452444796
1.3290981762018976
1.008180773983189
0.677573333320864
0.34043640438828787
0.331398635004275
0.6595853877064275
0.9814159943791161
1.2938138098697816
1.5937698076006455
1.8783425795687116
2.1448273827827187
2.390688520688359
2.613491724593498
2.8111408186799083
2.981708673566316
3.123572443457964
3.2353459475718322
3.315981097998806
3.3646326625541167
3.380928739076465
3.3646326625541167
3.315981097998806
3.2353459475718322
3.123572443457964
2.981708673566316
2.8111408186799083
2.613491724593498
2.390688520688359
2.1448273827827187
1.8783425795687116
1.5937698076006455
1.2938138098697816
0.9814159943791161
0.6595853877064275
0.331398635004275
0.32247895871393845
0.6418324837329347
0.9550009399661503
1.2589904909268514
1.5508730987324075
1.827786524104293
2.087098822878345
2.3263425474006634
2.543148947923501
2.7354782677196328
2.901455246572094
3.039500717982386
3.148265810566377
3.226730645960454
3.2740727416133164
3.289930205202392
3.2740727416133164
3.226730645960454
3.148265810566377
3.039500717982386
2.901455246572094
2.7354782677196328
2.543148947923501
2.3263425474006634
2.087098822878345
1.827786524104293
1.5508730987324075
1.2589904909268514
0.9550009399661503
0.6418324837329347
0.32247895871393845
0.3136773755172779
0.6243146214003852
0.9289356107442913
1.2246282193731068
1.5085443258400817
1.777899811427608
2.030134566970067
2.262848490124693
2.4737374826424303
2.660817459919926
2.822264344176676
2.9565420699133105
3.062338581182452
3.138661835682422
3.184711799298966
3.200136457021811
3.184711799298966
3.138661835682422
3.062338581182452
2.9565420699133105
2.822264344176676
2.660817459919926
2.4737374826424303
2.262848490124693
2.030134566970067
1.777899811427608
1.5085443258400817
1.2246282193731068
0.9289356107442913
0.6243146214003852
0.3136773755172779
0.30499388541429345
0.607031800708779
0.9032200067135392
1.1907269952085477
1.4667834889236682
1.7286824415386555
1.9739346150578825
2.2002063488604473
2.405257328750286
2.5871583952807855
2.744135966380062
2.8746964992507396
2.9775642594200575
3.051774667164711
3.096549835611065
3.1115474945347223
3.096549835611065
3.051774667164711
2.9775642594200575
2.8746964992507396
2.744135966380062
2.5871583952807855
2.405257328750286
2.2002063488604473
1.9739346150578825
1.7286824415386555
1.4667834889236682
1.1907269952085477
0.9032200067135392
0.607031800708779
0.30499388541429345
0.29642848840498526
0.5899840216581164
0.877854127873894
1.1572868184331744
1.4255905879831672
1.6801344144374377
1.9184989671417934
2.1384161236079278
2.337708486247068
2.514501073802214
2.6670701131822545
2.7939640059946713
2.8939428452791933
2.966069140407319
3.0095868505496135
3.0241633177411265
3.0095868505496135
2.966069140407319
2.8939428452791933
2.7939640059946713
2.6670701131822545
2.514501073802214
2.337708486247068
2.1384161236079278
1.9184989671417934
1.6801344144374377
1.4255905879831672
1.1572868184331744
0.877854127873894
0.5899840216581164
0.29642848840498526
0.287981184489353
0.5731712842483971
0.8528379742253559
1.1243076890469865
1.3849656230185778
1.632255730123953
1.8638276232217983
2.0774778143671333
2.271090955132777
2.442845495484211
2.5910667845832505
2.714344590145108
2.81147433875986
2.8815452554102485
2.9238228441146124
2.9379839266410226
2.9238228441146124
2.8815452554102485
2.81147433875986
2.714344590145108
2.5910667845832505
2.442845495484211
2.271090955132777
2.0774778143671333
1.8638276232217983
1.632255730123953
1.3849656230185778
1.1243076890469865
0.8528379742253559
0.5731712842483971
0.287981184489353
0.2796519736673969
0.5565935884796213
0.8281715457679248
1.0917896070499844
1.3449085940299013
1.5850463885982014
1.809920583297898
2.017391421138064
2.2054047354074116
2.3721916603267754
2.516125980583052
2.6358382517020473
2.7301587398620573
2.7982030121734978
2.839257816306061
2.8530093212344108
2.839257816306061
2.7982030121734978
2.7301587398620573
2.6358382517020473
2.516125980583052
2.3721916603267754
2.2054047354074116
2.017391421138064
1.809920583297898
1.5850463885982014
1.3449085940299013
1.0917896070499844
0.8281715457679248
0.5565935884796213
0.2796519736673969
0.271440855939117
0.5402509343517888
0.8038548425016006
1.059732572442168
1.3054195010171368
1.538506389860184
1.7567778473700923
1.9581569439207205
2.1406498270709737
2.3025395683299084
2.4422477011816577
2.558444990665491
2.649996048585785
2.716042410697068
2.755891767123959
2.769239501521292
2.755891767123959
2.716042410697068
2.649996048585785
2.558444990665491
2.4422477011816577
2.3025395683299084
2.1406498270709737
1.9581569439207205
1.7567778473700923
1.538506389860184
1.3054195010171368
1.059732572442168
0.8038548425016006
0.5402509343517888
0.271440855939117
0.2633478313045132
0.5241433218648999
0.7798878644263831
1.0281365852235373
1.2664983439802846
1.4926357339099
1.704399415438381
1.8997743827151021
2.076826230123462
2.2338892194936095
2.3694319463790685
2.482164807035438
2.570986264931043
2.635063450980958
2.673724696568307
2.686674467501665
2.673724696568307
2.635063450980958
2.570986264931043
2.482164807035438
2.3694319463790685
2.2338892194936095
2.076826230123462
1.8997743827151021
1.704399415438381
1.4926357339099
1.2664983439802846
1.0281365852235373
0.7798878644263831
0.5241433218648999
0.2633478313045132
0.2553728997635855
0.5082707510189544
0.7562706115422729
0.997001645394092
1.228145122919345
1.4474344207473495
1.652785287502765
1.8422437375212093
2.0139339445648767
2.1662406138178785
2.297678716175284
2.406997700811889
2.493129388897832
2.5552661330251687
2.5927566046391046
2.6053142191755305
2.5927566046391046
2.5552661330251687
2.493129388897832
2.406997700811889
2.297678716175284
2.1662406138178785
2.0139339445648767
1.8422437375212093
1.652785287502765
1.4474344207473495
1.228145122919345
0.997001645394092
0.7562706115422729
0.5082707510189544
0.2553728997635855
0.24751606131633394
0.4926332218139522
0.7330030838492696
0.9663277529538327
1.1903598378343176
1.4029024503725327
1.6019354635632432
1.785565008339042
1.951972970395218
2.0995937513027156
2.226988010570304
2.332943671994844
2.416425420486152
2.4766504568296996
2.512987491336352
2.5251587565428886
2.512987491336352
2.4766504568296996
2.416425420486152
2.332943671994844
2.226988010570304
2.0995937513027156
1.951972970395218
1.785565008339042
1.6019354635632432
1.4029024503725327
1.1903598378343176
0.9663277529538327
0.7330030838492696
0.4926332218139522
0.24751606131633394
0.23977731596275847
0.47723073424989343
0.7100852813473733
0.9361149079027586
1.1531424887252024
1.3590398227854492
1.5518499436198159
1.7297381951685997
1.890943307614486
2.03394863194812
2.1573598295641294
2.2600027205843025
2.3408743596960018
2.399216422394551
2.434417356660049
2.4462080796037386
2.434417356660049
2.399216422394551
2.3408743596960018
2.2600027205843025
2.1573598295641294
2.03394863194812
1.890943307614486
1.7297381951685997
1.5518499436198159
1.3590398227854492
1.1531424887252024
0.9361149079027586
0.7100852813473733
0.47723073424989343
0.23977731596275847
0.23215666370285912
0.46206328832677807
0.6875172040365837
0.9063631102408706
1.1164930755919995
1.315846537986099
1.5025287276724835
1.6747632980098826
1.83084495622268
1.9693052557540938
2.088794173156759
2.1881748465802637
2.2664762065273822
2.3229640297197225
2.357046200610195
2.368462188358081
2.357046200610195
2.3229640297197225
2.2664762065273822
2.1881748465802637
2.088794173156759
1.9693052557540938
1.83084495622268
1.6747632980098826
1.5025287276724835
1.315846537986099
1.1164930755919995
0.9063631102408706
0.6875172040365837
0.46206328832677807
0.23215666370285912
0.22465410453663592
0.44713088404460627
0.6652988519169014
0.877072359968168
1.0804115984347087
1.273322595974483
1.4539718157212453
1.6206403168628913
1.7716779162198013
1.9056636227206352
2.021291041348194
2.1174600499827303
2.1932309609802934
2.247893278805215
2.2808740231867914
2.291921082805916
2.2808740231867914
2.247893278805215
2.1932309609802934
2.1174600499827303
2.021291041348194
1.9056636227206352
1.7716779162198013
1.6206403168628913
1.4539718157212453
1.273322595974483
1.0804115984347087
0.877072359968168
0.6652988519169014
0.44713088404460627
0.22465410453663592
0.21726963846408884
0.4324335214033778
0.6434302249883259
0.8482426570846512
1.0448980572533308
1.2314679967506001
1.406179207766102
1.5673692517276252
1.7134421876058488
1.8430237328477448
1.9548504341384332
2.0478583307916995
2.1211386230547356
2.1740041696510275
2.205900824389838
2.2165847629472437
2.205900824389838
2.1740041696510275
2.1211386230547356
2.0478583307916995
1.9548504341384332
1.8430237328477448
1.7134421876058488
1.5673692517276252
1.406179207766102
1.2314679967506001
1.0448980572533308
0.8482426570846512
0.6434302249883259
0.4324335214033778
0.21726963846408884
0.2100032654852178
0.41797120040309266
0.6219113232508573
0.8198740015903201
1.0099524520478644
1.190282740314451
1.3591509038070528
1.5149501026040846
1.6561377703808224
1.7813855861354222
1.8894723515274774
1.9793696890071728
2.0501991927507075
2.10129670225716
2.1321266042193336
2.1424532287820632
2.1321266042193336
2.10129670225716
2.0501991927507075
1.9793696890071728
1.8894723515274774
1.7813855861354222
1.6561377703808224
1.5149501026040846
1.3591509038070528
1.190282740314451
1.0099524520478644
0.8198740015903201
0.6219113232508573
0.41797120040309266
0.2100032654852178
0.202854985600023
0.4037439210437511
0.6007421467044958
0.7919663934851744
0.9755747828183108
1.1497668266660352
1.312886903844099
1.4633828694922695
1.5997646645447228
1.7207491825836676
1.8251567935153263
1.9119941246291496
1.9804126700682103
2.029770876623613
2.059551362675279
2.0695264803103752
2.059551362675279
2.029770876623613
1.9804126700682103
1.9119941246291496
1.8251567935153263
1.7207491825836676
1.5997646645447228
1.4633828694922695
1.312886903844099
1.1497668266660352
0.9755747828183108
0.7919663934851744
0.6007421467044958
0.4037439210437511
0.202854985600023
0.19582479880850423
0.3897516833253529
0.5799226953492411
0.7645198327692146
0.9417650495646694
1.1099202558053531
1.2673872078772395
1.4126675523921794
1.5443228700975502
1.6611145221924815
1.7619037601019798
1.84573163765763
1.911779055007244
1.9594266927503865
1.9881750997576744
1.9978045175321797
1.9881750997576744
1.9594266927503865
1.911779055007244
1.84573163765763
1.7619037601019798
1.6611145221924815
1.5443228700975502
1.4126675523921794
1.2673872078772395
1.1099202558053531
0.9417650495646694
0.7645198327692146
0.5799226953492411
0.3897516833253529
0.19582479880850423
0.18891270511066163
0.3759944872478982
0.5594529691850934
0.7375343194424404
0.9085232522869405
1.0707430277324046
1.2226518159064748
1.362804151303815
1.4898123870393039
1.6024816049618638
1.6997132512874389
1.7805822280926145
1.8442983475678083
1.8902641506374807
1.9179978154665198
1.9272873404474766
1.9179978154665198
1.8902641506374807
1.8442983475678083
1.7805822280926145
1.6997132512874389
1.6024816049618638
1.4898123870393039
1.362804151303815
1.2226518159064748
1.0707430277324046
0.9085232522869405
0.7375343194424404
0.5594529691850934
0.3759944872478982
0.18891270511066163
0.18211870450649514
0.3624723328113869
0.5393329682120527
0.7110098535048519
0.8758493909851236
1.0322351424471896
1.1786807279318046
1.313792666227176
1.4362332153699837
1.5448504308918132
1.638585267071702
1.7165458959341027
1.7779705477499028
1.822283250284895
1.8490195098018143
1.8579749490562656
1.8490195098018143
1.822283250284895
1.7779705477499028
1.7165458959341027
1.638585267071702
1.5448504308918132
1.4362332153699837
1.313792666227176
1.1786807279318046
1.0322351424471896
0.8758493909851236
0.7110098535048519
0.5393329682120527
0.3624723328113869
0.18211870450649514
0.17544279699600476
0.349185220015819
0.519562692430119
0.6849464349564487
0.8437434656592191
0.9943965999497081
1.1354739439532286
1.265633097162262
1.3835853550895905
1.4882209999823313
1.57851980745477
1.6536226411820947
1.712795655553528
1.7554839916926297
1.7812401827635589
1.789867343358547
1.7812401827635589
1.7554839916926297
1.712795655553528
1.6536226411820947
1.57851980745477
1.4882209999823313
1.3835853550895905
1.265633097162262
1.1354739439532286
0.9943965999497081
0.8437434656592191
0.6849464349564487
0.519562692430119
0.349185220015819
0.17544279699600476
0.16888498257919055
0.3361331488611945
0.5001421418392922
0.6593440637972316
0.8122054763092268
0.9572274002399602
1.0930314639707477
1.218325444109074
1.3318688061981236
1.4325933122334171
1.5195168724366428
1.5918124638365903
1.648773670978684
1.6898663748606844
1.714659834351753
1.722964523354321
1.714659834351753
1.6898663748606844
1.648773670978684
1.5918124638365903
1.5195168724366428
1.4325933122334171
1.3318688061981236
1.218325444109074
1.0930314639707477
0.9572274002399602
0.8122054763092268
0.6593440637972316
0.5001421418392922
0.3361331488611945
0.16888498257919055
0.16244526125605238
0.32331611934751336
0.48107131643957235
0.6342027400271999
0.7812354229351468
0.9207275433179456
1.051353287984361
1.1718697070676107
1.281083568695583
1.3779673676450712
1.4615764620173204
1.5311153638975892
1.58590459402537
1.6254303997890598
1.6492784645663965
1.6572664890435869
1.6492784645663965
1.6254303997890598
1.58590459402537
1.5311153638975892
1.4615764620173204
1.3779673676450712
1.281083568695583
1.1718697070676107
1.051353287984361
0.9207275433179456
0.7812354229351468
0.6342027400271999
0.48107131643957235
0.32331611934751336
0.16244526125605238
0.15612363302659038
0.3107341314747757
0.4623502162309595
0.6095224636463538
0.7508333055369791
0.8848970291836646
1.0104394159940693
1.126265886037873
1.231229642581969
1.3243431662172933
1.4046985761968023
1.471531341365092
1.524188424693587
1.562176066477755
1.5850960734074901
1.5927732404263453
1.5850960734074901
1.562176066477755
1.524188424693587
1.471531341365092
1.4046985761968023
1.3243431662172933
1.231229642581969
1.126265886037873
1.0104394159940693
0.8848970291836646
0.7508333055369791
0.6095224636463538
0.4623502162309595
0.3107341314747757
0.15612363302659038
0.14992009789080446
0.29838718524298147
0.4439788412134536
0.5853032346546935
0.7209991241147239
0.8497358578371174
0.970289847999872
1.0815139810198606
1.1823070278572818
1.2717207079500839
1.3488832149750896
1.4130603962390986
1.4636251629833343
1.5001033749267716
1.5221126608750333
1.5294847775025961
1.5221126608750333
1.5001033749267716
1.4636251629833343
1.4130603962390986
1.3488832149750896
1.2717207079500839
1.1823070278572818
1.0815139810198606
0.970289847999872
0.8497358578371174
0.7209991241147239
0.5853032346546935
0.4439788412134536
0.29838718524298147
0.14992009789080446
0.1438346558486947
0.2862752806521307
0.4259571913870547
0.5615450530522189
0.6917328786683807
0.8152440292783038
0.9309045840017696
1.0376139920135738
1.1343157245215212
1.2200999928434424
1.2941303783521816
1.355702528519609
1.4042148088946127
1.439212325136108
1.4603282269690268
1.4674011002723395
1.4603282269690268
1.439212325136108
1.4042148088946127
1.355702528519609
1.2941303783521816
1.2200999928434424
1.1343157245215212
1.0376139920135738
0.9309045840017696
0.8152440292783038
0.6917328786683807
0.5615450530522189
0.4259571913870547
0.2862752806521307
0.1438346558486947
0.13786730690026106
0.2743984177022233
0.40828526675176263
0.5382479188389299
0.66303456919795
0.7814215435072235
0.8922836239997615
0.9945659190190125
1.0872557325746868
1.1694810208973685
1.2404400663280786
1.2994577382066228
1.3459573624274213
1.3795029171057647
1.3997427716894695
1.4065222087355749
1.3997427716894695
1.3795029171057647
1.3459573624274213
1.2994577382066228
1.2404400663280786
1.1694810208973685
1.0872557325746868
0.9945659190190125
0.8922836239997615
0.7814215435072235
0.66303456919795
0.5382479188389299
0.40828526675176263
0.2743984177022233
0.13786730690026106
0.13201805104550354
0.26275659639325943
0.3909630673075777
0.5154118320148267
0.6349041957034318
0.7482684005238769
0.8544269679938482
0.9523697620361765
1.0411270520167792
1.1198637921118633
1.1878122789027803
1.2443260253001411
1.2888528235817607
1.3209751508357421
1.3403562950363623
1.3468481028923032
1.3403562950363623
1.3209751508357421
1.2888528235817607
1.2443260253001411
1.1878122789027803
1.1198637921118633
1.0411270520167792
0.9523697620361765
0.8544269679938482
0.7482684005238769
0.6349041957034318
0.5154118320148267
0.3909630673075777
0.26275659639325943
0.13201805104550354
0.1262868882844221
0.2513498167252388
0.37399059305449955
0.49303679257990873
0.6073417581848255
0.7157846003282635
0.8173346159840293
0.9110255210650654
0.9959296828477977
1.0712483064869258
1.136247016076286
1.1903073898001622
1.23290119235763
1.263629026326039
1.2821687970097042
1.288378782742523
1.2821687970097042
1.263629026326039
1.23290119235763
1.1903073898001622
1.136247016076286
1.0712483064869258
0.9959296828477977
0.9110255210650654
0.8173346159840293
0.7157846003282635
0.6073417581848255
0.49303679257990873
0.37399059305449955
0.2513498167252388
0.1262868882844221
0.12067381861701684
0.24017807869816177
0.3573678439925286
0.4711228005341767
0.5803472566421316
0.683970142920384
0.7810065679703051
0.8705331961056803
0.951663625067743
1.0236345640225566
1.0857442778485973
1.1374018317066878
1.1781024687550303
1.2074645435766573
1.2251802776094958
1.2311142482862358
1.2251802776094958
1.2074645435766573
1.1781024687550303
1.1374018317066878
1.0857442778485973
1.0236345640225566
0.951663625067743
0.8705331961056803
0.7810065679703051
0.683970142920384
0.5803472566421316
0.4711228005341767
0.3573678439925286
0.24017807869816177
0.12067381861701684
0.11517884204328765
0.22924138231202806
0.34109482012166437
0.44966985587763025
0.5539206910753498
0.652825028300238
0.7454428239526755
0.8308927871580202
0.9083288786766148
0.9770225647187554
1.0363040642197128
1.0856093510197165
1.124456652773961
1.1524817025875955
1.1693907368357377
1.1750544995234407
1.1693907368357377
1.1524817025875955
1.124456652773961
1.0856093510197165
1.0363040642197128
0.9770225647187554
0.9083288786766148
0.8308927871580202
0.7454428239526755
0.652825028300238
0.5539206910753498
0.44966985587763025
0.34109482012166437
0.22924138231202806
0.11517884204328765
0.10980195856323463
0.21853972756683787
0.32517152144190725
0.42867795861026975
0.5280620614844808
0.6223492564678257
0.7106433839311409
0.7921042942220858
0.8659254436744136
0.9314123085755224
0.9879263751896338
1.0349299477392493
1.0719637444144232
1.0986805033588545
1.1148001746884293
1.1201995364541384
1.1148001746884293
1.0986805033588545
1.0719637444144232
1.0349299477392493
0.9879263751896338
0.9314123085755224
0.8659254436744136
0.7921042942220858
0.7106433839311409
0.6223492564678257
0.5280620614844808
0.42867795861026975
0.32517152144190725
0.21853972756683787
0.10980195856323463
0.10454316817685769
0.208073114462591
0.30959794795325707
0.40814710873209453
0.5027713678695238
0.5925428274231466
0.6766082479057005
0.7541677172978766
0.8244533200611383
0.8868037955928573
0.9406112107583591
0.9853636218652856
1.0206237436764152
1.0460609458904333
1.0614085911675701
1.066549359078328
1.0614085911675701
1.0460609458904333
1.0206237436764152
0.9853636218652856
0.9406112107583591
0.8868037955928573
0.8244533200611383
0.7541677172978766
0.6766082479057005
0.5925428274231466
0.5027713678695238
0.40814710873209453
0.30959794795325707
0.208073114462591
0.10454316817685769
0.09940247088415688
0.1978415429992876
0.2943740996557138
0.38807730624310516
0.4780486102304791
0.5634057411662012
0.6433374158763547
0.7170830563853926
0.7839125078367896
0.8431970257707604
0.8943585709258891
0.9369103733978257
0.9704366505599378
0.9946230301823326
1.0092159862731611
1.01410396739601
1.0092159862731611
0.9946230301823326
0.9704366505599378
0.9369103733978257
0.8943585709258891
0.8431970257707604
0.7839125078367896
0.7170830563853926
0.6433374158763547
0.5634057411662012
0.4780486102304791
0.38807730624310516
0.2943740996557138
0.1978415429992876
0.09940247088415688
0.09437986668513221
0.18784501317692762
0.27949997654927744
0.3684685511433014
0.45389378856734675
0.5349379976969894
0.6108308878431038
0.6808503114846342
0.7443030070013675
0.8005919991092316
0.8491684556922241
0.8895702023368697
0.9214024650649911
0.9443667562345525
0.9582223600052018
0.9628633614071844
0.9582223600052018
0.9443667562345525
0.9214024650649911
0.8895702023368697
0.8491684556922241
0.8005919991092316
0.7443030070013675
0.6808503114846342
0.6108308878431038
0.5349379976969894
0.45389378856734675
0.3684685511433014
0.27949997654927744
0.18784501317692762
0.09437986668513221
0.08947535557978364
0.17808352499551108
0.26497557863394816
0.3493208434326832
0.4303069028801266
0.5071395970155111
0.5790886638059473
0.645469482595601
0.7056248175548719
0.758988715608271
0.8050408650573638
0.843343108682417
0.8735211871915748
0.8952921240470926
0.908427712363692
0.9128275411118512
0.908427712363692
0.8952921240470926
0.8735211871915748
0.843343108682417
0.8050408650573638
0.758988715608271
0.7056248175548719
0.645469482595601
0.5790886638059473
0.5071395970155111
0.4303069028801266
0.3493208434326832
0.26497557863394816
0.17808352499551108
0.08947535557978364
0.08468893756811119
0.16855707845503787
0.2508009059097257
0.3306341831112507
0.4072879531688188
0.48001053912176633
0.5481107437648853
0.6109405697182934
0.667877939497303
0.7183871752678782
0.7619757990213083
0.7982290924344683
0.826792816939689
0.8473991336199529
0.8598320433486317
0.8639965065100101
0.8598320433486317
0.8473991336199529
0.826792816939689
0.7982290924344683
0.7619757990213083
0.7183871752678782
0.667877939497303
0.6109405697182934
0.5481107437648853
0.48001053912176633
0.4072879531688188
0.3306341831112507
0.2508009059097257
0.16855707845503787
0.08468893756811119
0.08002061265011487
0.1592656735555082
0.2369759583766103
0.3124085701790039
0.38483693943342323
0.4535508240157552
0.517897127719918
0.577263572852711
0.6310623728286603
0.6787873780880536
0.7199732575840574
0.7542281535930232
0.7812173543093341
0.8006877849531338
0.8124353529600217
0.8163702576016616
0.8124353529600217
0.8006877849531338
0.7812173543093341
0.7542281535930232
0.7199732575840574
0.6787873780880536
0.6310623728286603
0.577263572852711
0.517897127719918
0.4535508240157552
0.38483693943342323
0.3124085701790039
0.2369759583766103
0.1592656735555082
0.08002061265011487
0.07547038082579469
0.15020931029692192
0.2235007360346019
0.29464400463594276
0.3629538616739401
0.4277604516974775
0.48844781567104556
0.5444384919988542
0.5951781175489445
0.6401893240687974
0.6790332407456116
0.711340292158082
0.7367947993005097
0.7551580780466349
0.766237641197861
0.7699487943868055
0.766237641197861
0.7551580780466349
0.7367947993005097
0.711340292158082
0.6790332407456116
0.6401893240687974
0.5951781175489445
0.5444384919988542
0.48844781567104556
0.4277604516974775
0.3629538616739401
0.29464400463594276
0.2235007360346019
0.15020931029692192
0.07547038082579469
0.07103824209515058
0.141387988679279
0.21037523888370036
0.2773404864820672
0.3416387198903691
0.40263942216693327
0.45976280761826743
0.5124653271567224
0.5602251736581548
0.6025930132101086
0.6391557485059702
0.6695655081296441
0.6935251519132156
0.7108100129004564
0.72123890806215
0.7247321168654415
0.72123890806215
0.7108100129004564
0.6935251519132156
0.6695655081296441
0.6391557485059702
0.6025930132101086
0.5602251736581548
0.5124653271567224
0.45976280761826743
0.40263942216693327
0.3416387198903691
0.2773404864820672
0.21037523888370036
0.141387988679279
0.07103824209515058
0.06672419645818262
0.13280170870257954
0.19759946692390587
0.2604980157173774
0.32089151408271055
0.3781877354241228
0.43184210356158415
0.4813440783263162
0.5262035411562921
0.5659984455119884
0.6003407808651339
0.6289038015077103
0.6514084121474525
0.6676435895145985
0.677439153552889
0.6807202250375701
0.677439153552889
0.6676435895145985
0.6514084121474525
0.6289038015077103
0.6003407808651339
0.5659984455119884
0.5262035411562921
0.4813440783263162
0.43184210356158415
0.3781877354241228
0.32089151408271055
0.2604980157173774
0.19759946692390587
0.13280170870257954
0.06672419645818262
0.06252824391489079
0.12445047036682352
0.1851734201552183
0.24411659234187322
0.30071224425096427
0.3544053914690458
0.40468570350099536
0.4510747455076355
0.49311322004335567
0.5304056209744363
0.5625883378231022
0.5893551722922802
0.6104445800032197
0.6256588078890608
0.6348383776700776
0.637913118903191
0.6348383776700776
0.6256588078890608
0.6104445800032197
0.5893551722922802
0.5625883378231022
0.5304056209744363
0.49311322004335567
0.4510747455076355
0.40468570350099536
0.3544053914690458
0.30071224425096427
0.24411659234187322
0.1851734201552183
0.12445047036682352
0.06252824391489079
0.05845038446527506
0.11633427367201091
0.17309709857763764
0.2281962163555546
0.2811009103951302
0.3312923903017023
0.3782936074365011
0.42165732870067996
0.4609542103193458
0.49581453959745214
0.5258984193798754
0.5509196204833536
0.5706336554805174
0.5848556680238434
0.5934365804137158
0.5963107984623042
0.5934365804137158
0.5848556680238434
0.5706336554805174
0.5509196204833536
0.5258984193798754
0.49581453959745214
0.4609542103193458
0.42165732870067996
0.3782936074365011
0.3312923903017023
0.2811009103951302
0.2281962163555546
0.17309709857763764
0.11633427367201091
0.05845038446527506
0.05449061810933546
0.10845311861814178
0.161370502191164
0.2127368877584217
0.2620575125152084
0.30884873192209245
0.35266581536810165
0.39309182790544994
0.4297265119842625
0.46222520138103607
0.4902710255354532
0.513597146080931
0.5319756385793458
0.5452341699189464
0.5532337617838039
0.5559132637149098
0.5532337617838039
0.5452341699189464
0.5319756385793458
0.513597146080931
0.4902710255354532
0.46222520138103607
0.4297265119842625
0.39309182790544994
0.35266581536810165
0.30884873192209245
0.2620575125152084
0.2127368877584217
0.161370502191164
0.10845311861814178
0.05449061810933546
0.05064894484707197
0.10080700520521602
0.14999363099579727
0.19773860655047443
0.24358205061119897
0.287074416330216
0.3278023272957966
0.36537824312194506
0.3994301250381055
0.4296376063251881
0.455706156289836
0.4773877490850118
0.4944705292997046
0.5067943135743697
0.5142299217803415
0.5167205146610077
0.5142299217803415
0.5067943135743697
0.4944705292997046
0.4773877490850118
0.455706156289836
0.4296376063251881
0.3994301250381055
0.36537824312194506
0.3278023272957966
0.287074416330216
0.24358205061119897
0.19773860655047443
0.14999363099579727
0.10080700520521602
0.05064894484707197
0.04692536467848461
0.09339593343323366
0.1389664849915376
0.18320137273171283
0.2256745246831019
0.26596944352607327
0.3037031432195863
0.33851657435016586
0.37006504948087526
0.39805175442990826
0.42220381164302356
0.4422914294955965
0.4581183276415942
0.4695360989901135
0.4764250604033291
0.478732551300598
0.4764250604033291
0.4695360989901135
0.4581183276415942
0.4422914294955965
0.42220381164302356
0.39805175442990826
0.37006504948087526
0.33851657435016586
0.3037031432195863
0.26596944352607327
0.2256745246831019
0.18320137273171283
0.1389664849915376
0.09339593343323366
0.04692536467848461
0.043319877603573365
0.08621990330219476
0.1282890641783848
0.1691251863021369
0.20833493473091708
0.24553381350966386
0.2803682631394706
0.31250682159011184
0.3416312853125715
0.3674676456951964
0.3897639915950155
0.4083081873126849
0.42291903360501437
0.43345952616617767
0.43981917765276624
0.4419493736336806
0.43981917765276624
0.43345952616617767
0.42291903360501437
0.4083081873126849
0.3897639915950155
0.3674676456951964
0.3416312853125715
0.31250682159011184
0.2803682631394706
0.24553381350966386
0.20833493473091708
0.1691251863021369
0.1282890641783848
0.08621990330219476
0.043319877603573365
0.03983248362233825
0.07927891481209928
0.11796136855633899
0.15551004726174666
0.19156328075464446
0.22576752628098823
0.25779768705544953
0.28734898484178334
0.31412883253319424
0.3378852801210528
0.35838669614581264
0.375438022536277
0.38887264718996506
0.39856459510256215
0.40441227352865317
0.40637098166025565
0.40441227352865317
0.39856459510256215
0.38887264718996506
0.375438022536277
0.35838669614581264
0.3378852801210528
0.31412883253319424
0.28734898484178334
0.25779768705544953
0.22576752628098823
0.19156328075464446
0.15551004726174666
0.11796136855633899
0.07927891481209928
0.03983248362233825
0.03646318273477925
0.0725729679629472
0.10798339812540014
0.142355955610542
0.17535956275428422
0.206670581840046
0.23599141496752307
0.26304306410518014
0.28755769114274343
0.30930465770747706
0.3280719252954144
0.34368093516637277
0.3559791683964463
0.36485130579926706
0.3702043480309898
0.37199737538032296
0.3702043480309898
0.36485130579926706
0.3559791683964463
0.34368093516637277
0.3280719252954144
0.30930465770747706
0.28755769114274343
0.26304306410518014
0.23599141496752307
0.206670581840046
0.17535956275428422
0.142355955610542
0.10798339812540014
0.0725729679629472
0.03646318273477925
0.03321197494089638
0.06610206275473858
0.09835515288556823
0.12966291134852298
0.15972378072983628
0.18824298018683738
0.21494944687569129
0.23958905938030234
0.2619178611412192
0.28172577845446967
0.298819679043821
0.3130369252029722
0.324238597224458
0.33231965825629217
0.3371954011597762
0.33882855479388263
0.3371954011597762
0.33231965825629217
0.324238597224458
0.3130369252029722
0.298819679043821
0.28172577845446967
0.2619178611412192
0.23958905938030234
0.21494944687569129
0.18824298018683738
0.15972378072983628
0.12966291134852298
0.09835515288556823
0.06610206275473858
0.03321197494089638
0.03007886024068962
0.05986619918747335
0.08907663283684333
0.11743091447568965
0.1446559346813006
0.17048472132136233
0.19467178277995395
0.21698697066714995
0.23720934252862153
0.25514864236203005
0.27062995739103235
0.28350599264607557
0.2936509336740004
0.3009696524736377
0.3053854329150122
0.30686451990093466
0.3053854329150122
0.3009696524736377
0.2936509336740004
0.28350599264607557
0.27062995739103235
0.25514864236203005
0.23720934252862153
0.21698697066714995
0.19467178277995395
0.17048472132136233
0.1446559346813006
0.11743091447568965
0.08907663283684333
0.05986619918747335
0.03007886024068962
0.027063838634158982
0.053865377261151565
0.08014783797922534
0.105659964992042
0.1301560246086772
0.15339580524362073
0.17515842268031134
0.19523679796572285
0.21343213530495037
0.22957324943015878
0.24350276033704843
0.2550881374956825
0.26421617774507333
0.2708012884513037
0.27477444329669787
0.27610527070147906
0.27477444329669787
0.2708012884513037
0.26421617774507333
0.2550881374956825
0.24350276033704843
0.22957324943015878
0.21343213530495037
0.19523679796572285
0.17515842268031134
0.15339580524362073
0.1301560246086772
0.105659964992042
0.08014783797922534
0.053865377261151565
0.027063838634158982
0.024166910121304452
0.048099596975773165
0.07156876831271433
0.09435006289758002
0.1162240505119661
0.1369762319536127
0.15640936657676324
0.17433854127602116
0.19058623947020564
0.20499959965885556
0.21743808788186936
0.2277833597517932
0.2359343294376769
0.24181456618928998
0.24536243230483334
0.2465508071955158
0.24536243230483334
0.24181456618928998
0.2359343294376769
0.2277833597517932
0.21743808788186936
0.20499959965885556
0.19058623947020564
0.17433854127602116
0.15640936657676324
0.1369762319536127
0.1162240505119661
0.09435006289758002
0.07156876831271433
0.048099596975773165
0.024166910121304452
0.02138807470212606
0.042568858331338236
0.06333942383731028
0.08350120819230364
0.10286001239116738
0.12122600145133827
0.13842461446930987
0.15429220059804488
0.16867165502438758
0.18142769304812034
0.19243594002549497
0.2015916594144075
0.20880538875181098
0.2140094856875966
0.21714939993941862
0.21820112938304492
0.21714939993941862
0.2140094856875966
0.20880538875181098
0.2015916594144075
0.19243594002549497
0.18142769304812034
0.16867165502438758
0.15429220059804488
0.13842461446930987
0.12122600145133827
0.10286001239116738
0.08350120819230364
0.06333942383731028
0.042568858331338236
0.02138807470212606
0.018727332376623787
0.03727316132784672
0.05545980455301319
0.07311340087621296
0.09006391024628091
0.10614511373679741
0.12120416635795112
0.135097775931794
0.14768838196749595
0.1588575295979533
0.16849631676792548
0.17651303648352568
0.18282935568747571
0.18738604694622374
0.19013534620045358
0.1910562372640664
0.19013534620045358
0.18738604694622374
0.18282935568747571
0.17651303648352568
0.16849631676792548
0.1588575295979533
0.14768838196749595
0.135097775931794
0.12120416635795112
0.10614511373679741
0.09006391024628091
0.07311340087621296
0.05545980455301319
0.03727316132784672
0.018727332376623787
0.016184683144797637
0.03221250596529862
0.04792991045982306
0.0631866409493079
0.0778357440773067
0.09173356880999006
0.10474802224268692
0.11675526727726848
0.12763642029953093
0.1372891093083543
0.14561921810916068
0.15254749095914755
0.15800623024467098
0.1619442499651711
0.16432027108793823
0.16511613083858023
0.16432027108793823
0.1619442499651711
0.15800623024467098
0.15254749095914755
0.14561921810916068
0.1372891093083543
0.12763642029953093
0.11675526727726848
0.10474802224268692
0.09173356880999006
0.0778357440773067
0.0631866409493079
0.04792991045982306
0.03221250596529862
0.016184683144797637
0.013760127006647596
0.02738689224369391
0.04074974155773989
0.05372092841158843
0.06617551388424478
0.07799136667091616
0.08905618212351729
0.09926467463446825
0.10851577002049229
0.11672243217932332
0.12380464404920055
0.12969502284127293
0.13433601242339677
0.13768409474443877
0.13970417460187257
0.14038081010658632
0.13970417460187257
0.13768409474443877
0.13433601242339677
0.12969502284127293
0.12380464404920055
0.11672243217932332
0.10851577002049229
0.09926467463446825
0.08905618212351729
0.07799136667091616
0.06617551388424478
0.05372092841158843
0.04074974155773989
0.02738689224369391
0.013760127006647596
0.011453663962173677
0.02279632016303268
0.033919297846763674
0.04471626326305472
0.0550832196670952
0.06491850731957594
0.07412864600044239
0.08262599800339349
0.0903264311303803
0.09715749821086056
0.10305259458804539
0.10795563212990222
0.11181870222365314
0.11460558128402698
0.1162870567422567
0.11685027506808487
0.1162870567422567
0.11460558128402698
0.11181870222365314
0.10795563212990222
0.10305259458804539
0.09715749821086056
0.0903264311303803
0.08262599800339349
0.07412864600044239
0.06491850731957594
0.0550832196670952
0.04471626326305472
0.033919297846763674
0.02279632016303268
0.011453663962173677
0.009265294011375887
0.018440789723314865
0.02743857932689442
0.03617264550370666
0.04455886142585794
0.052514990755969215
0.05996541387346205
0.06683923738404413
0.07306840362919481
0.0785943074029658
0.08336306972569507
0.08732931882503531
0.09045429964544016
0.09270870958393551
0.09406891750909058
0.09452452572307579
0.09406891750909058
0.09270870958393551
0.09045429964544016
0.08732931882503531
0.08336306972569507
0.0785943074029658
0.07306840362919481
0.06683923738404413
0.05996541387346205
0.052514990755969215
0.04455886142585794
0.03617264550370666
0.02743857932689442
0.018440789723314865
0.009265294011375887
0.007195017154254212
0.014320300924540438
0.02130758599813215
0.028090075133544168
0.034602439160532905
0.040780816980096
0.04656648574257627
0.05190439277642006
0.05674168751693576
0.0610328597556391
0.06473606946214933
0.06781608292667196
0.0702428046887576
0.0719934796441643
0.07304975690237397
0.07340356207155896
0.07304975690237397
0.0719934796441643
0.0702428046887576
0.06781608292667196
0.06473606946214933
0.0610328597556391
0.05674168751693576
0.05190439277642006
0.04656648574257627
0.040780816980096
0.034602439160532905
0.028090075133544168
0.02130758599813215
0.014320300924540438
0.007195017154254212
0.005242833390808659
0.010434853766709468
0.015526317860476813
0.020468552152567432
0.025213952871120188
0.029715985991956406
0.03393186160778522
0.03782146418052146
0.04134628279360342
0.04447315526888057
0.04717159379740843
0.04941592443481235
0.05118421735360579
0.05245989146471358
0.05322957492210734
0.0534873841135346
0.05322957492210734
0.05245989146471358
0.05118421735360579
0.04941592443481235
0.04717159379740843
0.04447315526888057
0.04134628279360342
0.03782146418052146
0.03393186160778522
0.029715985991956406
0.025213952871120188
0.020468552152567432
0.015526317860476813
0.010434853766709468
0.005242833390808659
0.0034087427210392207
0.006784448249821898
0.010094774913928461
0.013308076560776289
0.016393402557619785
0.01932049779155029
0.022061541469088675
0.02459045159634815
0.026882189459197403
0.0289151939426901
0.03066964273147227
0.032128843349456426
0.03327853763998445
0.03410794504558312
0.034608371568290275
0.034775991849002486
0.034608371568290275
0.03410794504558312
0.03327853763998445
0.032128843349456426
0.03066964273147227
0.0289151939426901
0.026882189459197403
0.02459045159634815
0.022061541469088675
0.01932049779155029
0.016393402557619785
0.013308076560776289
0.010094774913928461
0.006784448249821898
0.0034087427210392207
0.0016927451449459119
0.0033690843738777704
0.005012957158487041
0.006608648358170793
0.008140788220031642
0.00959435237887779
0.010955525326486804
0.01221135502390025
0.013349407513717992
0.01435897577706774
0.015230216264340957
0.015954839670604237
0.0165257655478937
0.016937640386773145
0.01718614684092301
0.01726938527796279
0.01718614684092301
0.016937640386773145
0.0165257655478937
0.015954839670604237
0.015230216264340957
0.01435897577706774
0.013349407513717992
0.01221135502390025
0.010955525326486804
0.00959435237887779
0.008140788220031642
0.006608648358170793
0.005012957158487041
0.0033690843738777704
0.0016927451449459119
9.48406625287182e-05
0.00018876213887704385
0.00028086459415258003
0.000370267544750974
0.0004561098583558132
0.0005375497539387986
0.0006138131799794944
0.0006841744631777558
0.000747936957165074
0.0008045007720133834
0.0008533143960143263
0.0008939133982557856
0.0009259010773335352
0.0009489774882834312
0.0009629007400054346
0.0009675644004153994
0.0009629007400054346
0.0009489774882834312
0.0009259010773335352
0.0008939133982557856
0.0008533143960143263
0.0008045007720133834
0.000747936957165074
0.0006841744631777558
0.0006138131799794944
0.0005375497539387986
0.0004561098583558132
0.000370267544750974
0.00028086459415258003
0.00018876213887704385
9.48406625287182e-05
-0.0013849707262123534
-0.002756518455180254
-0.004101502779074909
-0.005407065879483197
-0.006660632527407728
-0.007849910083266687
-0.008963594970433142
-0.009991090085819387
-0.010922222210461296
-0.011748231072472859
-0.012461062873507456
-0.013053935467588984
-0.0135210557716961
-0.01385804364988591
-0.01406136673446251
-0.01412947078363963
-0.01406136673446251
-0.01385804364988591
-0.0135210557716961
-0.013053935467588984
-0.012461062873507456
-0.011748231072472859
-0.010922222210461296
-0.009991090085819387
-0.008963594970433142
-0.007849910083266687
-0.006660632527407728
-0.005407065879483197
-0.004101502779074909
-0.002756518455180254
-0.0013849707262123534
-0.002746689021277303
-0.005466757408294123
-0.008134144961195425
-0.010723351914531692
-0.013209438937258927
-0.015568027132738554
-0.01777669912475116
-0.019814438623091124
-0.021661069989161064
-0.023299219756390932
-0.024712915544224445
-0.02588870692692996
-0.026815104999195094
-0.02748342302773482
-0.0278866555824806
-0.028021720274202244
-0.0278866555824806
-0.02748342302773482
-0.026815104999195094
-0.02588870692692996
-0.024712915544224445
-0.023299219756390932
-0.021661069989161064
-0.019814438623091124
-0.01777669912475116
-0.015568027132738554
-0.013209438937258927
-0.010723351914531692
-0.008134144961195425
-0.005466757408294123
-0.002746689021277303
-0.003990314222666134
-0.007941954720464557
-0.011817061952208996
-0.015578590560394581
-0.019190309371197894
-0.022616801394476888
-0.02582549928297459
-0.02878587114863751
-0.031468606378934366
-0.033848465279741
-0.0359022436161367
-0.037610400979767256
-0.03895624660516356
-0.039927160645263415
-0.040512965804049006
-0.04070918407127255
-0.040512965804049006
-0.039927160645263415
-0.03895624660516356
-0.037610400979767256
-0.0359022436161367
-0.033848465279741
-0.031468606378934366
-0.02878587114863751
-0.02582549928297459
-0.022616801394476888
-0.019190309371197894
-0.015578590560394581
-0.011817061952208996
-0.007941954720464557
-0.003990314222666134
-0.005115846330378846
-0.01018211039169159
-0.015150253752115594
-0.019972781817071794
-0.02460324382922452
-0.028996232868481686
-0.03310999544510343
-0.036905387662458544
-0.040344831379781176
-0.04339596764252293
-0.0460290470892441
-0.04821901762610087
-0.04994448058960144
-0.051189256502471636
-0.05194029739916772
-0.0521918621748505
-0.05194029739916772
-0.051189256502471636
-0.04994448058960144
-0.04821901762610087
-0.0460290470892441
-0.04339596764252293
-0.040344831379781176
-0.036905387662458544
-0.03310999544510343
-0.028996232868481686
-0.02460324382922452
-0.019972781817071794
-0.015150253752115594
-0.01018211039169159
-0.005115846330378846
-0.006123285344415436
-0.01218722442197518
-0.018133720360915248
-0.02390592568456333
-0.029448242311338885
-0.03470632155475295
-0.039630187611137624
-0.04417298816455417
-0.04828974499170144
-0.0519417268447368
-0.05509332596354685
-0.057714556865930744
-0.05977980695250873
-0.061269710599359484
-0.0621686503678367
-0.06246975458493609
-0.0621686503678367
-0.061269710599359484
-0.05977980695250873
-0.057714556865930744
-0.05509332596354685
-0.0519417268447368
-0.04828974499170144
-0.04417298816455417
-0.039630187611137624
-0.03470632155475295
-0.029448242311338885
-0.02390592568456333
-0.018133720360915248
-0.01218722442197518
-0.006123285344415436
-0.007012631264775904
-0.013957296811315356
-0.020767461778607943
-0.02737802216286926
-0.03372530481754092
-0.03974706745329065
-0.04538607578107717
-0.05058867265492442
-0.05530334721469521
-0.05948574288638259
-0.06309508023904475
-0.06609701869925697
-0.06846222569388549
-0.07016852293592696
-0.07119802471005593
-0.07154286130152934
-0.07119802471005593
-0.07016852293592696
-0.06846222569388549
-0.06609701869925697
-0.06309508023904475
-0.05948574288638259
-0.05530334721469521
-0.05058867265492442
-0.04538607578107717
-0.03974706745329065
-0.03372530481754092
-0.02737802216286926
-0.020767461778607943
-0.013957296811315356
-0.007012631264775904
-0.007783884091460254
-0.01549232755971211
-0.023051478005193665
-0.030389071251989502
-0.0374344313478307
-0.04411847056409482
-0.05037765995492216
-0.05615244113356929
-0.0613856380487624
-0.06602801576746031
-0.07003430991573789
-0.0733664031260794
-0.07599173681373167
-0.07788569351217409
-0.07902842042582553
-0.07941118232463024
-0.07902842042582553
-0.07788569351217409
-0.07599173681373167
-0.0733664031260794
-0.07003430991573789
-0.06602801576746031
-0.0613856380487624
-0.05615244113356929
-0.05037765995492216
-0.04411847056409482
-0.0374344313478307
-0.030389071251989502
-0.023051478005193665
-0.01549232755971211
-0.007783884091460254
-0.008437043824468485
-0.016792316667165443
-0.02498576904067243
-0.032939072951924095
-0.04057562190220815
-0.04782053088716544
-0.05460494013267253
-0.060864293600488784
-0.0665366174939031
-0.07156854548796993
-0.07591101499362626
-0.07952271014639814
-0.08236834031204726
-0.08442122232810087
-0.08565983751514533
-0.08607471765423877
-0.08565983751514533
-0.08442122232810087
-0.08236834031204726
-0.07952271014639814
-0.07591101499362626
-0.07156854548796993
-0.0665366174939031
-0.060864293600488784
-0.05460494013267253
-0.04782053088716544
-0.04057562190220815
-0.032939072951924095
-0.02498576904067243
-0.016792316667165443
-0.008437043824468485
-0.00897211046380059
-0.017857264133675346
-0.026570334885044233
-0.035028027262673025
-0.04314887648067332
-0.05085324842250248
-0.05806791631432827
-0.06472423005568288
-0.07075628555011726
-0.07610733204791142
-0.08072519547270984
-0.08456593976021312
-0.08759203618883227
-0.08977510938370722
-0.09109227597801545
-0.09153346729035494
-0.09109227597801545
-0.08977510938370722
-0.08759203618883227
-0.08456593976021312
-0.08072519547270984
-0.07610733204791142
-0.07075628555011726
-0.06472423005568288
-0.05806791631432827
-0.05085324842250248
-0.04314887648067332
-0.035028027262673025
-0.026570334885044233
-0.017857264133675346
-0.00897211046380059
-0.00938908400945658
-0.018687169959241832
-0.02780517553830908
-0.03665593418423632
-0.0451541950832262
-0.05321662317010602
-0.060766588499889404
-0.06773225049915163
-0.07404464221740492
-0.07964437544728487
-0.08447685135298866
-0.08849609196752445
-0.09166282444408672
-0.09394735467899326
-0.09532573581443582
-0.09578743123297878
-0.09532573581443582
-0.09394735467899326
-0.09166282444408672
-0.08849609196752445
-0.08447685135298866
-0.07964437544728487
-0.07404464221740492
-0.06773225049915163
-0.060766588499889404
-0.05321662317010602
-0.0451541950832262
-0.03665593418423632
-0.02780517553830908
-0.018687169959241832
-0.00938908400945658
-0.009687964461436447
-0.019282034143864892
-0.02869029100046696
-0.03782279371661396
-0.04659157770986677
-0.054910655129976005
-0.06270095668935594
-0.06988835493089499
-0.07640168749576606
-0.08217967568609023
-0.08716598263446267
-0.09131316676833201
-0.0945807050778106
-0.09693795821395892
-0.0983602170244065
-0.09883660948211026
-0.0983602170244065
-0.09693795821395892
-0.0945807050778106
-0.09131316676833201
-0.08716598263446267
-0.08217967568609023
-0.07640168749576606
-0.06988835493089499
-0.06270095668935594
-0.054910655129976005
-0.04659157770986677
-0.03782279371661396
-0.02869029100046696
-0.019282034143864892
-0.009687964461436447
-0.009868751819740194
-0.019641856687544527
-0.02922568127151788
-0.03852860585980593
-0.04746102436059505
-0.05593534430211243
-0.06387102088272784
-0.07119254335091296
-0.07782742138520064
-0.08371323276432747
-0.08879258931713194
-0.09301716416263589
-0.09634567809000388
-0.09874691998860423
-0.10019571960792743
-0.10068100203774938
-0.10019571960792743
-0.09874691998860423
-0.09634567809000388
-0.09301716416263589
-0.08879258931713194
-0.08371323276432747
-0.07782742138520064
-0.07119254335091296
-0.06387102088272784
-0.05593534430211243
-0.04746102436059505
-0.03852860585980593
-0.02922568127151788
-0.019641856687544527
-0.009868751819740194
-0.00993144608436782
-0.01976663759028074
-0.029411346351461854
-0.03877337061381226
-0.047762535035411044
-0.0562906906865153
-0.06427678108000513
-0.07164481575920556
-0.07832184388570873
-0.08424504668199666
-0.08935667140099643
-0.09360808415043606
-0.09695774348066662
-0.09937424000292915
-0.10083224356499863
-0.10132060889989615
-0.10083224356499863
-0.09937424000292915
-0.09695774348066662
-0.09360808415043606
-0.08935667140099643
-0.08424504668199666
-0.07832184388570873
-0.07164481575920556
-0.06427678108000513
-0.0562906906865153
-0.047762535035411044
-0.03877337061381226
-0.029411346351461854
-0.01976663759028074
-0.00993144608436782
-0.009876047255319325
-0.019656376852073533
-0.029247286240298855
-0.03855708797863292
-0.04749610973431473
-0.05597669428318464
-0.06391823728118778
-0.07124517215577278
-0.07788495499729026
-0.08377511743909774
-0.08885822888605611
-0.0930859267317325
-0.09641690124979878
-0.09881991825693372
-0.10026978889562015
-0.10075543006855056
-0.10026978889562015
-0.09881991825693372
-0.09641690124979878
-0.0930859267317325
-0.08885822888605611
-0.08377511743909774
-0.07788495499729026
-0.07124517215577278
-0.06391823728118778
-0.05597669428318464
-0.04749610973431473
-0.03855708797863292
-0.029247286240298855
-0.019656376852073533
-0.009876047255319325
-0.00970255533259471
-0.0193110744729229
-0.028733500938028896
-0.03787975795426795
-0.046661748457306126
-0.05499335509212042
-0.06279538948627586
-0.06999361254061465
-0.07651675471994529
-0.08230344503563072
-0.08729726177231102
-0.09145069190652522
-0.09472315139740035
-0.09708395475061792
-0.09850835559979193
-0.09898546554371263
-0.09850835559979193
-0.09708395475061792
-0.09472315139740035
-0.09145069190652522
-0.08729726177231102
-0.08230344503563072
-0.07651675471994529
-0.06999361254061465
-0.06279538948627586
-0.05499335509212042
-0.046661748457306126
-0.03787975795426795
-0.028733500938028896
-0.0193110744729229
-0.00970255533259471
-0.009410970316193975
-0.018730730452828838
-0.027869990444651986
-0.03674138054071732
-0.04525945120438522
-0.05334067311332266
-0.06090823769526929
-0.06789013691373111
-0.0742172430536738
-0.07983002947159565
-0.08467377005976119
-0.08870237967481426
-0.09187649392347137
-0.09416634948398174
-0.09554794367751397
-0.09601071532538233
-0.09554794367751397
-0.09416634948398174
-0.09187649392347137
-0.08870237967481426
-0.08467377005976119
-0.07983002947159565
-0.0742172430536738
-0.06789013691373111
-0.06090823769526929
-0.05334067311332266
-0.04525945120438522
-0.03674138054071732
-0.027869990444651986
-0.018730730452828838
-0.009410970316193975
-0.009001292206117121
-0.01791534479179136
-0.026656754760168107
-0.035141955737981026
-0.04328921797555203
-0.05101864834679136
-0.05825678190816813
-0.06493474527512219
-0.07098641999847577
-0.07635487074699249
-0.08098775374840657
-0.08484099003659953
-0.08787692882801182
-0.09006710245702523
-0.09138855312878633
-0.0918311794135597
-0.09138855312878633
-0.09006710245702523
-0.08787692882801182
-0.08484099003659953
-0.08098775374840657
-0.07635487074699249
-0.07098641999847577
-0.06493474527512219
-0.05825678190816813
-0.05101864834679136
-0.04328921797555203
-0.035141955737981026
-0.026656754760168107
-0.01791534479179136
-0.009001292206117121
-0.008473521002364145
-0.01686491748981046
-0.02509379388457727
-0.03308148354605908
-0.04075104877080655
-0.04802728079252651
-0.054841022124972355
-0.06112743762478791
-0.06682428555435123
-0.07187796886182121
-0.07623921283824717
-0.07986652299188111
-0.08272445611102168
-0.08478621366974831
-0.08603018395360895
-0.0864468578082447
-0.08603018395360895
-0.08478621366974831
-0.08272445611102168
-0.07986652299188111
-0.07623921283824717
-0.07187796886182121
-0.06682428555435123
-0.06112743762478791
-0.054841022124972355
-0.04802728079252651
-0.04075104877080655
-0.03308148354605908
-0.02509379388457727
-0.01686491748981046
-0.008473521002364145
-0.007827656704935048
-0.015579448546886133
-0.02318110781787947
-0.030559963964951482
-0.03764494359014876
-0.04436657045052811
-0.05066095834568196
-0.05646821396272824
-0.061730839721300154
-0.06639932381608186
-0.07042814732928299
-0.07377897854065897
-0.07641907577250097
-0.07832368312215106
-0.07947283615198186
-0.07985775050943734
-0.07947283615198186
-0.07832368312215106
-0.07641907577250097
-0.07377897854065897
-0.07042814732928299
-0.06639932381608186
-0.061730839721300154
-0.05646821396272824
-0.05066095834568196
-0.04436657045052811
-0.03764494359014876
-0.030559963964951482
-0.02318110781787947
-0.015579448546886133
-0.007827656704935048
-0.007063699313829832
-0.014058937963018384
-0.020918696560074713
-0.027577396994658228
-0.033970902433578684
-0.04003651732079616
-0.04571659057029695
-0.050957074288943194
-0.05570608249932256
-0.05991893560977444
-0.06355455722151403
-0.06657835668293313
-0.0689607878124497
-0.07067951081423343
-0.07171650972390503
-0.07206385751713765
-0.07171650972390503
-0.07067951081423343
-0.0689607878124497
-0.06657835668293313
-0.06355455722151403
-0.05991893560977444
-0.05570608249932256
-0.050957074288943194
-0.04571659057029695
-0.04003651732079616
-0.033970902433578684
-0.027577396994658228
-0.020918696560074713
-0.014058937963018384
-0.007063699313829832
-0.006181648829048494
-0.01230338573820721
-0.018306560111162995
-0.024133782635179332
-0.029728925301096304
-0.035037121403330665
-0.04000791879881732
-0.044594018603432775
-0.04875001388841845
-0.05243680424289891
-0.0556184425149403
-0.05826465741870357
-0.060349592230867846
-0.06185369674599543
-0.06276120466937848
-0.06306517883134559
-0.06276120466937848
-0.06185369674599543
-0.060349592230867846
-0.05826465741870357
-0.0556184425149403
-0.05243680424289891
-0.04875001388841845
-0.044594018603432775
-0.04000791879881732
-0.035037121403330665
-0.029728925301096304
-0.024133782635179332
-0.018306560111162995
-0.01230338573820721
-0.006181648829048494
-0.005181505250591036
-0.010312791872452615
-0.015344698471144317
-0.02022912088651477
-0.024919012192701637
-0.029368382698131627
-0.03353494303124309
-0.03737904690619698
-0.04086263388858781
-0.04395292971545531
-0.04661980320956179
-0.04883788074797028
-0.05058548902775542
-0.05184624091743708
-0.052606920988402237
-0.05286171445206117
-0.052606920988402237
-0.05184624091743708
-0.05058548902775542
-0.04883788074797028
-0.04661980320956179
-0.04395292971545531
-0.04086263388858781
-0.03737904690619698
-0.03353494303124309
-0.029368382698131627
-0.024919012192701637
-0.02022912088651477
-0.015344698471144317
-0.010312791872452615
-0.005181505250591036
-0.004063268578457457
-0.008087156365754597
-0.012033111640018678
-0.01586341174866456
-0.01954116310839467
-0.02303030120519904
-0.026297663267574236
-0.029312159197235798
-0.03204394249983064
-0.03446731202744361
-0.03655863930537851
-0.03829802667073328
-0.03966847820311242
-0.04065714332855836
-0.04125365868097626
-0.04145346437928441
-0.04125365868097626
-0.04065714332855836
-0.03966847820311242
-0.03829802667073328
-0.03655863930537851
-0.03446731202744361
-0.03204394249983064
-0.029312159197235798
-0.026297663267574236
-0.02303030120519904
-0.01954116310839467
-0.01586341174866456
-0.012033111640018678
-0.008087156365754597
-0.004063268578457457
-0.002826938812647759
-0.005626479218113154
-0.008371799617786078
-0.011036655221628694
-0.01359537804817541
-0.016022876924532907
-0.018296079507810772
-0.020393355476549246
-0.022293939722146952
-0.023979951178863826
-0.02543495080239045
-0.02664509518699257
-0.027598559756938854
-0.028286403979359272
-0.02870141774710056
-0.028840428613015293
-0.02870141774710056
-0.028286403979359272
-0.027598559756938854
-0.02664509518699257
-0.02543495080239045
-0.023979951178863826
-0.022293939722146952
-0.020393355476549246
-0.018296079507810772
-0.016022876924532907
-0.01359537804817541
-0.011036655221628694
-0.008371799617786078
-0.005626479218113154
-0.002826938812647759
-0.0014725159531619398
-0.0029307604295282885
-0.0043607624044465195
-0.005748851305407174
-0.007081657012043852
-0.008346109856133226
-0.009530191751952693
-0.01062263574413731
-0.011612625555536738
-0.012490847169715958
-0.013248737700597613
-0.013879086296748142
-0.014375733689234714
-0.014734022869839818
-0.014950198186775138
-0.015022607153253823
-0.014950198186775138
-0.014734022869839818
-0.014375733689234714
-0.013879086296748142
-0.013248737700597613
-0.012490847169715958
-0.011612625555536738
-0.01062263574413731
-0.009530191751952693
-0.008346109856133226
-0.007081657012043852
-0.005748851305407174
-0.0043607624044465195
-0.0029307604295282885
-0.0014725159531619398
0.0
0.0
0.0
0.0
0.0
0.0
0.0
0.0
0.0
0.0
0.0
0.0
0.0
0.0
0.0
0.0
0.0
0.0
0.0
0.0
0.0
0.0
0.0
0.0
0.0
0.0
0.0
0.0
0.0
0.0
0.0
