    0.772598
     1.53775
      2.2881
     3.01641
     3.71567
     4.37915
           5
           5
           5
           5
           5
           5
           5
           5
           5
           5
           5
           5
           5
           5
           5
           5
           5
           5
           5
     4.37914
     3.71566
      3.0164
     2.28809
     1.53775
    0.772594
    0.759061
     1.51081
     2.24801
     2.96356
     3.65056
     4.30242
     4.91283
           5
           5
           5
           5
           5
           5
           5
           5
           5
           5
           5
           5
           5
           5
           5
           5
           5
     4.91282
     4.30241
     3.65056
     2.96355
       2.248
      1.5108
    0.759057
    0.745641
      1.4841
     2.20827
     2.91116
     3.58603
     4.22635
     4.82598
           5
           5
           5
           5
           5
           5
           5
           5
           5
           5
           5
           5
           5
           5
           5
           5
           5
     4.82598
     4.22635
     3.58603
     2.91116
     2.20827
      1.4841
    0.745641
    0.732342
     1.45763
     2.16888
     2.85925
     3.52208
     4.15099
     4.73992
           5
           5
           5
           5
           5
           5
           5
           5
           5
           5
           5
           5
           5
           5
           5
           5
           5
      4.7399
     4.15098
     3.52207
     2.85925
     2.16888
     1.45763
    0.732345
    0.719162
      1.4314
     2.12985
     2.80779
      3.4587
     4.07629
     4.65462
           5
           5
           5
           5
           5
           5
           5
           5
           5
           5
           5
           5
           5
           5
           5
           5
           5
      4.6546
     4.07627
     3.45869
     2.80779
     2.12985
     1.43141
    0.719166
    0.706102
      1.4054
     2.09117
     2.75679
     3.39587
     4.00225
     4.57008
           5
           5
           5
           5
           5
           5
           5
           5
           5
           5
           5
           5
           5
           5
           5
           5
           5
     4.57007
     4.00224
     3.39587
      2.7568
     2.09117
     1.40541
    0.706105
    0.693161
     1.37965
     2.05284
     2.70627
     3.33363
     3.92889
     4.48631
           5
           5
           5
           5
           5
           5
           5
           5
           5
           5
           5
           5
           5
           5
           5
           5
           5
      4.4863
     3.92889
     3.33363
     2.70627
     2.05284
     1.37965
    0.693162
    0.680339
     1.35413
     2.01487
      2.6562
     3.27196
      3.8562
      4.4033
       4.908
           5
           5
           5
           5
           5
           5
           5
           5
           5
           5
           5
           5
           5
           5
           5
       4.908
      4.4033
      3.8562
     3.27196
      2.6562
     2.01486
     1.35412
    0.680339
    0.667631
     1.32883
     1.97723
     2.60659
     3.21085
     3.78418
     4.32106
     4.81634
           5
           5
           5
           5
           5
           5
           5
           5
           5
           5
           5
           5
           5
           5
           5
     4.81634
     4.32107
     3.78418
     3.21085
      2.6066
     1.97724
     1.32884
    0.667633
    0.655039
     1.30377
     1.93994
     2.55743
     3.15029
     3.71281
     4.23958
     4.72551
           5
           5
           5
           5
           5
           5
           5
           5
           5
           5
           5
           5
           5
           5
           5
     4.72553
      4.2396
     3.71284
     3.15032
     2.55745
     1.93996
     1.30378
    0.655046
    0.642563
     1.27894
       1.903
     2.50873
      3.0903
     3.64211
     4.15885
     4.63554
           5
           5
           5
           5
           5
           5
           5
           5
           5
           5
           5
           5
           5
           5
           5
     4.63558
      4.1589
     3.64216
     3.09035
     2.50877
     1.90303
     1.27896
    0.642575
    0.630212
     1.25436
     1.86642
     2.46051
      3.0309
     3.57211
     4.07891
     4.54644
     4.97018
           5
           5
           5
           5
           5
           5
           5
           5
           5
           5
           5
           5
           5
     4.97022
     4.54648
     4.07896
     3.57216
     3.03095
     2.46054
     1.86645
     1.25437
    0.630221
     0.61798
     1.23001
     1.83019
     2.41275
     2.97208
     3.50278
     3.99975
     4.45819
     4.87371
           5
           5
           5
           5
           5
           5
           5
           5
           5
           5
           5
           5
           5
     4.87375
     4.45823
     3.99977
      3.5028
      2.9721
     2.41277
      1.8302
     1.23002
    0.617984
    0.605867
      1.2059
     1.79432
     2.36546
     2.91381
     3.43411
     3.92134
      4.3708
     4.77817
           5
           5
           5
           5
           5
           5
           5
           5
           5
           5
           5
           5
           5
     4.77817
      4.3708
     3.92133
     3.43411
     2.91381
     2.36545
     1.79431
     1.20589
    0.605864
    0.593872
     1.18203
     1.75879
     2.31862
     2.85612
     3.36612
     3.84369
     4.28425
     4.68355
           5
           5
           5
           5
           5
           5
           5
           5
           5
           5
           5
           5
           5
     4.68352
     4.28422
     3.84366
     3.36608
     2.85609
     2.31859
     1.75877
     1.18201
    0.593863
    0.581991
     1.15838
     1.72361
     2.27224
     2.79898
     3.29877
     3.76679
     4.19854
     4.58985
     4.93695
           5
           5
           5
           5
           5
           5
           5
           5
           5
           5
           5
     4.93691
      4.5898
     4.19849
     3.76675
     3.29873
     2.79895
     2.27221
     1.72358
     1.15836
    0.581982
    0.570226
     1.13496
     1.68876
      2.2263
      2.7424
     3.23208
     3.69065
     4.11366
     4.49706
     4.83715
           5
           5
           5
           5
           5
           5
           5
           5
           5
           5
           5
     4.83711
     4.49701
     4.11361
      3.6906
     3.23205
     2.74237
     2.22628
     1.68874
     1.13495
    0.570219
    0.558579
     1.11178
     1.65427
     2.18083
     2.68638
     3.16607
     3.61526
     4.02964
      4.4052
     4.73835
           5
           5
           5
           5
           5
           5
           5
           5
           5
           5
           5
     4.73832
     4.40518
     4.02961
     3.61523
     3.16604
     2.68636
     2.18081
     1.65425
     1.11177
    0.558573
     0.54705
     1.08883
     1.62012
     2.13581
     2.63094
     3.10072
     3.54064
     3.94646
     4.31428
     4.64055
     4.92212
           5
           5
           5
           5
           5
           5
           5
           5
           5
      4.9221
     4.64052
     4.31425
     3.94644
     3.54062
      3.1007
     2.63092
      2.1358
     1.62012
     1.08882
    0.547046
    0.535639
     1.06612
     1.58633
     2.09126
     2.57606
     3.03604
     3.46678
     3.86414
     4.22429
     4.54375
     4.81945
           5
           5
           5
           5
           5
           5
           5
           5
           5
     4.81944
     4.54374
     4.22428
     3.86414
     3.46678
     3.03604
     2.57605
     2.09126
     1.58633
     1.06612
    0.535638
    0.524346
     1.04364
     1.55288
     2.04717
     2.52174
     2.97203
     3.39369
     3.78267
     4.13522
     4.44795
     4.71784
      4.9423
           5
           5
           5
           5
           5
           5
           5
     4.94232
     4.71787
     4.44798
     4.13525
     3.78271
     3.39372
     2.97205
     2.52176
     2.04719
      1.5529
     1.04365
     0.52435
    0.513171
      1.0214
     1.51979
     2.00355
     2.46801
     2.90871
     3.32139
     3.70208
     4.04712
     4.35319
     4.61734
     4.83701
           5
           5
           5
           5
           5
           5
           5
     4.83704
     4.61737
     4.35323
     4.04717
     3.70213
     3.32143
     2.90874
     2.46805
     2.00358
     1.51982
     1.02142
     0.51318
    0.502119
    0.999404
     1.48706
      1.9604
     2.41486
     2.84607
     3.24986
     3.62236
     3.95997
     4.25944
      4.5179
     4.73285
     4.90221
           5
           5
           5
           5
           5
     4.90223
     4.73287
     4.51793
     4.25948
     3.96001
      3.6224
      3.2499
      2.8461
      2.4149
     1.96043
     1.48709
    0.999422
    0.502129
    0.491187
    0.977643
     1.45468
     1.91772
     2.36228
      2.7841
      3.1791
     3.54349
     3.87375
      4.1667
     4.41953
     4.62979
     4.79547
     4.91497
     4.98713
           5
     4.98714
     4.91498
     4.79549
     4.62982
     4.41956
     4.16674
     3.87379
     3.54353
     3.17914
     2.78413
     2.36232
     1.91775
     1.45471
    0.977661
    0.491196
    0.480372
    0.956117
     1.42266
     1.87549
     2.31027
      2.7228
      3.1091
     3.46547
     3.78845
     4.07496
     4.32222
     4.52785
     4.68989
     4.80675
     4.87733
     4.90093
     4.87733
     4.80677
     4.68991
     4.52788
     4.32225
       4.075
      3.7885
     3.46551
     3.10914
     2.72283
      2.3103
     1.87553
     1.42268
    0.956137
    0.480382
    0.469675
    0.934827
     1.39098
     1.83373
     2.25883
     2.66217
     3.03987
      3.3883
      3.7041
     3.98422
     4.22598
     4.42703
     4.58546
     4.69972
     4.76872
      4.7918
     4.76873
     4.69973
     4.58548
     4.42706
     4.22601
     3.98426
     3.70414
     3.38834
     3.03991
     2.66221
     2.25886
     1.83377
     1.39101
    0.934849
    0.469686
    0.459097
    0.913773
     1.35965
     1.79243
     2.20795
     2.60221
     2.97141
     3.31199
     3.62068
     3.89449
      4.1308
     4.32733
     4.48218
     4.59387
     4.66132
     4.68387
     4.66132
     4.59388
      4.4822
     4.32735
     4.13083
     3.89453
     3.62071
     3.31203
     2.97145
     2.60225
     2.20799
     1.79247
     1.35968
    0.913794
    0.459108
    0.448637
    0.892954
     1.32867
     1.75159
     2.15765
     2.54292
     2.90371
     3.23653
     3.53818
     3.80576
     4.03668
     4.22873
     4.38006
      4.4892
     4.55511
     4.57716
     4.55512
     4.48922
     4.38008
     4.22876
     4.03671
     3.80579
     3.53822
     3.23657
     2.90375
     2.54296
     2.15769
     1.75163
      1.3287
    0.892972
    0.448646
    0.438295
     0.87237
     1.29804
     1.71122
     2.10791
     2.48431
     2.83678
     3.16193
     3.45663
     3.71803
     3.94364
     4.13126
     4.27909
     4.38572
     4.45011
     4.47165
     4.45012
     4.38573
     4.27911
     4.13128
     3.94366
     3.71806
     3.45665
     3.16196
     2.83681
     2.48434
     2.10794
     1.71124
     1.29806
    0.872383
    0.438302
    0.428072
    0.852022
     1.26777
      1.6713
     2.05874
     2.42636
     2.77061
     3.08818
       3.376
     3.63131
     3.85165
      4.0349
     4.17929
     4.28343
     4.34632
     4.36735
     4.34632
     4.28343
      4.1793
     4.03492
     3.85167
     3.63133
     3.37602
     3.08819
     2.77062
     2.42637
     2.05876
     1.67131
     1.26777
    0.852027
    0.428074
    0.417967
    0.831909
     1.23784
     1.63185
     2.01014
     2.36908
      2.7052
     3.01528
     3.29631
      3.5456
     3.76074
     3.93966
     4.08064
     4.18232
     4.24372
     4.26425
     4.24371
     4.18231
     4.08062
     3.93964
     3.76072
     3.54558
     3.29629
     3.01526
      2.7052
     2.36908
     2.01014
     1.63184
     1.23784
    0.831906
    0.417965
    0.407982
    0.812034
     1.20827
     1.59286
     1.96211
     2.31247
     2.64056
     2.94322
     3.21753
     3.46085
     3.67085
     3.84549
      3.9831
     4.08235
     4.14228
     4.16232
     4.14227
     4.08233
     3.98308
     3.84547
     3.67082
     3.46083
      3.2175
     2.94319
     2.64053
     2.31245
     1.96209
     1.59284
     1.20825
     0.81202
    0.407974
     0.39811
    0.792386
     1.17903
     1.55432
     1.91464
     2.25652
     2.57666
       2.872
     3.13967
      3.3771
     3.58202
     3.75243
     3.88671
     3.98356
     4.04204
      4.0616
     4.04203
     3.98354
     3.88669
     3.75241
     3.58199
     3.37708
     3.13964
     2.87197
     2.57663
     2.25649
     1.91461
     1.55429
     1.17901
    0.792369
    0.398102
    0.388357
    0.772973
     1.15014
     1.51624
     1.86773
     2.20123
     2.51354
     2.80163
     3.06274
     3.29436
     3.49425
     3.66049
     3.79148
     3.88595
       3.943
     3.96208
       3.943
     3.88594
     3.79146
     3.66047
     3.49423
     3.29433
     3.06271
      2.8016
      2.5135
      2.2012
     1.86769
     1.51621
     1.15012
    0.772953
    0.388347
    0.378723
    0.753796
     1.12161
     1.47862
     1.82139
     2.14662
     2.45117
     2.73212
     2.98675
     3.21262
     3.40756
     3.56967
     3.69741
     3.78953
     3.84517
     3.86377
     3.84516
     3.78952
     3.69739
     3.56965
     3.40753
     3.21259
     2.98672
     2.73208
     2.45113
     2.14657
     1.82135
     1.47859
     1.12158
    0.753777
    0.378713
    0.369206
    0.734854
     1.09342
     1.44146
     1.77562
     2.09267
     2.38957
     2.66346
     2.91169
     3.13189
     3.32192
     3.47996
     3.60449
      3.6943
     3.74853
     3.76667
     3.74853
     3.69429
     3.60447
     3.47993
     3.32189
     3.13185
     2.91165
     2.66342
     2.38953
     2.09264
     1.77559
     1.44143
      1.0934
    0.734839
    0.369198
    0.359807
    0.716148
     1.06559
     1.40477
     1.73041
      2.0394
     2.32874
     2.59565
     2.83757
     3.05216
     3.23735
     3.39137
     3.51272
     3.60025
      3.6531
     3.67077
      3.6531
     3.60023
      3.5127
     3.39134
     3.23732
     3.05213
     2.83754
     2.59562
     2.32871
     2.03937
      1.7304
     1.40475
     1.06558
    0.716139
    0.359802
    0.350526
    0.697674
      1.0381
     1.36853
     1.68578
     1.98679
     2.26867
      2.5287
     2.76438
     2.97343
     3.15385
     3.30389
     3.42211
     3.50738
     3.55887
     3.57609
     3.55887
     3.50737
      3.4221
     3.30388
     3.15383
     2.97341
     2.76436
     2.52869
     2.26866
     1.98679
     1.68577
     1.36853
      1.0381
     0.69767
    0.350523
    0.341362
    0.679435
     1.01096
     1.33275
     1.64171
     1.93486
     2.20937
      2.4626
     2.69212
      2.8957
      3.0714
     3.21752
     3.33266
      3.4157
     3.46585
     3.48262
     3.46585
     3.41571
     3.33267
     3.21753
     3.07141
     2.89571
     2.69212
      2.4626
     2.20937
     1.93487
     1.64172
     1.33276
     1.01097
    0.679437
    0.341362
    0.332318
    0.661433
    0.984177
     1.29744
     1.59821
     1.88359
     2.15083
     2.39735
     2.62079
     2.81898
     2.99003
     3.13228
     3.24437
     3.32522
     3.37404
     3.39037
     3.37405
     3.32523
     3.24439
      3.1323
     2.99005
       2.819
     2.62081
     2.39737
     2.15085
     1.88361
     1.59823
     1.29746
    0.984187
    0.661439
     0.33232
    0.323391
    0.643666
    0.957742
     1.26259
     1.55529
       1.833
     2.09306
     2.33296
     2.55039
     2.74327
     2.90973
     3.04817
     3.15725
     3.23592
     3.28344
     3.29933
     3.28344
     3.23594
     3.15727
     3.04819
     2.90976
     2.74331
     2.55043
     2.33299
     2.09309
     1.83303
     1.55531
     1.26261
    0.957759
    0.643678
    0.323396
    0.314583
    0.626136
    0.931659
     1.22821
     1.51293
     1.78308
     2.03606
     2.26943
     2.48095
     2.66857
      2.8305
     2.96517
     3.07128
     3.14781
     3.19403
     3.20949
     3.19404
     3.14783
      3.0713
      2.9652
     2.83053
     2.66861
     2.48099
     2.26948
      2.0361
     1.78312
     1.51297
     1.22824
    0.931682
    0.626152
    0.314591
    0.305893
     0.60884
    0.905924
     1.19428
     1.47114
     1.73383
     1.97983
     2.20676
     2.41243
     2.59488
     2.75233
     2.88328
     2.98646
     3.06089
     3.10583
     3.12086
     3.10584
      3.0609
     2.98649
     2.88332
     2.75237
     2.59493
     2.41248
     2.20681
     1.97988
     1.73389
     1.47119
     1.19432
    0.905957
    0.608863
    0.305905
    0.297325
    0.591786
    0.880546
     1.16083
     1.42993
     1.68526
     1.92437
     2.14494
     2.34485
     2.52219
     2.67523
     2.80251
     2.90281
     2.97514
     3.01883
     3.03344
     3.01884
     2.97516
     2.90284
     2.80255
     2.67528
     2.52224
     2.34491
       2.145
     1.92443
     1.68532
     1.42999
     1.16088
    0.880585
    0.591813
    0.297338
    0.288874
    0.574966
     0.85552
     1.12783
     1.38929
     1.63736
     1.86967
     2.08397
     2.27821
      2.4505
     2.59919
     2.72286
      2.8203
     2.89058
     2.93303
     2.94722
     2.93304
     2.89061
     2.82033
      2.7229
     2.59925
     2.45056
     2.27827
     2.08405
     1.86974
     1.63743
     1.38935
     1.12789
    0.855565
    0.574996
    0.288889
    0.280541
     0.55838
     0.83084
      1.0953
     1.34921
     1.59013
     1.81574
     2.02386
     2.21249
     2.37981
     2.52422
     2.64432
     2.73895
      2.8072
     2.84842
     2.86221
     2.84844
     2.80723
     2.73899
     2.64437
     2.52428
     2.37989
     2.21257
     2.02395
     1.81583
     1.59022
     1.34929
     1.09537
    0.830893
    0.558415
    0.280558
    0.272327
     0.54203
    0.806513
     1.06323
     1.30971
     1.54357
     1.76258
      1.9646
     2.14771
     2.31013
     2.45031
     2.56689
     2.65875
     2.72501
     2.76502
     2.77841
     2.76504
     2.72504
      2.6588
     2.56695
     2.45038
     2.31022
      2.1478
      1.9647
     1.76267
     1.54366
     1.30979
      1.0633
    0.806566
    0.542065
    0.272343
     0.26423
    0.525915
    0.782536
     1.03162
     1.27077
     1.49769
     1.71018
      1.9062
     2.08386
     2.24145
     2.37746
     2.49058
     2.57971
       2.644
     2.68282
     2.69581
     2.68284
     2.64403
     2.57976
     2.49064
     2.37754
     2.24153
     2.08394
     1.90628
     1.71026
     1.49777
     1.27084
     1.03168
    0.782581
    0.525945
    0.264243
    0.256252
    0.510037
     0.75891
     1.00048
     1.23241
     1.45247
     1.65854
     1.84864
     2.02094
     2.17378
     2.30568
     2.41538
     2.50182
     2.56417
     2.60182
     2.61442
     2.60184
     2.56419
     2.50186
     2.41543
     2.30574
     2.17384
     2.02101
     1.84871
      1.6586
     1.45252
     1.23246
     1.00051
    0.758939
    0.510055
     0.25626
    0.248393
    0.494395
    0.735635
    0.969791
     1.19461
     1.40792
     1.60767
     1.79194
     1.95896
      2.1071
     2.23496
      2.3413
     2.42509
     2.48552
     2.52201
     2.53421
     2.52201
     2.48552
      2.4251
     2.34131
     2.23498
     2.10713
     1.95898
     1.79197
      1.6077
     1.40794
     1.19462
    0.969802
    0.735642
    0.494398
    0.248394
    0.240652
    0.478988
     0.71271
    0.939568
     1.15738
     1.36404
     1.55757
      1.7361
     1.89791
     2.04144
      2.1653
     2.26832
     2.34949
     2.40803
     2.44338
      2.4552
     2.44337
     2.40802
     2.34947
      2.2683
     2.16528
     2.04141
     1.89788
     1.73607
     1.55755
     1.36402
     1.15736
    0.939548
    0.712692
    0.478974
    0.240644
    0.233031
    0.463818
    0.690138
    0.909811
     1.12072
     1.32084
     1.50823
      1.6811
     1.83778
     1.97675
     2.09669
     2.19644
     2.27503
     2.33171
     2.36594
     2.37738
     2.36592
     2.33168
     2.27499
     2.19639
     2.09663
     1.97669
      1.8377
     1.68102
     1.50816
     1.32076
     1.12065
    0.909752
     0.69009
    0.463784
    0.233013
    0.225528
    0.448882
    0.667912
    0.880509
     1.08462
     1.27829
     1.45964
     1.62694
     1.77856
     1.91306
     2.02913
     2.12565
     2.20171
     2.25656
     2.28969
     2.30076
     2.28967
     2.25653
     2.20166
     2.12559
     2.02904
     1.91296
     1.77845
     1.62682
     1.45953
     1.27818
     1.08452
    0.880419
     0.66784
    0.448831
    0.225501
    0.218142
     0.43418
    0.646034
    0.851662
     1.04909
      1.2364
     1.41181
     1.57362
     1.72027
     1.85036
     1.96262
     2.05598
     2.12954
      2.1826
     2.21463
     2.22533
      2.2146
     2.18254
     2.12946
     2.05588
     1.96251
     1.85023
     1.72014
     1.57348
     1.41167
     1.23627
     1.04896
    0.851551
    0.645943
    0.434115
    0.218107
    0.210873
     0.41971
    0.624499
    0.823271
     1.01411
     1.19518
     1.36473
     1.52115
      1.6629
     1.78865
     1.89716
     1.98741
     2.05851
     2.10979
     2.14075
     2.15109
     2.14072
     2.10974
     2.05844
     1.98731
     1.89705
     1.78852
     1.66277
       1.521
     1.36459
     1.19504
     1.01398
    0.823152
    0.624401
    0.419638
    0.210834
    0.203718
    0.405468
    0.603306
     0.79533
    0.979689
     1.15461
     1.31841
     1.46951
     1.60645
     1.72793
     1.83276
     1.91994
     1.98863
     2.03817
     2.06808
     2.07808
     2.06806
     2.03813
     1.98857
     1.91986
     1.83266
     1.72782
     1.60634
     1.46938
     1.31828
     1.15448
    0.979568
     0.79522
    0.603215
      0.4054
    0.203681
    0.196679
    0.391458
    0.582459
    0.767846
    0.945834
     1.11471
     1.27285
     1.41873
     1.55094
     1.66821
     1.76942
     1.85359
     1.91991
     1.96774
     1.99662
     2.00627
     1.99661
     1.96771
     1.91987
     1.85354
     1.76935
     1.66813
     1.55085
     1.41863
     1.27275
     1.11461
    0.945736
    0.767756
    0.582382
    0.391399
    0.196647
    0.189757
    0.377679
    0.561957
    0.740819
    0.912542
     1.07547
     1.22805
     1.36879
     1.49636
     1.60951
     1.70716
     1.78837
     1.85236
     1.89851
     1.92637
     1.93569
     1.92637
     1.89849
     1.85233
     1.78834
     1.70712
     1.60946
     1.49631
     1.36874
     1.22799
     1.07541
    0.912475
    0.740755
    0.561901
    0.377634
    0.189731
    0.182952
    0.364136
    0.541806
    0.714256
    0.879823
     1.03692
     1.18402
     1.31972
     1.44271
     1.55181
     1.64597
     1.72427
     1.78597
     1.83047
     1.85734
     1.86633
     1.85734
     1.83047
     1.78597
     1.72427
     1.64596
      1.5518
      1.4427
      1.3197
     1.18399
     1.03688
    0.879786
    0.714218
    0.541771
    0.364107
    0.182935
    0.176265
    0.350827
    0.522006
    0.688154
    0.847674
    0.999029
     1.14076
     1.27151
     1.39001
     1.49513
     1.58585
      1.6613
     1.72075
     1.76362
     1.78952
     1.79818
     1.78952
     1.76363
     1.72075
     1.66131
     1.58586
     1.49514
     1.39002
     1.27152
     1.14077
    0.999029
     0.84767
    0.688146
    0.521994
    0.350816
    0.176257
    0.169697
    0.337756
    0.502559
    0.662521
    0.816101
    0.961821
     1.09828
     1.22416
     1.33825
     1.43946
     1.52681
     1.59945
     1.65668
     1.69797
      1.7229
     1.73124
     1.72291
     1.69799
     1.65671
     1.59948
     1.52684
      1.4395
     1.33829
      1.2242
     1.09831
     0.96185
    0.816124
    0.662538
    0.502569
     0.33776
    0.169698
    0.163248
    0.324923
    0.483467
    0.637354
    0.785104
    0.925293
     1.05657
     1.17768
     1.28744
     1.38481
     1.46884
     1.53872
     1.59379
     1.63351
      1.6575
     1.66552
     1.65751
     1.63353
     1.59382
     1.53876
     1.46888
     1.38486
     1.28749
     1.17773
     1.05663
    0.925345
     0.78515
    0.637394
    0.483497
    0.324943
    0.163258
     0.15692
    0.312328
    0.464729
    0.612655
    0.754681
    0.889441
     1.01564
     1.13205
     1.23756
     1.33116
     1.41194
     1.47912
     1.53205
     1.57023
     1.59329
     1.60101
      1.5933
     1.57025
     1.53208
     1.47916
     1.41199
     1.33122
     1.23763
     1.13212
     1.01571
    0.889511
    0.754746
    0.612712
    0.464774
     0.31236
    0.156936
    0.150712
    0.299974
    0.446347
    0.588424
    0.724834
    0.854266
    0.975472
     1.08728
     1.18863
     1.27852
      1.3561
     1.42063
     1.47147
     1.50814
     1.53029
      1.5377
      1.5303
     1.50817
     1.47151
     1.42068
     1.35617
      1.2786
     1.18871
     1.08737
    0.975559
    0.854351
    0.724914
    0.588493
    0.446403
    0.300013
    0.150733
    0.144624
    0.287857
    0.428319
    0.564657
     0.69556
    0.819764
    0.936075
     1.04337
     1.14062
     1.22688
     1.30133
     1.36325
     1.41204
     1.44724
     1.46849
     1.47561
     1.46851
     1.44727
     1.41209
     1.36332
     1.30142
     1.22698
     1.14072
     1.04347
    0.936177
    0.819863
    0.695651
    0.564738
    0.428385
    0.287904
    0.144649
    0.138656
    0.275977
    0.410643
    0.541355
    0.666856
    0.785934
    0.897446
     1.00032
     1.09355
     1.17625
     1.24763
       1.307
     1.35378
     1.38752
      1.4079
     1.41472
     1.40792
     1.38756
     1.35383
     1.30707
     1.24772
     1.17636
     1.09366
     1.00043
    0.897561
    0.786048
     0.66696
    0.541448
    0.410718
     0.27603
    0.138683
    0.132806
    0.264334
    0.393318
    0.518516
    0.638722
    0.752776
    0.859584
    0.958113
     1.04742
     1.12663
       1.195
     1.25186
     1.29667
     1.32899
     1.34851
     1.35504
     1.34853
     1.32903
     1.29673
     1.25194
     1.19509
     1.12674
     1.04753
    0.958233
    0.859705
    0.752896
    0.638833
    0.518614
    0.393396
    0.264389
    0.132833
    0.127075
    0.252928
    0.376346
     0.49614
    0.611158
     0.72029
    0.822488
    0.916765
     1.00221
     1.07801
     1.14343
     1.19784
     1.24071
     1.27163
     1.29031
     1.29657
     1.29034
     1.27168
     1.24077
     1.19792
     1.14352
     1.07812
     1.00233
    0.916884
    0.822607
    0.720404
    0.611263
    0.496231
    0.376417
    0.252977
    0.127099
    0.121463
    0.241757
    0.359723
    0.474226
    0.584163
    0.688476
    0.786159
    0.876271
    0.957946
      1.0304
     1.09292
     1.14493
      1.1859
     1.21546
     1.23332
     1.23929
     1.23333
      1.2155
     1.18596
       1.145
       1.093
     1.03049
    0.958043
    0.876371
    0.786258
     0.68857
     0.58425
      0.4743
    0.359781
    0.241796
    0.121481
    0.115968
     0.23082
    0.343449
    0.452772
    0.557736
    0.657329
    0.750592
    0.836628
    0.914607
    0.983778
     1.04348
     1.09313
     1.13225
     1.16047
     1.17751
     1.18322
     1.17753
     1.16049
     1.13228
     1.09317
     1.04353
    0.983838
     0.91467
    0.836693
    0.750657
    0.657391
    0.557792
    0.452821
    0.343487
    0.230845
    0.115979
    0.110591
    0.220118
    0.327526
     0.43178
    0.531876
    0.626851
    0.715788
    0.797833
    0.872195
    0.938158
    0.995086
     1.04243
     1.07974
     1.10665
     1.12289
     1.12833
      1.1229
     1.10665
     1.07975
     1.04245
    0.995105
    0.938179
    0.872218
    0.797858
    0.715814
    0.626874
    0.531897
    0.431798
    0.327539
    0.220126
    0.110594
    0.105333
    0.209651
    0.311951
    0.411247
    0.506583
     0.59704
    0.681747
    0.759889
    0.830712
    0.893534
    0.947751
    0.992839
     1.02837
     1.05399
     1.06946
     1.07463
     1.06946
     1.05398
     1.02835
    0.992821
    0.947729
    0.893511
    0.830688
    0.759866
    0.681726
     0.59702
    0.506565
    0.411232
    0.311939
    0.209642
    0.105327
    0.100192
    0.199419
    0.296725
    0.391173
    0.481854
    0.567893
    0.648463
    0.722787
    0.790149
      0.8499
    0.901465
    0.944348
    0.978136
      1.0025
     1.01721
     1.02213
      1.0172
     1.00248
    0.978102
    0.944305
    0.901414
    0.849844
    0.790089
    0.722725
    0.648403
    0.567837
    0.481803
    0.391129
     0.29669
    0.199394
    0.100179
   0.0951699
    0.189422
    0.281848
    0.371559
    0.457689
     0.53941
    0.615935
    0.686527
    0.750505
    0.807256
     0.85623
    0.896958
    0.929048
     0.95219
    0.966161
    0.970828
    0.966145
    0.952158
    0.929002
    0.896899
     0.85616
    0.807177
    0.750421
    0.686439
    0.615848
    0.539326
    0.457612
    0.371491
    0.281793
    0.189383
   0.0951492
   0.0902642
    0.179657
    0.267316
    0.352399
    0.434085
    0.511589
    0.584163
    0.651111
    0.711788
    0.765607
    0.812053
    0.850677
    0.881109
    0.903054
    0.916303
    0.920728
    0.916285
    0.903019
    0.881057
    0.850611
    0.811974
    0.765519
    0.711691
    0.651012
    0.584063
    0.511491
    0.433994
    0.352318
     0.26725
    0.179609
   0.0902391
    0.085474
    0.170122
    0.253127
    0.333692
    0.411041
    0.484429
    0.553149
    0.616541
    0.673994
    0.724955
    0.768933
    0.805506
    0.834321
      0.8551
    0.867645
    0.871834
    0.867627
    0.855066
    0.834271
    0.805442
    0.768857
    0.724869
    0.673901
    0.616443
     0.55305
    0.484332
    0.410951
    0.333613
    0.253062
    0.170074
   0.0854487
    0.080801
     0.16082
    0.239286
    0.315444
    0.388561
    0.457934
    0.522896
     0.58282
     0.63713
    0.685303
    0.726876
    0.761448
    0.788687
    0.808331
     0.82019
    0.824152
    0.820176
    0.808303
    0.788645
    0.761394
    0.726811
     0.68523
    0.637049
    0.582735
     0.52281
    0.457851
    0.388483
    0.315373
    0.239227
    0.160777
   0.0807776
   0.0762448
    0.151751
    0.225791
    0.297654
    0.366647
    0.432107
    0.493404
    0.549948
    0.601195
    0.646652
     0.68588
    0.718505
    0.744209
    0.762747
    0.773939
    0.777679
    0.773929
    0.762727
    0.744181
    0.718468
    0.685837
    0.646602
     0.60114
     0.54989
    0.493344
    0.432047
    0.366589
      0.2976
    0.225746
    0.151716
   0.0762252
   0.0718062
    0.142917
    0.212646
    0.280325
    0.345301
     0.40695
    0.464679
    0.517932
    0.566196
    0.609008
    0.645954
    0.676681
    0.700891
    0.718352
    0.728894
    0.732419
    0.728889
    0.718342
    0.700876
    0.676661
    0.645931
     0.60898
    0.566165
    0.517898
    0.464642
    0.406912
    0.345262
    0.280287
    0.212612
    0.142889
   0.0717904
   0.0674841
    0.134315
    0.199848
    0.263454
    0.324521
    0.382462
    0.436719
    0.486769
    0.532132
     0.57237
    0.607096
    0.635976
    0.658733
    0.675146
    0.685057
    0.688372
    0.685058
    0.675147
    0.658733
    0.635976
    0.607093
    0.572364
    0.532122
    0.486756
    0.436702
    0.382442
    0.324499
    0.263431
    0.199826
    0.134296
   0.0674728
   0.0632807
    0.125949
    0.187401
    0.247047
    0.304313
    0.358648
    0.409528
    0.456464
    0.499005
     0.53674
    0.569307
    0.596391
    0.617732
    0.633125
    0.642422
    0.645532
    0.642426
    0.633132
     0.61774
    0.596399
    0.569314
    0.536746
    0.499008
    0.456464
    0.409524
     0.35864
    0.304303
    0.247035
    0.187388
    0.125937
   0.0632732
    0.059195
    0.117818
    0.175305
    0.231103
    0.284675
    0.335506
    0.383106
    0.427017
    0.466815
    0.502119
    0.532587
    0.557926
    0.577893
    0.592294
     0.60099
    0.603899
    0.600991
    0.592296
    0.577897
    0.557932
    0.532593
    0.502125
     0.46682
    0.427021
    0.383109
    0.335507
    0.284674
      0.2311
    0.175301
    0.117814
   0.0591921
   0.0552287
    0.109925
    0.163562
    0.215623
    0.265609
    0.313037
    0.357451
    0.398423
    0.435559
    0.468501
     0.49693
    0.520574
    0.539205
    0.552642
    0.560756
    0.563469
    0.560756
    0.552642
    0.539205
    0.520577
    0.496935
    0.468507
    0.435568
    0.398433
    0.357461
    0.313047
    0.265618
     0.21563
    0.163566
    0.109928
   0.0552303
   0.0513822
     0.10227
    0.152174
    0.200612
    0.247119
    0.291246
    0.332568
    0.370687
    0.405237
    0.435883
    0.462333
    0.484329
    0.501662
    0.514164
    0.521714
     0.52424
    0.521716
    0.514168
     0.50167
    0.484339
    0.462345
    0.435897
    0.405252
    0.370703
    0.332584
    0.291262
    0.247134
    0.200627
    0.152187
     0.10228
   0.0513884
   0.0476538
     0.09485
    0.141134
     0.18606
    0.229194
     0.27012
    0.308445
    0.343799
    0.375842
    0.404266
    0.428797
    0.449199
    0.465275
    0.476871
    0.483875
    0.486219
    0.483882
    0.476885
    0.465295
    0.449224
    0.428827
      0.4043
    0.375878
    0.343836
    0.308483
    0.270157
    0.229229
    0.186092
    0.141162
   0.0948715
   0.0476662
   0.0440453
    0.087667
    0.130445
    0.171967
    0.211834
     0.24966
    0.285083
     0.31776
    0.347377
     0.37365
    0.396325
    0.415184
    0.430045
    0.440765
     0.44724
     0.44941
    0.447252
    0.440788
     0.43008
     0.41523
    0.396381
    0.373714
    0.347448
    0.317834
    0.285158
    0.249733
    0.211901
    0.172026
    0.130492
   0.0877006
   0.0440628
   0.0405547
   0.0807187
    0.120106
    0.158336
    0.195043
    0.229872
    0.262487
    0.292576
    0.319848
    0.344041
    0.364922
     0.38229
    0.395976
     0.40585
    0.411815
    0.413816
    0.411832
    0.405883
    0.396026
    0.382355
    0.365002
    0.344133
    0.319949
    0.292682
    0.262594
    0.229974
    0.195135
    0.158416
    0.120168
   0.0807613
   0.0405758
   0.0371806
   0.0740036
    0.110115
    0.145166
    0.178821
    0.210754
    0.240659
    0.268247
    0.293254
    0.315438
    0.334586
    0.350513
    0.363066
    0.372124
    0.377598
    0.379437
    0.377622
     0.37217
    0.363135
    0.350601
    0.334689
    0.315554
    0.293378
    0.268374
    0.240784
    0.210872
    0.178927
    0.145256
    0.110185
   0.0740517
   0.0372041
   0.0339254
   0.0675251
    0.100476
    0.132461
    0.163172
    0.192313
    0.219603
     0.24478
    0.267601
    0.287846
    0.305322
    0.319858
    0.331316
    0.339583
     0.34458
    0.346259
    0.344604
    0.339629
    0.331383
    0.319944
    0.305422
    0.287958
    0.267719
      0.2449
    0.219721
    0.192424
    0.163272
    0.132546
    0.100543
   0.0675707
   0.0339474
   0.0307869
   0.0612803
   0.0911869
    0.120218
    0.148095
    0.174547
    0.199319
    0.222174
    0.242891
    0.261269
    0.277132
    0.290327
    0.300725
    0.308227
    0.312761
    0.314281
    0.312774
    0.308255
    0.300766
    0.290379
    0.277195
    0.261341
    0.242969
    0.222256
    0.199401
    0.174626
    0.148168
    0.120283
    0.091239
   0.0613173
   0.0308058
    0.027769
   0.0552748
   0.0822529
    0.108442
     0.13359
    0.157452
      0.1798
    0.200417
    0.219105
    0.235684
    0.249992
    0.261892
     0.27127
    0.278034
    0.282119
    0.283486
    0.282122
     0.27804
    0.271281
    0.261908
    0.250013
    0.235709
    0.219136
    0.200452
    0.179837
     0.15749
    0.133626
    0.108476
   0.0822826
   0.0552977
   0.0277817
    0.024874
   0.0495125
   0.0736786
   0.0971371
    0.119662
    0.141034
    0.161048
    0.179511
    0.196245
    0.211089
    0.223899
    0.234552
    0.242945
    0.248997
    0.252651
     0.25387
    0.252644
    0.248984
    0.242926
    0.234529
    0.223873
    0.211062
    0.196219
    0.179487
    0.161027
    0.141017
     0.11965
   0.0971308
    0.073677
   0.0495146
   0.0248762
   0.0220953
   0.0439814
   0.0654478
   0.0862843
     0.10629
    0.125271
    0.143045
     0.15944
    0.174298
    0.187477
    0.198849
    0.208306
    0.215755
    0.221126
    0.224366
    0.225445
    0.224352
    0.221099
    0.215716
    0.208256
    0.198791
    0.187413
    0.174232
    0.159373
    0.142982
    0.125214
    0.106241
   0.0862461
   0.0654208
   0.0439662
   0.0220886
   0.0194351
    0.038684
   0.0575612
   0.0758831
   0.0934731
    0.110161
    0.125787
      0.1402
    0.153262
    0.164847
    0.174843
    0.183154
      0.1897
    0.194418
    0.197264
     0.19821
    0.197246
    0.194384
    0.189651
    0.183092
    0.174771
    0.164768
    0.153179
    0.140116
    0.125704
    0.110082
   0.0934014
   0.0758219
   0.0575131
   0.0386514
   0.0194184
   0.0168905
   0.0336169
   0.0500178
   0.0659349
   0.0812148
   0.0957107
    0.109283
    0.121802
    0.133146
    0.143207
    0.151888
    0.159106
     0.16479
    0.168886
    0.171356
    0.172175
    0.171336
    0.168848
    0.164735
    0.159037
    0.151809
    0.143119
    0.133052
    0.121704
    0.109185
   0.0956153
   0.0811255
   0.0658557
   0.0499529
   0.0335703
   0.0168657
     0.01446
   0.0287779
   0.0428155
   0.0564379
   0.0695139
   0.0819182
   0.0935315
    0.104243
    0.113949
    0.122558
    0.129986
    0.136161
    0.141025
    0.144531
    0.146645
    0.147346
    0.146627
    0.144497
    0.140975
    0.136096
    0.129907
    0.122469
    0.113851
    0.104139
   0.0934247
   0.0818122
   0.0694134
   0.0563477
    0.042741
   0.0287239
   0.0144314
   0.0121458
    0.024171
   0.0359592
    0.047398
   0.0583771
   0.0687918
   0.0785418
   0.0875344
   0.0956832
     0.10291
    0.109146
    0.114331
    0.118415
    0.121358
    0.123133
    0.123722
    0.123118
    0.121328
     0.11837
    0.114272
    0.109074
    0.102826
   0.0955895
   0.0874335
   0.0784371
   0.0686869
   0.0582769
   0.0473074
    0.035884
   0.0241161
    0.012117
  0.00994602
   0.0197931
   0.0294459
   0.0388127
   0.0478031
   0.0563314
   0.0643155
   0.0716792
   0.0783519
   0.0842693
   0.0893748
   0.0936192
   0.0969618
   0.0993704
    0.100822
    0.101303
    0.100808
   0.0993421
     0.09692
   0.0935651
   0.0893096
   0.0841947
   0.0782698
   0.0715921
   0.0642261
   0.0562428
   0.0477191
   0.0387371
   0.0293836
   0.0197479
  0.00992281
  0.00786476
   0.0156511
   0.0232835
   0.0306896
   0.0377982
   0.0445413
   0.0508543
   0.0566767
   0.0619527
   0.0666315
   0.0706682
    0.074024
   0.0766665
   0.0785706
    0.079718
   0.0800981
   0.0797073
   0.0785495
   0.0766358
   0.0739846
   0.0706214
   0.0665784
   0.0618948
   0.0566156
   0.0507919
   0.0444795
   0.0377394
   0.0306366
   0.0232397
   0.0156194
   0.0078491
  0.00590318
   0.0117468
   0.0174742
   0.0230312
   0.0283644
   0.0334231
   0.0381587
   0.0425264
   0.0464843
   0.0499948
   0.0530242
   0.0555433
   0.0575279
   0.0589587
    0.059822
   0.0601095
   0.0598184
   0.0589519
   0.0575182
   0.0555311
   0.0530095
   0.0499777
   0.0464649
   0.0425048
   0.0381356
   0.0333989
   0.0283402
   0.0230083
   0.0174546
    0.011732
  0.00589566
  0.00405902
  0.00807654
   0.0120135
   0.0158333
   0.0194987
   0.0229756
   0.0262303
   0.0292324
   0.0319532
    0.034367
   0.0364508
   0.0381844
   0.0395512
   0.0405378
   0.0411343
   0.0413351
    0.041138
   0.0405453
   0.0395627
   0.0381993
   0.0364682
   0.0343858
   0.0319723
   0.0292506
   0.0262469
   0.0229895
   0.0195096
   0.0158408
   0.0120185
  0.00807892
  0.00405986
  0.00233087
   0.0046379
  0.00689865
  0.00909255
   0.0111984
   0.0131967
    0.015068
   0.0167946
   0.0183598
   0.0197489
   0.0209484
   0.0219474
   0.0227362
    0.023307
   0.0236542
   0.0237742
   0.0236657
   0.0233298
   0.0227695
   0.0219898
   0.0209982
   0.0198036
   0.0184175
   0.0168528
   0.0151243
   0.0132488
   0.0112444
   0.0091307
  0.00692802
  0.00465735
  0.00234051
 0.000722528
  0.00143753
  0.00213791
  0.00281819
  0.00347192
  0.00409326
   0.0046763
  0.00521515
  0.00570449
  0.00613957
  0.00651605
  0.00683105
  0.00708158
  0.00726473
  0.00737879
  0.00742216
  0.00739449
  0.00729562
  0.00712662
  0.00688864
  0.00658395
  0.00621498
  0.00578507
  0.00529764
  0.00475703
  0.00416933
  0.00354012
   0.0028758
  0.00218279
  0.00146778
 0.000737712
-0.000765271
 -0.00152341
 -0.00226732
 -0.00298863
 -0.00368028
 -0.00433483
 -0.00494573
 -0.00550739
 -0.00601431
 -0.00646191
 -0.00684597
 -0.00716312
 -0.00741044
 -0.00758642
 -0.00768957
 -0.00771923
 -0.00767524
 -0.00755782
 -0.00736804
 -0.00710757
 -0.00677885
 -0.00638524
 -0.00593061
 -0.00542002
 -0.00485869
 -0.00425176
 -0.00360526
 -0.00292514
   -0.002218
  -0.0014902
-0.000748655
 -0.00213462
 -0.00424836
 -0.00632103
 -0.00833168
  -0.0102611
  -0.0120897
  -0.0137999
  -0.0153754
  -0.0168008
  -0.0180629
  -0.0191493
  -0.0200507
  -0.0207584
  -0.0212668
  -0.0215713
   -0.021669
  -0.0215595
   -0.021243
  -0.0207228
  -0.0200032
  -0.0190912
  -0.0179953
  -0.0167261
  -0.0152964
  -0.0137201
  -0.0120127
  -0.0101907
 -0.00827156
 -0.00627394
 -0.00421633
 -0.00211848
 -0.00338722
 -0.00673936
  -0.0100239
  -0.0132101
  -0.0162676
  -0.0191674
  -0.0218817
  -0.0243847
  -0.0266519
  -0.0286617
  -0.0303945
  -0.0318341
  -0.0329666
  -0.0337818
  -0.0342719
  -0.0344325
  -0.0342624
   -0.033763
  -0.0329396
  -0.0317994
  -0.0303536
  -0.0286156
  -0.0266023
  -0.0243329
  -0.0218292
  -0.0191155
  -0.0162179
  -0.0131646
 -0.00998494
 -0.00670985
 -0.00337089
 -0.00452178
 -0.00899595
  -0.0133789
  -0.0176313
  -0.0217121
  -0.0255838
  -0.0292093
  -0.0325535
  -0.0355842
  -0.0382719
  -0.0405907
  -0.0425182
  -0.0440357
  -0.0451288
  -0.0457869
  -0.0460041
  -0.0457785
  -0.0451126
  -0.0440132
  -0.0424904
  -0.0405591
  -0.0382375
   -0.035548
  -0.0325162
   -0.029171
   -0.025545
   -0.021673
  -0.0175926
   -0.013343
 -0.00896618
 -0.00450419
 -0.00553453
  -0.0110131
  -0.0163827
  -0.0215936
  -0.0265959
   -0.031342
  -0.0357866
  -0.0398864
  -0.0436021
  -0.0468978
  -0.0497417
  -0.0521062
  -0.0539684
  -0.0553103
   -0.056119
  -0.0563869
  -0.0561117
  -0.0552961
   -0.053948
  -0.0520801
  -0.0497102
  -0.0468617
   -0.043562
  -0.0398434
  -0.0357418
   -0.031297
  -0.0265518
  -0.0215523
  -0.0163466
   -0.010985
 -0.00551907
 -0.00643139
  -0.0127995
   -0.019043
  -0.0251029
  -0.0309211
  -0.0364415
  -0.0416108
  -0.0463791
  -0.0507006
  -0.0545337
  -0.0578415
  -0.0605916
  -0.0627576
  -0.0643185
  -0.0652593
  -0.0655713
  -0.0652516
   -0.064303
  -0.0627348
  -0.0605619
  -0.0578048
  -0.0544911
  -0.0506528
  -0.0463279
  -0.0415583
  -0.0363899
  -0.0308727
    -0.02506
  -0.0190078
   -0.012774
 -0.00641858
 -0.00721347
  -0.0143574
   -0.021363
  -0.0281628
  -0.0346914
  -0.0408855
  -0.0466854
  -0.0520351
  -0.0568832
  -0.0611829
  -0.0648927
  -0.0679766
  -0.0704049
  -0.0721544
   -0.073208
  -0.0735564
  -0.0731961
  -0.0721308
  -0.0703707
   -0.067933
   -0.064841
  -0.0611254
  -0.0568219
  -0.0519725
  -0.0466243
  -0.0408284
  -0.0346408
  -0.0281208
  -0.0213311
  -0.0143363
 -0.00720369
  -0.0078788
  -0.0156825
  -0.0233363
   -0.030765
  -0.0378971
  -0.0446636
  -0.0509991
  -0.0568427
  -0.0621383
  -0.0668345
  -0.0708863
  -0.0742544
  -0.0769065
  -0.0788174
  -0.0799685
  -0.0803496
  -0.0799568
  -0.0787942
  -0.0768729
  -0.0742119
  -0.0708368
  -0.0667803
  -0.0620818
  -0.0567864
  -0.0509454
  -0.0446147
  -0.0378554
   -0.030732
  -0.0233131
   -0.015669
 -0.00787339
 -0.00843005
  -0.0167786
  -0.0249653
   -0.032911
  -0.0405391
  -0.0477759
  -0.0545519
  -0.0608015
  -0.0664647
   -0.071487
  -0.0758201
  -0.0794227
  -0.0822602
  -0.0843057
  -0.0855394
    -0.08595
  -0.0855335
  -0.0842941
  -0.0822437
  -0.0794019
   -0.075796
  -0.0714603
  -0.0664365
  -0.0607731
  -0.0545246
   -0.047751
  -0.0405175
  -0.0328937
  -0.0249528
  -0.0167709
 -0.00842664
 -0.00886339
  -0.0176402
  -0.0262457
  -0.0345978
   -0.042616
  -0.0502232
  -0.0573461
  -0.0639162
  -0.0698699
  -0.0751504
  -0.0797066
  -0.0834957
  -0.0864809
  -0.0886337
  -0.0899335
  -0.0903679
  -0.0899329
  -0.0886327
  -0.0864801
   -0.083495
  -0.0797062
  -0.0751496
  -0.0698688
  -0.0639147
  -0.0573446
  -0.0502216
  -0.0426142
  -0.0345959
  -0.0262439
  -0.0176383
 -0.00886208
 -0.00917769
  -0.0182655
  -0.0271758
  -0.0358237
  -0.0441258
  -0.0520029
  -0.0593793
  -0.0661842
  -0.0723522
   -0.077824
   -0.082547
  -0.0864755
  -0.0895717
  -0.0918055
  -0.0931551
  -0.0936077
  -0.0931587
  -0.0918129
  -0.0895831
  -0.0864907
  -0.0825656
  -0.0778453
  -0.0723753
  -0.0662079
  -0.0594022
  -0.0520237
  -0.0441433
   -0.035837
  -0.0271849
  -0.0182705
 -0.00917957
 -0.00937581
  -0.0186599
  -0.0277626
  -0.0365974
  -0.0450792
  -0.0531271
  -0.0606638
  -0.0676173
   -0.073921
  -0.0795138
  -0.0843423
  -0.0883592
  -0.0915257
  -0.0938107
   -0.095192
  -0.0956563
  -0.0951988
   -0.093824
  -0.0915453
  -0.0883848
  -0.0843731
   -0.079549
  -0.0739591
  -0.0676563
  -0.0607014
  -0.0531612
  -0.0451082
  -0.0366201
  -0.0277785
  -0.0186691
 -0.00937974
 -0.00945626
  -0.0188213
  -0.0280049
  -0.0369189
  -0.0454773
  -0.0535981
   -0.061203
  -0.0682194
  -0.0745796
  -0.0802223
  -0.0850937
  -0.0891462
  -0.0923411
   -0.094647
  -0.0960417
  -0.0965113
  -0.0960511
  -0.0946652
  -0.0923667
   -0.089178
  -0.0851299
  -0.0802616
  -0.0746201
  -0.0682597
  -0.0612417
  -0.0536335
  -0.0455084
  -0.0369446
  -0.0280246
  -0.0188345
 -0.00946283
 -0.00942054
  -0.0187513
  -0.0279027
   -0.036786
  -0.0453155
  -0.0534091
  -0.0609887
  -0.0679815
  -0.0743202
  -0.0799439
  -0.0847982
  -0.0888367
  -0.0920205
  -0.0943186
  -0.0957089
  -0.0961774
  -0.0957193
  -0.0943385
  -0.0920482
  -0.0888705
  -0.0848357
  -0.0799834
  -0.0743603
  -0.0680209
  -0.0610264
  -0.0534441
  -0.0453472
  -0.0368135
  -0.0279251
  -0.0187676
 -0.00942926
 -0.00926941
  -0.0184509
  -0.0274563
  -0.0361984
   -0.044593
  -0.0525591
  -0.0600198
  -0.0669032
   -0.073143
  -0.0786788
  -0.0834575
  -0.0874327
  -0.0905664
  -0.0928279
  -0.0941955
  -0.0946557
   -0.094204
  -0.0928443
  -0.0905897
   -0.087462
  -0.0834911
  -0.0787155
  -0.0731812
  -0.0669418
  -0.0600576
   -0.052595
  -0.0446262
  -0.0362277
  -0.0274806
  -0.0184689
  -0.0092793
 -0.00900279
  -0.0179206
  -0.0266677
  -0.0351596
  -0.0433144
  -0.0510532
  -0.0583014
  -0.0649889
  -0.0710512
  -0.0764295
  -0.0810721
  -0.0849339
  -0.0879777
   -0.090174
  -0.0915016
  -0.0919477
  -0.0915078
  -0.0901862
  -0.0879955
  -0.0849569
  -0.0810998
  -0.0764609
  -0.0710851
  -0.0650244
   -0.058337
  -0.0510881
  -0.0433474
  -0.0351895
  -0.0266931
  -0.0179397
 -0.00901361
 -0.00862079
  -0.0171608
   -0.025538
   -0.033671
  -0.0414815
  -0.0488935
  -0.0558357
  -0.0622407
  -0.0680466
  -0.0731975
  -0.0776435
  -0.0813416
  -0.0842561
  -0.0863589
  -0.0876295
  -0.0880558
  -0.0876336
   -0.086367
  -0.0842682
  -0.0813577
  -0.0776636
  -0.0732213
  -0.0680737
  -0.0622703
   -0.055867
  -0.0489257
  -0.0415133
   -0.033701
  -0.0255644
  -0.0171813
 -0.00863266
 -0.00812336
  -0.0161711
   -0.024066
  -0.0317308
  -0.0390917
   -0.046077
  -0.0526194
  -0.0586554
  -0.0641267
  -0.0689804
  -0.0731697
  -0.0766541
  -0.0794001
  -0.0813811
  -0.0825782
  -0.0829796
  -0.0825814
  -0.0813876
  -0.0794098
  -0.0766675
   -0.073187
  -0.0690017
  -0.0641518
  -0.0586839
  -0.0526507
    -0.04611
  -0.0391249
  -0.0317627
  -0.0240943
  -0.0161935
 -0.00813641
 -0.00751174
  -0.0149535
  -0.0222539
  -0.0293413
  -0.0361475
  -0.0426062
   -0.048655
  -0.0542354
  -0.0592934
  -0.0637802
  -0.0676526
  -0.0708732
   -0.073411
  -0.0752419
  -0.0763484
  -0.0767197
  -0.0763523
  -0.0752497
  -0.0734227
  -0.0708889
  -0.0676728
  -0.0638048
  -0.0593223
  -0.0542678
    -0.04869
  -0.0426425
  -0.0361835
  -0.0293753
  -0.0222835
  -0.0149764
 -0.00752459
 -0.00678428
  -0.0135053
  -0.0200986
  -0.0264993
  -0.0326459
  -0.0384783
  -0.0439405
  -0.0489796
  -0.0535468
  -0.0575983
  -0.0610948
  -0.0640028
  -0.0662942
  -0.0679476
   -0.068947
  -0.0692827
  -0.0689517
  -0.0679571
  -0.0663085
  -0.0640216
  -0.0611184
  -0.0576264
   -0.053579
  -0.0490149
  -0.0439778
  -0.0385162
  -0.0326826
  -0.0265333
  -0.0201275
  -0.0135272
 -0.00679614
 -0.00594188
  -0.0118279
  -0.0176015
  -0.0232061
  -0.0285877
  -0.0336942
  -0.0384763
  -0.0428882
  -0.0468872
  -0.0504349
  -0.0534971
  -0.0560442
  -0.0580517
  -0.0595006
  -0.0603767
  -0.0606717
  -0.0603826
  -0.0595123
   -0.058069
  -0.0560664
  -0.0535239
  -0.0504656
  -0.0469208
  -0.0429236
  -0.0385121
  -0.0337291
  -0.0286203
  -0.0232351
  -0.0176254
  -0.0118455
  -0.0059511
 -0.00498385
 -0.00992045
  -0.0147623
  -0.0194623
  -0.0239751
  -0.0282571
  -0.0322671
  -0.0359668
  -0.0393205
   -0.042296
  -0.0448645
  -0.0470013
  -0.0486858
  -0.0499016
   -0.050637
  -0.0508849
  -0.0506429
  -0.0499131
  -0.0487026
  -0.0470229
    -0.04489
  -0.0423245
  -0.0393509
   -0.035998
  -0.0322978
  -0.0282861
  -0.0240013
  -0.0194849
  -0.0147803
 -0.00993322
 -0.00499028
 -0.00390943
 -0.00778187
  -0.0115801
  -0.0152672
  -0.0188077
  -0.0221673
  -0.0253138
  -0.0282168
  -0.0308485
  -0.0331834
   -0.035199
  -0.0368759
  -0.0381978
  -0.0391519
   -0.039729
  -0.0399234
  -0.0397332
  -0.0391602
    -0.03821
  -0.0368916
  -0.0352176
  -0.0332041
  -0.0308706
  -0.0282395
  -0.0253361
  -0.0221883
  -0.0188265
  -0.0152833
  -0.0115928
 -0.00779081
   -0.003914
 -0.00272059
 -0.00541546
 -0.00805869
  -0.0106247
  -0.0130888
  -0.0154271
  -0.0176172
  -0.0196378
  -0.0214696
  -0.0230948
  -0.0244978
  -0.0256649
  -0.0265849
  -0.0272489
  -0.0276504
  -0.0277855
  -0.0276528
  -0.0272537
   -0.026592
   -0.025674
  -0.0245085
  -0.0231068
  -0.0214825
  -0.0196511
  -0.0176302
  -0.0154393
  -0.0130996
  -0.0106338
 -0.00806573
 -0.00542034
 -0.00272317
 -0.00141765
 -0.00282184
 -0.00419904
 -0.00553593
 -0.00681966
 -0.00803781
 -0.00917866
  -0.0102312
  -0.0111853
  -0.0120317
  -0.0127623
    -0.01337
   -0.013849
  -0.0141946
  -0.0144035
  -0.0144736
  -0.0144043
  -0.0141962
  -0.0138514
  -0.0133731
  -0.0127659
  -0.0120357
  -0.0111896
  -0.0102357
 -0.00918304
 -0.00804192
 -0.00682328
 -0.00553896
 -0.00420134
 -0.00282342
 -0.00141849
           0
           0
           0
           0
           0
           0
           0
           0
           0
           0
           0
           0
           0
           0
           0
           0
           0
           0
           0
           0
           0
           0
           0
           0
           0
           0
           0
           0
           0
           0
           0
