5.0
5.0
5.0
5.0
5.0
5.0
5.0
5.0
5.0
5.0
5.0
5.0
5.0
5.0
5.0
5.0
5.0
5.0
5.0
5.0
5.0
5.0
5.0
5.0
4.900930000000001
4.7918
4.68387
4.57716
4.47165
4.36735
4.26425
4.162319999999999
4.0616
3.9620800000000003
3.8637699999999997
3.7666699999999995
3.6707699999999996
3.57609
3.48262
3.39037
3.2993300000000003
3.20949
3.12086
3.03344
2.94722
2.8622099999999997
2.77841
2.69581
2.61442
2.53421
2.4552
2.37738
2.30076
2.22533
2.15109
2.07808
2.00627
1.9356900000000001
1.8663299999999998
1.79818
1.7312400000000001
1.6655200000000001
1.60101
1.5377
1.47561
1.41472
1.35504
1.29657
1.23929
1.1832200000000002
1.1283299999999998
1.07463
1.02213
0.970828
0.9207280000000001
0.871834
0.824152
0.777679
0.7324189999999999
0.688372
0.645532
0.603899
0.563469
0.5242399999999999
0.48621899999999996
0.44941000000000003
0.41381599999999996
0.37943699999999997
0.34625900000000004
0.314281
0.283486
0.25387
0.22544499999999998
0.19821
0.172175
0.147346
0.123722
0.101303
0.0800981
0.0601095
0.0413351
0.023774200000000002
0.00742216
-0.00771923
-0.021669
-0.0344325
-0.0460041
-0.056386900000000004
-0.06557130000000001
-0.0735564
-0.08034960000000001
-0.08595
-0.0903679
-0.0936077
-0.0956563
-0.09651130000000001
-0.09617739999999998
-0.0946557
-0.0919477
-0.0880558
-0.0829796
-0.0767197
-0.0692827
-0.060671699999999995
-0.0508849
-0.039923400000000005
-0.0277855
-0.0144736
0.0
