0.999999
0.9845520000000001
0.9692209999999999
0.9540069999999999
0.9389069999999999
0.9239229999999999
0.909056
0.8943049999999999
0.8796709999999999
0.865158
0.850764
0.836491
0.8223370000000001
0.808303
0.7943899999999999
0.7805979999999999
0.76693
0.7533810000000001
0.739957
0.726655
0.713479
0.7004239999999999
0.6874979999999999
0.674726
0.662081
0.6495449999999999
0.637127
0.624831
0.6126590000000001
0.600614
0.5886979999999999
0.576908
0.565241
0.553693
0.5422600000000001
0.530944
0.519742
0.50865
0.497667
0.48679399999999995
0.47603
0.465379
0.454841
0.44442
0.43411700000000003
0.42393500000000006
0.413876
0.403939
0.394125
0.38443099999999997
0.374857
0.365406
0.356076
0.34686999999999996
0.33778600000000003
0.32881900000000003
0.319969
0.311228
0.30259899999999995
0.29407300000000003
0.285656
0.277354
0.26916799999999996
0.261108
0.253173
0.245371
0.23770100000000002
0.230163
0.22275599999999998
0.215471
0.208308
0.201261
0.194331
0.18751900000000002
0.180823
0.174242
0.167776
0.161427
0.155194
0.149074
0.143069
0.137176
0.131397
0.12573900000000002
0.120202
0.11479600000000001
0.10952200000000001
0.10439000000000001
0.0993985
0.094527
0.0897788
0.08516019999999999
0.08067
0.07631239999999999
0.07208610000000001
0.0679811
0.06399590000000001
0.060121600000000004
0.05635980000000001
0.0527158
0.0491895
0.045783199999999996
0.0424982
0.039338099999999994
0.0363036
0.033398199999999996
0.0306214
0.0279774
0.0254666
0.02309
0.020844799999999997
0.018714099999999997
0.0166998
0.014807599999999999
0.0130358
0.0113858
0.00985784
0.00845675
0.00717973
0.00601963
0.0049772
0.00404948
0.00323661
0.00253613
0.00194927
0.00148247
0.00113601
0.0009219769999999999
4.78162e-07
