0.999999
0.9845520000000001
0.9692209999999999
0.9540069999999999
0.9389069999999999
0.9239229999999999
0.909056
0.8943049999999999
0.8796719999999999
0.86516
0.850766
0.836493
0.8223389999999999
0.808307
0.794393
0.780602
0.766934
0.753386
0.739962
0.7266600000000001
0.713484
0.70043
0.687504
0.6747340000000001
0.662089
0.649554
0.637138
0.624843
0.612672
0.600629
0.5887140000000001
0.576926
0.565261
0.553714
0.542283
0.530967
0.5197649999999999
0.508672
0.49768900000000005
0.48681599999999997
0.47605200000000003
0.465401
0.454862
0.444441
0.434137
0.423955
0.413896
0.403958
0.39414299999999997
0.384449
0.37487600000000004
0.365425
0.356095
0.346889
0.337804
0.328836
0.31998499999999996
0.311245
0.302615
0.29409
0.285673
0.277372
0.26918600000000004
0.261126
0.25319
0.245387
0.23771599999999998
0.230177
0.222768
0.215482
0.20831799999999998
0.201271
0.19434
0.187526
0.180829
0.174247
0.16777999999999998
0.161429
0.155195
0.149074
0.143068
0.137175
0.131395
0.125737
0.120201
0.11479400000000001
0.109519
0.10438599999999999
0.09939210000000001
0.09452050000000001
0.0897722
0.0851538
0.08066369999999999
0.0763054
0.0720782
0.0679725
0.0639866
0.0601133
0.056352599999999996
0.052709000000000006
0.0491833
0.045778
0.042494199999999996
0.0393344
0.0363002
0.0333954
0.0306193
0.027975299999999998
0.0254645
0.023087
0.0208408
0.018711000000000002
0.0166975
0.014806200000000002
0.013035299999999998
0.0113854
0.00985762
0.0084559
0.00717814
0.00601779
0.00497505
0.00404731
0.00323443
0.00253458
0.00194843
0.00148193
0.00113587
0.0009205369999999999
2.94255e-07
