0.999999
0.9845520000000001
0.9692209999999999
0.9540069999999999
0.9389069999999999
0.9239229999999999
0.909056
0.8943049999999999
0.8796719999999999
0.865159
0.850765
0.836493
0.8223379999999999
0.8083060000000001
0.794392
0.780601
0.766933
0.753386
0.739962
0.7266600000000001
0.713484
0.70043
0.687504
0.6747340000000001
0.662089
0.649554
0.637137
0.624842
0.612672
0.600629
0.588716
0.5769270000000001
0.565262
0.553714
0.5422819999999999
0.530967
0.519764
0.508671
0.49768900000000005
0.486814
0.476049
0.465397
0.454858
0.44443699999999997
0.434133
0.42395200000000005
0.413893
0.403956
0.39414299999999997
0.384448
0.374875
0.36542399999999997
0.356094
0.346889
0.337804
0.328837
0.319986
0.311245
0.302614
0.294086
0.285666
0.277363
0.269175
0.261114
0.253178
0.245377
0.237708
0.230172
0.222766
0.215481
0.20831799999999998
0.201271
0.194339
0.187526
0.180828
0.174246
0.16777899999999998
0.161429
0.155194
0.149073
0.143066
0.13717100000000002
0.13139
0.12573
0.12019200000000001
0.11478599999999999
0.10951099999999998
0.10438199999999999
0.09939289999999999
0.09452189999999999
0.089774
0.0851552
0.08066469999999999
0.0763079
0.0720822
0.067978
0.0639936
0.0601175
0.056353999999999994
0.05270930000000001
0.0491824
0.045775
0.042489099999999995
0.0393295
0.0362955
0.0333902
0.0306135
0.0279705
0.0254606
0.0230863
0.0208435
0.018712700000000002
0.016698400000000002
0.014805500000000001
0.013033000000000001
0.011383200000000001
0.00985528
0.00845495
0.00717858
0.0060185
0.00497604
0.00404787
0.00323455
0.00253279
0.00194472
0.0014773
0.00113032
0.000918007
7.82625e-07
