     0.09802
     0.19509
     0.29028
     0.38268
      0.4714
     0.55557
     0.63439
     0.70711
     0.77301
     0.83147
     0.88192
     0.92388
     0.95694
     0.98079
     0.99518
           1
     0.99518
     0.98079
     0.95694
     0.92388
     0.88192
     0.83147
     0.77301
     0.70711
     0.63439
     0.55557
      0.4714
     0.38268
     0.29028
     0.19509
     0.09802
   -0.118125
   -0.235106
    -0.34982
   -0.461173
   -0.568091
   -0.669525
   -0.764512
   -0.852148
   -0.931565
    -1.00202
    -1.06281
    -1.11338
    -1.15322
    -1.18196
     -1.1993
    -1.20511
     -1.1993
    -1.18196
    -1.15322
    -1.11338
    -1.06281
    -1.00202
   -0.931565
   -0.852148
   -0.764512
   -0.669525
   -0.568091
   -0.461173
    -0.34982
   -0.235106
   -0.118125
  0.00938904
   0.0186879
   0.0278069
   0.0366584
    0.045157
   0.0532209
   0.0607724
   0.0677388
   0.0740529
   0.0796539
   0.0844879
   0.0885083
   0.0916763
   0.0939614
   0.0953417
   0.0958037
   0.0953431
   0.0939643
   0.0916806
   0.0885137
   0.0844945
   0.0796614
    0.074061
   0.0677473
   0.0607811
   0.0532294
    0.045165
   0.0366655
   0.0278128
   0.0186921
  0.00939134
    -0.11513
   -0.229144
   -0.340949
   -0.449478
   -0.553684
   -0.652546
   -0.745125
   -0.830538
   -0.907941
   -0.976606
    -1.03586
    -1.08515
    -1.12398
    -1.15199
    -1.16889
    -1.17455
    -1.16889
    -1.15199
    -1.12398
    -1.08515
    -1.03586
   -0.976606
   -0.907941
   -0.830538
   -0.745125
   -0.652546
   -0.553684
   -0.449478
   -0.340949
   -0.229144
    -0.11513
  0.00912331
    0.018159
   0.0270199
   0.0356208
   0.0438788
   0.0517145
   0.0590522
   0.0658213
   0.0719566
    0.077399
   0.0820961
   0.0860026
   0.0890808
   0.0913012
   0.0926423
   0.0930913
   0.0926437
   0.0913038
   0.0890847
   0.0860076
    0.082102
   0.0774058
   0.0719639
    0.065829
   0.0590599
   0.0517221
    0.043886
   0.0356272
   0.0270252
   0.0181628
  0.00912539
   -0.112172
   -0.223256
    -0.33219
    -0.43793
   -0.539459
   -0.635781
   -0.725981
     -0.8092
   -0.884615
   -0.951515
    -1.00925
    -1.05727
     -1.0951
    -1.12239
    -1.13886
    -1.14438
    -1.13886
    -1.12239
     -1.0951
    -1.05727
    -1.00925
   -0.951515
   -0.884615
     -0.8092
   -0.725981
   -0.635781
   -0.539459
    -0.43793
    -0.33219
   -0.223256
   -0.112172
  0.00886134
   0.0176375
    0.026244
   0.0345979
   0.0426188
   0.0502293
   0.0573562
   0.0639309
     0.06989
    0.075176
   0.0797381
   0.0835323
   0.0865221
   0.0886786
   0.0899812
   0.0904172
   0.0899824
   0.0886811
   0.0865256
   0.0835367
   0.0797434
    0.075182
   0.0698965
   0.0639378
   0.0573632
   0.0502362
   0.0426252
   0.0346036
   0.0262487
   0.0176409
   0.0088632
   -0.109252
   -0.217444
   -0.323542
   -0.426529
   -0.525415
    -0.61923
   -0.707082
   -0.788134
   -0.861585
   -0.926744
   -0.982975
    -1.02974
    -1.06659
    -1.09317
    -1.10921
    -1.11458
    -1.10921
    -1.09317
    -1.06659
    -1.02974
   -0.982975
   -0.926744
   -0.861585
   -0.788134
   -0.707082
    -0.61923
   -0.525415
   -0.426529
   -0.323542
   -0.217444
   -0.109252
  0.00860312
   0.0171235
   0.0254792
   0.0335897
   0.0413767
   0.0487654
   0.0556846
   0.0620676
   0.0678529
   0.0729848
   0.0774139
   0.0810975
   0.0840001
   0.0860938
   0.0873583
   0.0877815
   0.0873593
   0.0860958
   0.0840032
   0.0811015
   0.0774186
   0.0729902
   0.0678588
   0.0620737
   0.0556909
   0.0487716
   0.0413824
   0.0335947
   0.0254834
   0.0171266
  0.00860478
   -0.106369
   -0.211707
   -0.315005
   -0.415276
   -0.511553
   -0.602892
   -0.688426
    -0.76734
   -0.838853
   -0.902293
    -0.95704
    -1.00257
    -1.03845
    -1.06433
    -1.07995
    -1.08518
    -1.07995
    -1.06433
    -1.03845
    -1.00257
    -0.95704
   -0.902293
   -0.838853
    -0.76734
   -0.688426
   -0.602892
   -0.511553
   -0.415276
   -0.315005
   -0.211707
   -0.106369
  0.00834865
    0.016617
   0.0247255
    0.032596
   0.0401527
   0.0473228
   0.0540372
   0.0602313
   0.0658455
   0.0708256
   0.0751236
   0.0786981
   0.0815147
   0.0835464
   0.0847735
   0.0851841
   0.0847745
   0.0835483
   0.0815175
   0.0787016
   0.0751278
   0.0708304
   0.0658507
   0.0602369
   0.0540428
   0.0473283
   0.0401578
   0.0326006
   0.0247293
   0.0166198
  0.00835013
   -0.103524
   -0.206045
   -0.306581
   -0.404169
   -0.497871
   -0.586768
   -0.670014
   -0.746817
   -0.816418
   -0.878161
   -0.931444
    -0.97576
    -1.01068
    -1.03587
    -1.05106
    -1.05615
    -1.05106
    -1.03587
    -1.01068
    -0.97576
   -0.931444
   -0.878161
   -0.816418
   -0.746817
   -0.670014
   -0.586768
   -0.497871
   -0.404169
   -0.306581
   -0.206045
   -0.103524
  0.00809792
    0.016118
   0.0239829
    0.031617
   0.0389467
   0.0459015
   0.0524142
   0.0584223
   0.0638677
   0.0686982
    0.072867
   0.0763342
   0.0790662
   0.0810368
    0.082227
   0.0826252
   0.0822278
   0.0810384
   0.0790686
   0.0763374
   0.0728708
   0.0687024
   0.0638724
   0.0584272
   0.0524192
   0.0459064
   0.0389513
   0.0316211
   0.0239863
   0.0161204
  0.00809924
   -0.100717
   -0.200458
   -0.298267
    -0.39321
   -0.484371
   -0.570857
   -0.651846
   -0.726567
    -0.79428
   -0.854349
   -0.906187
   -0.949301
   -0.983271
    -1.00778
    -1.02256
    -1.02752
    -1.02256
    -1.00778
   -0.983271
   -0.949301
   -0.906187
   -0.854349
    -0.79428
   -0.726567
   -0.651846
   -0.570857
   -0.484371
    -0.39321
   -0.298267
   -0.200458
   -0.100717
  0.00785095
   0.0156264
   0.0232515
   0.0306527
   0.0377589
   0.0445014
   0.0508155
   0.0566403
   0.0619197
   0.0666028
   0.0706444
   0.0740057
   0.0766544
   0.0785648
   0.0797186
   0.0801048
   0.0797194
   0.0785664
   0.0766566
   0.0740085
   0.0706477
   0.0666066
   0.0619238
   0.0566447
     0.05082
   0.0445058
    0.037763
   0.0306563
   0.0232545
   0.0156286
  0.00785213
  -0.0979476
   -0.194946
   -0.290066
   -0.382398
   -0.471052
    -0.55516
   -0.633922
   -0.706588
   -0.772439
   -0.830856
   -0.881269
   -0.923198
   -0.956234
   -0.980066
   -0.994445
   -0.999262
   -0.994445
   -0.980066
   -0.956234
   -0.923198
   -0.881269
   -0.830856
   -0.772439
   -0.706588
   -0.633922
    -0.55516
   -0.471052
   -0.382398
   -0.290066
   -0.194946
  -0.0979476
  0.00760774
   0.0151423
   0.0225312
   0.0297032
   0.0365891
   0.0431228
   0.0492413
   0.0548855
   0.0600013
   0.0645393
   0.0684557
   0.0717129
   0.0742795
   0.0761307
   0.0772487
   0.0776228
   0.0772493
   0.0761319
   0.0742813
   0.0717153
   0.0684587
   0.0645426
    0.060005
   0.0548894
   0.0492452
   0.0431267
   0.0365927
   0.0297063
   0.0225338
   0.0151443
   0.0076088
  -0.0952158
   -0.189509
   -0.281976
   -0.371732
   -0.457914
   -0.539676
   -0.616241
   -0.686881
   -0.750896
   -0.807683
    -0.85669
    -0.89745
   -0.929564
   -0.952732
    -0.96671
   -0.971392
    -0.96671
   -0.952732
   -0.929564
    -0.89745
    -0.85669
   -0.807683
   -0.750896
   -0.686881
   -0.616241
   -0.539676
   -0.457914
   -0.371732
   -0.281976
   -0.189509
  -0.0952158
  0.00736832
   0.0146658
   0.0218221
   0.0287683
   0.0354375
   0.0417655
   0.0476914
    0.053158
   0.0581127
   0.0625077
   0.0663008
   0.0694555
   0.0719412
   0.0737341
   0.0748169
   0.0751792
   0.0748175
   0.0737353
    0.071943
   0.0694577
   0.0663035
   0.0625107
   0.0581159
   0.0531615
   0.0476949
    0.041769
   0.0354407
   0.0287712
   0.0218244
   0.0146675
  0.00736926
  -0.0925217
   -0.184147
   -0.273997
   -0.361214
   -0.444958
   -0.524406
   -0.598805
   -0.667446
   -0.729649
    -0.78483
    -0.83245
   -0.872056
   -0.903262
   -0.925774
   -0.939357
   -0.943907
   -0.939357
   -0.925774
   -0.903262
   -0.872056
    -0.83245
    -0.78483
   -0.729649
   -0.667446
   -0.598805
   -0.524406
   -0.444958
   -0.361214
   -0.273997
   -0.184147
  -0.0925217
  0.00713265
   0.0141967
   0.0211241
   0.0278481
    0.034304
   0.0404296
   0.0461659
   0.0514576
   0.0562538
   0.0605083
   0.0641801
   0.0672337
   0.0696399
   0.0713754
   0.0724236
   0.0727743
   0.0724242
   0.0713765
   0.0696414
   0.0672356
   0.0641823
   0.0605109
   0.0562568
   0.0514607
    0.046169
   0.0404326
   0.0343069
   0.0278506
   0.0211262
   0.0141982
  0.00713347
  -0.0898653
    -0.17886
    -0.26613
   -0.350843
   -0.432182
    -0.50935
   -0.581612
   -0.648283
     -0.7087
   -0.762296
   -0.808549
   -0.847019
   -0.877328
   -0.899194
   -0.912387
   -0.916806
   -0.912387
   -0.899194
   -0.877328
   -0.847019
   -0.808549
   -0.762296
     -0.7087
   -0.648283
   -0.581612
    -0.50935
   -0.432182
   -0.350843
    -0.26613
    -0.17886
  -0.0898653
  0.00690076
   0.0137351
   0.0204373
   0.0269427
   0.0331887
   0.0391151
   0.0446649
   0.0497845
   0.0544246
   0.0585407
   0.0620931
   0.0650474
   0.0673754
   0.0690544
   0.0700685
   0.0704077
   0.0700689
   0.0690553
   0.0673766
   0.0650491
   0.0620952
   0.0585432
   0.0544272
   0.0497871
   0.0446675
   0.0391177
   0.0331911
   0.0269449
   0.0204391
   0.0137364
  0.00690146
  -0.0872465
   -0.173648
   -0.258375
   -0.340619
   -0.419588
   -0.494507
   -0.564664
   -0.629391
   -0.688048
   -0.740083
   -0.784988
   -0.822336
   -0.851762
   -0.872991
   -0.885799
   -0.890089
   -0.885799
   -0.872991
   -0.851762
   -0.822336
   -0.784988
   -0.740083
   -0.688048
   -0.629391
   -0.564664
   -0.494507
   -0.419588
   -0.340619
   -0.258375
   -0.173648
  -0.0872465
  0.00667263
   0.0132811
   0.0197616
    0.026052
   0.0320915
   0.0378219
   0.0431882
   0.0481385
   0.0526253
   0.0566053
   0.0600401
   0.0628967
   0.0651477
   0.0667712
   0.0677517
   0.0680797
   0.0677521
    0.066772
   0.0651489
   0.0628983
   0.0600419
   0.0566073
   0.0526274
   0.0481408
   0.0431905
   0.0378242
   0.0320935
   0.0260538
   0.0197632
   0.0132822
  0.00667324
  -0.0846655
    -0.16851
   -0.250731
   -0.330543
   -0.407175
   -0.479878
   -0.547959
   -0.610771
   -0.667693
   -0.718188
   -0.761765
   -0.798008
   -0.826564
   -0.847164
   -0.859594
   -0.863757
   -0.859594
   -0.847164
   -0.826564
   -0.798008
   -0.761765
   -0.718188
   -0.667693
   -0.610771
   -0.547959
   -0.479878
   -0.407175
   -0.330543
   -0.250731
    -0.16851
  -0.0846655
  0.00644827
   0.0128345
   0.0190972
    0.025176
   0.0310124
   0.0365502
    0.041736
   0.0465199
   0.0508558
   0.0547019
   0.0580212
   0.0607818
    0.062957
   0.0645259
   0.0654734
   0.0657904
   0.0654738
   0.0645266
   0.0629579
   0.0607829
   0.0580226
   0.0547034
   0.0508575
   0.0465218
   0.0417379
    0.036552
   0.0310142
   0.0251776
   0.0190985
   0.0128355
   0.0064488
  -0.0821221
   -0.163448
   -0.243199
   -0.320613
   -0.394943
   -0.465462
   -0.531498
   -0.592423
   -0.647635
   -0.696613
   -0.738881
   -0.774035
   -0.801733
   -0.821715
   -0.833771
   -0.837809
   -0.833771
   -0.821715
   -0.801733
   -0.774035
   -0.738881
   -0.696613
   -0.647635
   -0.592423
   -0.531498
   -0.465462
   -0.394943
   -0.320613
   -0.243199
   -0.163448
  -0.0821221
  0.00622771
   0.0123955
   0.0184439
   0.0243148
   0.0299515
   0.0352998
   0.0403082
   0.0449284
   0.0491159
   0.0528304
   0.0560361
   0.0587022
    0.060803
   0.0623182
   0.0632332
   0.0635393
   0.0632335
   0.0623187
   0.0608037
   0.0587032
   0.0560373
   0.0528318
   0.0491174
   0.0449299
   0.0403097
   0.0353013
    0.029953
    0.024316
    0.018445
   0.0123962
  0.00622812
  -0.0796164
   -0.158461
   -0.235779
    -0.31083
   -0.382893
    -0.45126
   -0.515281
   -0.574347
   -0.627874
   -0.675358
   -0.716336
   -0.750418
   -0.777271
   -0.796643
   -0.808331
   -0.812246
   -0.808331
   -0.796643
   -0.777271
   -0.750418
   -0.716336
   -0.675358
   -0.627874
   -0.574347
   -0.515281
    -0.45126
   -0.382893
    -0.31083
   -0.235779
   -0.158461
  -0.0796164
  0.00601091
    0.011964
   0.0178018
   0.0234683
   0.0289088
   0.0340709
   0.0389049
   0.0433641
   0.0474058
   0.0509909
    0.054085
   0.0566582
   0.0586859
   0.0601483
   0.0610314
   0.0613269
   0.0610317
   0.0601487
   0.0586865
   0.0566592
   0.0540861
   0.0509921
    0.047407
   0.0433653
    0.038906
    0.034072
   0.0289098
   0.0234692
   0.0178026
   0.0119645
  0.00601121
  -0.0771483
   -0.153549
    -0.22847
   -0.301195
   -0.371024
   -0.437271
   -0.499308
   -0.556543
   -0.608411
   -0.654423
    -0.69413
   -0.727156
   -0.753176
   -0.771948
   -0.783274
   -0.787067
   -0.783274
   -0.771948
   -0.753176
   -0.727156
    -0.69413
   -0.654423
   -0.608411
   -0.556543
   -0.499308
   -0.437271
   -0.371024
   -0.301195
    -0.22847
   -0.153549
  -0.0771483
  0.00579788
     0.01154
   0.0171709
   0.0226365
   0.0278841
   0.0328633
   0.0375259
   0.0418271
   0.0457256
   0.0491836
    0.052168
     0.05465
   0.0566057
   0.0580163
   0.0588682
   0.0591531
   0.0588683
   0.0580166
   0.0566061
   0.0546505
   0.0521686
   0.0491843
   0.0457262
   0.0418278
   0.0375266
   0.0328639
   0.0278848
   0.0226371
   0.0171714
   0.0115403
  0.00579808
   -0.074718
   -0.148712
   -0.221273
   -0.291707
   -0.359335
   -0.423496
   -0.483578
   -0.539011
   -0.589244
   -0.633807
   -0.672264
   -0.704249
   -0.729449
   -0.747629
   -0.758599
   -0.762273
   -0.758599
   -0.747629
   -0.729449
   -0.704249
   -0.672264
   -0.633807
   -0.589244
   -0.539011
   -0.483578
   -0.423496
   -0.359335
   -0.291707
   -0.221273
   -0.148712
   -0.074718
  0.00558862
   0.0111234
   0.0165511
   0.0218195
   0.0268777
   0.0316771
   0.0361714
   0.0403173
    0.044075
   0.0474082
   0.0502848
   0.0526771
   0.0545622
   0.0559218
   0.0567428
   0.0570174
   0.0567429
   0.0559219
   0.0545624
   0.0526774
    0.050285
   0.0474085
   0.0440753
   0.0403176
   0.0361717
   0.0316774
    0.026878
   0.0218198
   0.0165514
   0.0111236
  0.00558873
  -0.0723253
    -0.14395
   -0.214187
   -0.282365
   -0.347828
   -0.409934
   -0.468093
    -0.52175
   -0.570375
   -0.613511
   -0.650736
   -0.681697
    -0.70609
   -0.723688
   -0.734306
   -0.737863
   -0.734306
   -0.723688
    -0.70609
   -0.681697
   -0.650736
   -0.613511
   -0.570375
    -0.52175
   -0.468093
   -0.409934
   -0.347828
   -0.282365
   -0.214187
    -0.14395
  -0.0723253
  0.00538313
   0.0107144
   0.0159425
   0.0210171
   0.0258893
   0.0305121
   0.0348411
   0.0388346
    0.042454
   0.0456646
   0.0484354
   0.0507398
   0.0525555
   0.0538651
   0.0546559
   0.0549204
    0.054656
   0.0538652
   0.0525557
     0.05074
   0.0484357
   0.0456648
   0.0424542
   0.0388348
   0.0348413
   0.0305123
   0.0258894
   0.0210172
   0.0159426
   0.0107145
  0.00538315
  -0.0699703
   -0.139262
   -0.207213
   -0.273171
   -0.336503
   -0.396586
   -0.452851
   -0.504761
   -0.551803
   -0.593534
   -0.629547
     -0.6595
   -0.683099
   -0.700124
   -0.710396
   -0.713837
   -0.710396
   -0.700124
   -0.683099
     -0.6595
   -0.629547
   -0.593534
   -0.551803
   -0.504761
   -0.452851
   -0.396586
   -0.336503
   -0.273171
   -0.207213
   -0.139262
  -0.0699703
  0.00518138
   0.0103129
    0.015345
   0.0202294
    0.024919
   0.0293686
   0.0335354
   0.0373792
    0.040863
   0.0439533
   0.0466202
   0.0488382
   0.0505859
   0.0518464
   0.0526076
   0.0528621
   0.0526076
   0.0518465
   0.0505859
   0.0488382
   0.0466201
   0.0439531
   0.0408628
    0.037379
   0.0335352
   0.0293684
   0.0249189
   0.0202293
   0.0153449
   0.0103128
  0.00518134
   -0.067653
    -0.13465
    -0.20035
   -0.264124
   -0.325358
   -0.383452
   -0.437853
   -0.488044
   -0.533528
   -0.573877
   -0.608697
   -0.637658
   -0.660476
   -0.676937
   -0.686869
   -0.690196
   -0.686869
   -0.676937
   -0.660476
   -0.637658
   -0.608697
   -0.573877
   -0.533528
   -0.488044
   -0.437853
   -0.383452
   -0.325358
   -0.264124
    -0.20035
    -0.13465
   -0.067653
  0.00498342
  0.00991886
   0.0147588
   0.0194566
    0.023967
   0.0282465
    0.032254
   0.0359509
   0.0393016
   0.0422738
   0.0448388
   0.0469721
   0.0486529
   0.0498652
   0.0505972
    0.050842
   0.0505972
    0.049865
   0.0486527
   0.0469717
   0.0448385
   0.0422733
   0.0393011
   0.0359504
   0.0322535
    0.028246
   0.0239664
   0.0194561
   0.0147584
  0.00991861
  0.00498329
  -0.0653734
   -0.130113
   -0.193599
   -0.255224
   -0.314395
   -0.370531
   -0.423099
   -0.471599
    -0.51555
    -0.55454
   -0.588187
   -0.616172
   -0.638221
   -0.654127
   -0.663724
   -0.666939
   -0.663724
   -0.654127
   -0.638221
   -0.616172
   -0.588187
    -0.55454
    -0.51555
   -0.471599
   -0.423099
   -0.370531
   -0.314395
   -0.255224
   -0.193599
   -0.130113
  -0.0653734
  0.00478922
  0.00953232
   0.0141836
   0.0186983
   0.0230329
   0.0271456
   0.0309969
   0.0345498
   0.0377698
   0.0406262
   0.0430912
   0.0451413
   0.0467566
   0.0479216
    0.048625
   0.0488603
   0.0486249
   0.0479213
   0.0467561
   0.0451407
   0.0430906
   0.0406255
   0.0377691
    0.034549
   0.0309962
   0.0271449
   0.0230321
   0.0186976
   0.0141831
  0.00953192
  0.00478901
  -0.0631314
   -0.125651
    -0.18696
   -0.246471
   -0.303613
   -0.357824
   -0.408589
   -0.455426
    -0.49787
   -0.535522
   -0.568015
    -0.59504
   -0.616333
   -0.631694
   -0.640962
   -0.644067
   -0.640962
   -0.631694
   -0.616333
    -0.59504
   -0.568015
   -0.535522
    -0.49787
   -0.455426
   -0.408589
   -0.357824
   -0.303613
   -0.246471
    -0.18696
   -0.125651
  -0.0631314
   0.0045988
  0.00915328
   0.0136196
   0.0179547
    0.022117
   0.0260662
   0.0297644
   0.0331758
   0.0362678
   0.0390105
   0.0413774
   0.0433459
    0.044897
   0.0460157
   0.0466912
    0.046917
    0.046691
   0.0460154
   0.0448965
   0.0433453
   0.0413766
   0.0390095
   0.0362667
   0.0331747
   0.0297632
   0.0260651
    0.022116
   0.0179538
   0.0136189
  0.00915274
   0.0045985
  -0.0609271
   -0.121264
   -0.180432
   -0.237866
   -0.293012
    -0.34533
   -0.394323
   -0.439524
   -0.480486
   -0.516824
   -0.548182
   -0.574264
   -0.594813
   -0.609638
   -0.618582
   -0.621579
   -0.618582
   -0.609638
   -0.594813
   -0.574264
   -0.548182
   -0.516824
   -0.480486
   -0.439524
   -0.394323
    -0.34533
   -0.293012
   -0.237866
   -0.180432
   -0.121264
  -0.0609271
  0.00441213
  0.00878175
   0.0130668
   0.0172259
   0.0212192
   0.0250081
    0.028556
    0.031829
   0.0347955
   0.0374268
   0.0396977
   0.0415862
   0.0430743
   0.0441475
   0.0447955
   0.0450121
   0.0447953
    0.044147
   0.0430736
   0.0415854
   0.0396967
   0.0374256
   0.0347942
   0.0318276
   0.0285547
   0.0250067
   0.0212179
   0.0172248
   0.0130659
  0.00878109
  0.00441178
  -0.0587605
   -0.116952
   -0.174016
   -0.229407
   -0.282592
    -0.33305
   -0.380301
   -0.423895
     -0.4634
   -0.498445
   -0.528689
   -0.553843
   -0.573662
   -0.587959
   -0.596585
   -0.599475
   -0.596585
   -0.587959
   -0.573662
   -0.553843
   -0.528689
   -0.498445
     -0.4634
   -0.423895
   -0.380301
    -0.33305
   -0.282592
   -0.229407
   -0.174016
   -0.116952
  -0.0587605
  0.00422923
   0.0084177
   0.0125251
   0.0165118
   0.0203395
   0.0239713
   0.0273721
   0.0305094
   0.0333529
   0.0358751
   0.0380517
   0.0398619
   0.0412882
   0.0423169
   0.0429381
   0.0431457
   0.0429378
   0.0423164
   0.0412875
    0.039861
   0.0380506
   0.0358737
   0.0333514
   0.0305079
   0.0273705
   0.0239697
    0.020338
   0.0165105
    0.012524
  0.00841693
  0.00422881
  -0.0566316
   -0.112714
   -0.167711
   -0.221096
   -0.272354
   -0.320984
   -0.366522
   -0.408537
   -0.446611
   -0.480386
   -0.509534
   -0.533777
   -0.552878
   -0.566657
   -0.574971
   -0.577756
   -0.574971
   -0.566657
   -0.552878
   -0.533777
   -0.509534
   -0.480386
   -0.446611
   -0.408537
   -0.366522
   -0.320984
   -0.272354
   -0.221096
   -0.167711
   -0.112714
  -0.0566316
  0.00405009
  0.00806114
   0.0119945
   0.0158124
   0.0194779
   0.0229559
   0.0262127
    0.029217
     0.03194
   0.0343553
   0.0364398
   0.0381733
   0.0395393
   0.0405243
   0.0411191
   0.0413179
   0.0411188
   0.0405237
   0.0395383
   0.0381722
   0.0364384
   0.0343537
   0.0319383
   0.0292153
   0.0262109
   0.0229541
   0.0194763
   0.0158109
   0.0119933
  0.00806027
  0.00404962
  -0.0545404
   -0.108552
   -0.161518
   -0.212931
   -0.262297
   -0.309131
   -0.352988
   -0.393451
   -0.430119
   -0.462647
   -0.490719
   -0.514066
   -0.532461
   -0.545732
   -0.553739
   -0.556421
   -0.553739
   -0.545732
   -0.532461
   -0.514066
   -0.490719
   -0.462647
   -0.430119
   -0.393451
   -0.352988
   -0.309131
   -0.262297
   -0.212931
   -0.161518
   -0.108552
  -0.0545404
  0.00387472
  0.00771209
   0.0114752
   0.0151277
   0.0186345
   0.0219618
   0.0250776
   0.0279518
   0.0305568
   0.0328675
   0.0348617
   0.0365201
   0.0378268
   0.0387692
   0.0393382
   0.0395284
   0.0393379
   0.0387685
   0.0378258
   0.0365189
   0.0348602
   0.0328658
   0.0305549
   0.0279498
   0.0250756
   0.0219598
   0.0186326
    0.015126
   0.0114738
  0.00771112
   0.0038742
  -0.0524868
   -0.104465
   -0.155436
   -0.204914
   -0.252421
   -0.297491
   -0.339697
   -0.378637
   -0.413924
   -0.445228
   -0.472242
   -0.494711
   -0.512413
   -0.525184
    -0.53289
   -0.535471
    -0.53289
   -0.525184
   -0.512413
   -0.494711
   -0.472242
   -0.445228
   -0.413924
   -0.378637
   -0.339697
   -0.297491
   -0.252421
   -0.204914
   -0.155436
   -0.104465
  -0.0524868
  0.00370313
  0.00737055
   0.0109669
   0.0144577
   0.0178091
   0.0209891
   0.0239668
   0.0267137
   0.0292034
   0.0314117
   0.0333175
   0.0349024
   0.0361512
   0.0370518
   0.0375956
   0.0377774
   0.0375953
   0.0370511
   0.0361502
   0.0349011
   0.0333159
   0.0314098
   0.0292013
   0.0267116
   0.0239646
   0.0209869
   0.0178072
   0.0144559
   0.0109655
  0.00736948
  0.00370255
  -0.0504709
   -0.100453
   -0.149466
   -0.197044
   -0.242726
   -0.286066
    -0.32665
   -0.364094
   -0.398026
   -0.428128
   -0.454105
    -0.47571
   -0.492733
   -0.505013
   -0.512423
   -0.514905
   -0.512423
   -0.505013
   -0.492733
    -0.47571
   -0.454105
   -0.428128
   -0.398026
   -0.364094
    -0.32665
   -0.286066
   -0.242726
   -0.197044
   -0.149466
   -0.100453
  -0.0504709
  0.00353529
  0.00703648
   0.0104699
   0.0138024
   0.0170019
   0.0200377
   0.0228805
   0.0255029
   0.0278796
   0.0299878
   0.0318073
   0.0333203
   0.0345126
   0.0353724
   0.0358915
   0.0360649
   0.0358911
   0.0353715
   0.0345113
   0.0333188
   0.0318055
   0.0299859
   0.0278774
   0.0255005
   0.0228782
   0.0200355
   0.0169998
   0.0138005
   0.0104683
  0.00703537
  0.00353469
  -0.0484928
  -0.0965155
   -0.143608
   -0.189321
   -0.233212
   -0.274853
   -0.313847
   -0.349824
   -0.382426
   -0.411347
   -0.436306
   -0.457065
    -0.47342
   -0.485219
   -0.492338
   -0.494723
   -0.492338
   -0.485219
    -0.47342
   -0.457065
   -0.436306
   -0.411347
   -0.382426
   -0.349824
   -0.313847
   -0.274853
   -0.233212
   -0.189321
   -0.143608
  -0.0965155
  -0.0484928
  0.00337121
  0.00670991
  0.00998395
   0.0131618
   0.0162128
   0.0191077
   0.0218185
   0.0243192
   0.0265856
   0.0285959
   0.0303309
   0.0317738
   0.0329106
   0.0337305
   0.0342255
   0.0343909
    0.034225
   0.0337296
   0.0329093
   0.0317721
    0.030329
   0.0285939
   0.0265833
   0.0243168
   0.0218161
   0.0191053
   0.0162106
   0.0131599
  0.00998235
  0.00670876
  0.00337059
  -0.0465522
  -0.0926533
   -0.137861
   -0.181745
    -0.22388
   -0.263855
   -0.301288
   -0.335825
   -0.367122
   -0.394887
   -0.418847
   -0.438774
   -0.454476
   -0.465803
   -0.472637
   -0.474926
   -0.472637
   -0.465803
   -0.454476
   -0.438774
   -0.418847
   -0.394887
   -0.367122
   -0.335825
   -0.301288
   -0.263855
    -0.22388
   -0.181745
   -0.137861
  -0.0926533
  -0.0465522
  0.00321091
  0.00639084
  0.00950919
   0.0125359
   0.0154419
   0.0181991
    0.020781
   0.0231627
   0.0253213
   0.0272361
   0.0288885
   0.0302627
   0.0313454
   0.0321263
   0.0325977
   0.0327552
   0.0325973
   0.0321255
   0.0313442
   0.0302611
   0.0288865
   0.0272339
    0.025319
   0.0231602
   0.0207785
   0.0181966
   0.0154396
   0.0125339
  0.00950754
  0.00638966
  0.00321027
  -0.0446494
  -0.0888661
   -0.132226
   -0.174316
   -0.214729
   -0.253069
   -0.288973
   -0.322098
   -0.352116
   -0.378746
   -0.401726
    -0.42084
   -0.435899
   -0.446763
   -0.453318
   -0.455513
   -0.453318
   -0.446763
   -0.435899
    -0.42084
   -0.401726
   -0.378746
   -0.352116
   -0.322098
   -0.288973
   -0.253069
   -0.214729
   -0.174316
   -0.132226
  -0.0888661
  -0.0446494
  0.00305438
   0.0060793
  0.00904561
   0.0119248
    0.014689
   0.0173118
   0.0197678
   0.0220334
   0.0240868
   0.0259082
     0.02748
   0.0287872
   0.0298171
   0.0305599
   0.0310083
   0.0311581
   0.0310079
    0.030559
   0.0298159
   0.0287856
    0.027478
   0.0259059
   0.0240844
   0.0220309
   0.0197653
   0.0173093
   0.0146867
   0.0119227
  0.00904392
  0.00607807
  0.00305372
  -0.0427842
  -0.0851538
   -0.126703
   -0.167034
   -0.205759
   -0.242498
   -0.276902
   -0.308643
   -0.337407
   -0.362924
   -0.384945
    -0.40326
    -0.41769
     -0.4281
   -0.434381
   -0.436485
   -0.434381
     -0.4281
    -0.41769
    -0.40326
   -0.384945
   -0.362924
   -0.337407
   -0.308643
   -0.276902
   -0.242498
   -0.205759
   -0.167034
   -0.126703
  -0.0851538
  -0.0427842
  0.00290163
  0.00577526
  0.00859321
   0.0113283
   0.0139544
   0.0164459
   0.0187791
   0.0209314
    0.022882
   0.0246123
   0.0261055
   0.0273473
   0.0283256
   0.0290312
   0.0294572
   0.0295996
   0.0294568
   0.0290304
   0.0283244
   0.0273456
   0.0261035
     0.02461
   0.0228796
   0.0209288
   0.0187765
   0.0164434
    0.013952
   0.0113263
  0.00859148
    0.005774
  0.00290095
  -0.0409568
  -0.0815166
   -0.121291
   -0.159899
    -0.19697
    -0.23214
   -0.265074
   -0.295459
   -0.322995
   -0.347422
   -0.368502
   -0.386035
   -0.399849
   -0.409814
   -0.415827
   -0.417841
   -0.415827
   -0.409814
   -0.399849
   -0.386035
   -0.368502
   -0.347422
   -0.322995
   -0.295459
   -0.265074
    -0.23214
    -0.19697
   -0.159899
   -0.121291
  -0.0815166
  -0.0409568
  0.00275264
  0.00547872
  0.00815198
   0.0107467
   0.0132378
   0.0156015
   0.0178148
   0.0198565
    0.021707
   0.0233484
   0.0247649
   0.0259429
    0.026871
   0.0275404
   0.0279445
   0.0280795
   0.0279441
   0.0275395
   0.0268698
   0.0259413
   0.0247629
   0.0233461
   0.0217045
    0.019854
   0.0178122
   0.0155989
   0.0132355
   0.0107446
  0.00815023
  0.00547746
  0.00275196
   -0.039167
  -0.0779543
    -0.11599
   -0.152912
   -0.188363
   -0.221995
    -0.25349
   -0.282548
    -0.30888
    -0.33224
   -0.352399
   -0.369165
   -0.382375
   -0.391905
   -0.397655
   -0.399581
   -0.397655
   -0.391905
   -0.382375
   -0.369165
   -0.352399
    -0.33224
    -0.30888
   -0.282548
    -0.25349
   -0.221995
   -0.188363
   -0.152912
    -0.11599
  -0.0779543
   -0.039167
  0.00260742
  0.00518968
  0.00772191
   0.0101797
   0.0125394
   0.0147784
   0.0168749
   0.0188089
   0.0205618
   0.0221166
   0.0234583
   0.0245741
   0.0254533
   0.0260873
   0.0264701
   0.0265979
   0.0264697
   0.0260865
    0.025452
   0.0245725
   0.0234563
   0.0221143
   0.0205593
   0.0188064
   0.0168723
   0.0147758
   0.0125371
   0.0101776
  0.00772017
  0.00518843
  0.00260675
  -0.0374149
  -0.0744671
   -0.110802
   -0.146071
   -0.179936
   -0.212065
   -0.242151
   -0.269908
   -0.295063
   -0.317377
   -0.336634
   -0.352651
    -0.36527
   -0.374374
   -0.379867
   -0.381706
   -0.379867
   -0.374374
    -0.36527
   -0.352651
   -0.336634
   -0.317377
   -0.295063
   -0.269908
   -0.242151
   -0.212065
   -0.179936
   -0.146071
   -0.110802
  -0.0744671
  -0.0374149
  0.00246598
  0.00490816
  0.00730301
  0.00962748
   0.0118592
   0.0139766
   0.0159595
   0.0177885
   0.0194463
   0.0209167
   0.0221857
    0.023241
   0.0240724
    0.024672
    0.025034
   0.0251549
   0.0250336
   0.0246711
   0.0240711
   0.0232393
   0.0221837
   0.0209145
   0.0194439
    0.017786
   0.0159569
   0.0139742
   0.0118569
  0.00962541
   0.0073013
  0.00490692
  0.00246531
  -0.0357004
  -0.0710548
   -0.105725
   -0.139378
   -0.171691
   -0.202347
   -0.231055
   -0.257541
   -0.281542
   -0.302834
   -0.321209
   -0.336492
   -0.348533
   -0.357219
    -0.36246
   -0.364216
    -0.36246
   -0.357219
   -0.348533
   -0.336492
   -0.321209
   -0.302834
   -0.281542
   -0.257541
   -0.231055
   -0.202347
   -0.171691
   -0.139378
   -0.105725
  -0.0710548
  -0.0357004
  0.00232831
  0.00463415
   0.0068953
  0.00908998
   0.0111971
   0.0131963
   0.0150685
   0.0167954
   0.0183606
   0.0197489
    0.020947
   0.0219434
   0.0227284
   0.0232945
   0.0236363
   0.0237505
   0.0236359
   0.0232937
   0.0227272
   0.0219418
   0.0209451
   0.0197467
   0.0183582
   0.0167929
   0.0150659
   0.0131939
   0.0111948
  0.00908796
  0.00689362
  0.00463293
  0.00232765
  -0.0340237
  -0.0677176
   -0.100759
   -0.132832
   -0.163627
   -0.192844
   -0.220203
   -0.245445
   -0.268319
   -0.288611
   -0.306123
   -0.320687
   -0.332163
   -0.340441
   -0.345436
   -0.347109
   -0.345436
   -0.340441
   -0.332163
   -0.320687
   -0.306123
   -0.288611
   -0.268319
   -0.245445
   -0.220203
   -0.192844
   -0.163627
   -0.132832
   -0.100759
  -0.0677176
  -0.0340237
  0.00219442
  0.00436764
  0.00649875
  0.00856724
   0.0105532
   0.0124374
   0.0142019
   0.0158295
   0.0173047
   0.0186131
   0.0197423
   0.0206814
   0.0214213
   0.0219548
   0.0222769
   0.0223845
   0.0222765
    0.021954
     0.02142
   0.0206798
   0.0197405
    0.018611
   0.0173024
   0.0158271
   0.0141994
   0.0124351
    0.010551
  0.00856527
  0.00649714
  0.00436646
  0.00219378
  -0.0323846
  -0.0644553
  -0.0959049
   -0.126433
   -0.155745
   -0.183553
   -0.209595
    -0.23362
   -0.255393
   -0.274707
   -0.291375
   -0.305238
   -0.316161
   -0.324041
   -0.328795
   -0.330388
   -0.328795
   -0.324041
   -0.316161
   -0.305238
   -0.291375
   -0.274707
   -0.255393
    -0.23362
   -0.209595
   -0.183553
   -0.155745
   -0.126433
  -0.0959049
  -0.0644553
  -0.0323846
  0.00206429
  0.00410865
   0.0061134
  0.00805923
   0.0099274
   0.0116999
   0.0133597
   0.0148909
   0.0162785
   0.0175094
   0.0185717
    0.019455
    0.020151
    0.020653
    0.020956
   0.0210572
   0.0209556
   0.0206521
   0.0201499
   0.0194535
   0.0185699
   0.0175074
   0.0162763
   0.0148885
   0.0133574
   0.0116977
  0.00992527
  0.00805734
  0.00611185
  0.00410753
  0.00206369
  -0.0307832
   -0.061268
  -0.0911625
   -0.120181
   -0.148043
   -0.174477
    -0.19923
   -0.222068
   -0.242764
   -0.261123
   -0.276967
   -0.290145
   -0.300527
   -0.308017
   -0.312536
    -0.31405
   -0.312536
   -0.308017
   -0.300527
   -0.290145
   -0.276967
   -0.261123
   -0.242764
   -0.222068
    -0.19923
   -0.174477
   -0.148043
   -0.120181
  -0.0911625
   -0.061268
  -0.0307832
  0.00193795
  0.00385719
  0.00573923
  0.00756597
   0.0093198
   0.0109838
   0.0125421
   0.0139795
   0.0152822
   0.0164378
    0.017435
   0.0182643
   0.0189177
   0.0193889
   0.0196733
   0.0197683
   0.0196729
   0.0193881
   0.0189166
   0.0182628
   0.0174333
   0.0164358
   0.0152801
   0.0139773
   0.0125398
   0.0109817
  0.00931778
  0.00756418
  0.00573776
  0.00385612
  0.00193737
  -0.0292195
  -0.0581558
  -0.0865316
   -0.114076
   -0.140523
   -0.165614
    -0.18911
   -0.210787
   -0.230432
   -0.247859
   -0.262898
   -0.275406
   -0.285261
   -0.292371
    -0.29666
   -0.298097
    -0.29666
   -0.292371
   -0.285261
   -0.275406
   -0.262898
   -0.247859
   -0.230432
   -0.210787
    -0.18911
   -0.165614
   -0.140523
   -0.114076
  -0.0865316
  -0.0581558
  -0.0292195
  0.00181539
  0.00361324
  0.00537626
  0.00708747
  0.00873038
   0.0102892
   0.0117488
   0.0130953
   0.0143157
   0.0153982
   0.0163323
   0.0171092
   0.0177212
   0.0181626
   0.0184291
   0.0185181
   0.0184287
   0.0181619
   0.0177202
   0.0171078
   0.0163307
   0.0153963
   0.0143137
   0.0130932
   0.0117467
   0.0102871
  0.00872846
  0.00708576
  0.00537486
  0.00361223
  0.00181484
  -0.0276934
  -0.0551185
  -0.0820123
   -0.108118
   -0.133184
   -0.156964
   -0.179233
   -0.199779
   -0.218397
   -0.234914
   -0.249167
   -0.261022
   -0.270363
   -0.277101
   -0.281167
   -0.282528
   -0.281167
   -0.277101
   -0.270363
   -0.261022
   -0.249167
   -0.234914
   -0.218397
   -0.199779
   -0.179233
   -0.156964
   -0.133184
   -0.108118
  -0.0820123
  -0.0551185
  -0.0276934
   0.0016966
  0.00337682
  0.00502449
  0.00662372
  0.00815913
  0.00961593
   0.0109801
   0.0122385
    0.013379
   0.0143906
   0.0152636
   0.0159897
   0.0165617
   0.0169742
   0.0172233
   0.0173064
   0.0172229
   0.0169735
   0.0165607
   0.0159884
   0.0152621
   0.0143889
   0.0133771
   0.0122365
   0.0109781
  0.00961399
  0.00815731
   0.0066221
  0.00502316
  0.00337586
  0.00169608
  -0.0262051
  -0.0521562
  -0.0776047
   -0.102307
   -0.126026
   -0.148528
     -0.1696
   -0.189042
    -0.20666
   -0.222289
   -0.235776
   -0.246994
   -0.255832
   -0.262209
   -0.266056
   -0.267344
   -0.266056
   -0.262209
   -0.255832
   -0.246994
   -0.235776
   -0.222289
    -0.20666
   -0.189042
     -0.1696
   -0.148528
   -0.126026
   -0.102307
  -0.0776047
  -0.0521562
  -0.0262051
   0.0015816
  0.00314793
   0.0046839
  0.00617473
  0.00760607
  0.00896413
   0.0102358
   0.0114089
   0.0124721
   0.0134152
    0.014229
   0.0149058
    0.015439
   0.0158236
   0.0160557
   0.0161333
   0.0160554
    0.015823
   0.0154381
   0.0149046
   0.0142275
   0.0134135
   0.0124703
    0.011407
   0.0102339
  0.00896227
  0.00760435
  0.00617321
  0.00468265
  0.00314702
  0.00158111
  -0.0247544
  -0.0492689
  -0.0733086
  -0.0966437
   -0.119049
   -0.140306
   -0.160212
   -0.178577
   -0.195219
   -0.209983
   -0.222724
   -0.233321
    -0.24167
   -0.247693
   -0.251327
   -0.252544
   -0.251327
   -0.247693
    -0.24167
   -0.233321
   -0.222724
   -0.209983
   -0.195219
   -0.178577
   -0.160212
   -0.140306
   -0.119049
  -0.0966437
  -0.0733086
  -0.0492689
  -0.0247544
  0.00147038
  0.00292656
  0.00435452
  0.00574051
  0.00707118
  0.00833373
    0.009516
   0.0106066
    0.011595
   0.0124718
   0.0132284
   0.0138576
   0.0143533
   0.0147108
   0.0149267
   0.0149987
   0.0149263
   0.0147102
   0.0143524
   0.0138564
    0.013227
   0.0124702
   0.0115933
   0.0106048
  0.00951422
  0.00833201
  0.00706957
  0.00573907
  0.00435334
   0.0029257
  0.00146992
  -0.0233414
  -0.0464566
  -0.0691241
  -0.0911272
   -0.112254
   -0.132297
   -0.151067
   -0.168383
   -0.184076
   -0.197997
   -0.210011
   -0.220003
   -0.227875
   -0.233555
   -0.236981
   -0.238129
   -0.236981
   -0.233555
   -0.227875
   -0.220003
   -0.210011
   -0.197997
   -0.184076
   -0.168383
   -0.151067
   -0.132297
   -0.112254
  -0.0911272
  -0.0691241
  -0.0464566
  -0.0233414
  0.00136293
   0.0027127
  0.00403632
  0.00532104
  0.00655449
  0.00772478
  0.00882065
  0.00983155
   0.0107477
   0.0115604
   0.0122617
    0.012845
   0.0133045
   0.0136359
   0.0138359
   0.0139027
   0.0138356
   0.0136353
   0.0133036
   0.0128439
   0.0122604
   0.0115589
   0.0107461
  0.00982988
  0.00881897
  0.00772315
  0.00655296
  0.00531969
  0.00403522
   0.0027119
   0.0013625
  -0.0219661
  -0.0437193
  -0.0650512
  -0.0857578
    -0.10564
   -0.124502
   -0.142166
   -0.158462
    -0.17323
   -0.186331
   -0.197637
    -0.20704
   -0.214448
   -0.219793
   -0.223018
   -0.224098
   -0.223018
   -0.219793
   -0.214448
    -0.20704
   -0.197637
   -0.186331
    -0.17323
   -0.158462
   -0.142166
   -0.124502
    -0.10564
  -0.0857578
  -0.0650512
  -0.0437193
  -0.0219661
  0.00125927
  0.00250638
  0.00372933
  0.00491632
  0.00605595
  0.00713723
  0.00814975
  0.00908376
  0.00993027
   0.0106811
   0.0113291
    0.011868
   0.0122925
   0.0125987
   0.0127835
   0.0128452
   0.0127833
   0.0125982
   0.0122917
   0.0118669
   0.0113279
   0.0106797
  0.00992878
   0.0090822
  0.00814818
   0.0071357
  0.00605452
  0.00491506
  0.00372828
  0.00250563
  0.00125886
  -0.0206285
   -0.041057
  -0.0610898
  -0.0805356
  -0.0992068
   -0.116921
   -0.133508
   -0.148812
   -0.162681
   -0.174984
   -0.185601
   -0.194432
   -0.201389
   -0.206409
   -0.209437
   -0.210451
   -0.209437
   -0.206409
   -0.201389
   -0.194432
   -0.185601
   -0.174984
   -0.162681
   -0.148812
   -0.133508
   -0.116921
  -0.0992068
  -0.0805356
  -0.0610898
   -0.041057
  -0.0206285
  0.00115939
  0.00230757
  0.00343351
  0.00452636
   0.0055756
  0.00657111
  0.00750331
  0.00836322
  0.00914259
  0.00983389
   0.0104305
   0.0109266
   0.0113175
   0.0115993
   0.0117695
   0.0118263
   0.0117693
   0.0115988
   0.0113167
   0.0109256
   0.0104293
  0.00983262
   0.0091412
  0.00836178
  0.00750185
  0.00656968
  0.00557426
  0.00452518
  0.00343255
  0.00230687
  0.00115901
  -0.0193285
  -0.0384697
  -0.0572401
  -0.0754604
   -0.092955
   -0.109552
   -0.125095
   -0.139435
   -0.152429
   -0.163957
   -0.173905
   -0.182179
   -0.188698
   -0.193401
   -0.196239
   -0.197189
   -0.196239
   -0.193401
   -0.188698
   -0.182179
   -0.173905
   -0.163957
   -0.152429
   -0.139435
   -0.125095
   -0.109552
   -0.092955
  -0.0754604
  -0.0572401
  -0.0384697
  -0.0193285
  0.00106328
   0.0021163
   0.0031489
  0.00415116
  0.00511341
  0.00602639
  0.00688132
  0.00766996
  0.00838471
  0.00901871
  0.00956583
   0.0100208
   0.0103793
   0.0106378
   0.0107939
    0.010846
   0.0107936
   0.0106373
   0.0103786
   0.0100199
  0.00956478
  0.00901751
  0.00838342
   0.0076686
  0.00687995
  0.00602506
  0.00511216
  0.00415005
  0.00314799
  0.00211563
  0.00106292
  -0.0180662
  -0.0359573
   -0.053502
  -0.0705323
  -0.0868845
   -0.102398
   -0.116925
   -0.130329
   -0.142475
    -0.15325
   -0.162548
   -0.170282
   -0.176375
   -0.180771
   -0.183423
   -0.184312
   -0.183423
   -0.180771
   -0.176375
   -0.170282
   -0.162548
    -0.15325
   -0.142475
   -0.130329
   -0.116925
   -0.102398
  -0.0868845
  -0.0705323
   -0.053502
  -0.0359573
  -0.0180662
 0.000970952
  0.00193253
  0.00287546
  0.00379069
  0.00466939
  0.00550309
  0.00628379
  0.00700393
  0.00765663
  0.00823556
  0.00873518
  0.00915065
    0.009478
  0.00971407
  0.00985658
  0.00990416
  0.00985635
  0.00971362
  0.00947736
  0.00914983
  0.00873419
  0.00823446
  0.00765542
  0.00700268
  0.00628251
  0.00550185
  0.00466822
  0.00378966
  0.00287462
  0.00193191
  0.00097062
  -0.0168416
    -0.03352
  -0.0498754
  -0.0657514
  -0.0809951
   -0.095457
      -0.109
   -0.121494
   -0.132817
   -0.142862
    -0.15153
   -0.158739
    -0.16442
   -0.168518
    -0.17099
   -0.171818
    -0.17099
   -0.168518
    -0.16442
   -0.158739
    -0.15153
   -0.142862
   -0.132817
   -0.121494
      -0.109
   -0.095457
  -0.0809951
  -0.0657514
  -0.0498754
    -0.03352
  -0.0168416
   0.0008824
  0.00175628
  0.00261322
  0.00344498
  0.00424353
  0.00500121
  0.00571069
  0.00636517
  0.00695833
  0.00748447
  0.00793851
  0.00831609
  0.00861358
  0.00882811
  0.00895762
  0.00900085
  0.00895741
   0.0088277
  0.00861297
  0.00831531
  0.00793758
  0.00748341
   0.0069572
  0.00636398
  0.00570949
  0.00500004
  0.00424245
  0.00344401
  0.00261243
   0.0017557
  0.00088209
  -0.0156547
  -0.0311577
  -0.0463604
  -0.0611175
  -0.0752869
  -0.0887297
   -0.101318
   -0.112932
   -0.123457
   -0.132793
   -0.140851
   -0.147552
   -0.152832
   -0.156641
   -0.158939
   -0.159709
   -0.158939
   -0.156641
   -0.152832
   -0.147552
   -0.140851
   -0.132793
   -0.123457
   -0.112932
   -0.101318
  -0.0887297
  -0.0752869
  -0.0611175
  -0.0463604
  -0.0311577
  -0.0156547
 0.000797625
  0.00158755
  0.00236216
  0.00311401
  0.00383584
  0.00452072
  0.00516204
  0.00575364
  0.00628981
  0.00676539
  0.00717582
  0.00751711
  0.00778602
  0.00797994
    0.008097
  0.00813607
  0.00809679
  0.00797954
  0.00778546
  0.00751639
  0.00717494
  0.00676441
  0.00628874
  0.00575253
  0.00516092
  0.00451963
  0.00383482
   0.0031131
  0.00236142
  0.00158701
 0.000797335
  -0.0145055
  -0.0288703
   -0.042957
  -0.0566308
    -0.06976
  -0.0822159
    -0.09388
   -0.104641
   -0.114394
   -0.123045
   -0.130511
    -0.13672
   -0.141613
   -0.145142
   -0.147271
   -0.147985
   -0.147271
   -0.145142
   -0.141613
    -0.13672
   -0.130511
   -0.123045
   -0.114394
   -0.104641
    -0.09388
  -0.0822159
    -0.06976
  -0.0566308
   -0.042957
  -0.0288703
  -0.0145055
 0.000716628
  0.00142633
  0.00212229
  0.00279778
  0.00344631
  0.00406164
  0.00463783
  0.00516935
  0.00565107
  0.00607835
  0.00644708
  0.00675373
  0.00699532
  0.00716954
  0.00727471
  0.00730981
  0.00727452
  0.00716918
  0.00699478
  0.00675304
  0.00644627
  0.00607743
  0.00565007
  0.00516831
  0.00463678
  0.00406061
  0.00344536
  0.00279693
  0.00212159
  0.00142583
 0.000716356
  -0.0133939
   -0.026658
  -0.0396652
  -0.0522912
  -0.0644143
  -0.0759157
   -0.086686
  -0.0966228
   -0.105628
   -0.113616
    -0.12051
   -0.126243
   -0.130761
    -0.13402
   -0.135986
   -0.136645
   -0.135986
    -0.13402
   -0.130761
   -0.126243
    -0.12051
   -0.113616
   -0.105628
  -0.0966228
   -0.086686
  -0.0759157
  -0.0644143
  -0.0522912
  -0.0396652
   -0.026658
  -0.0133939
 0.000639406
  0.00127263
  0.00189359
  0.00249629
  0.00307493
  0.00362395
  0.00413805
  0.00461229
  0.00504209
  0.00542332
  0.00575232
  0.00602592
  0.00624147
  0.00639691
  0.00649074
  0.00652206
  0.00649056
  0.00639655
  0.00624096
  0.00602527
  0.00575155
  0.00542246
  0.00504116
  0.00461131
  0.00413707
  0.00362299
  0.00307404
   0.0024955
  0.00189294
  0.00127216
 0.000639151
    -0.01232
  -0.0245207
   -0.036485
  -0.0480986
  -0.0592498
   -0.069829
  -0.0797358
  -0.0888759
  -0.0971588
   -0.104507
   -0.110848
   -0.116121
   -0.120277
   -0.123274
   -0.125083
   -0.125689
   -0.125083
   -0.123274
   -0.120277
   -0.116121
   -0.110848
   -0.104507
  -0.0971588
  -0.0888759
  -0.0797358
   -0.069829
  -0.0592498
  -0.0480986
   -0.036485
  -0.0245207
    -0.01232
 0.000565958
  0.00112645
  0.00167607
  0.00220954
  0.00272171
  0.00320765
   0.0036627
  0.00408245
  0.00446288
  0.00480032
  0.00509151
  0.00533367
  0.00552445
  0.00566203
  0.00574508
   0.0057728
  0.00574492
  0.00566172
    0.005524
  0.00533307
  0.00509081
  0.00479951
    0.004462
  0.00408154
  0.00366178
  0.00320676
  0.00272088
   0.0022088
  0.00167546
  0.00112601
  0.00056572
  -0.0112838
  -0.0224583
  -0.0334163
  -0.0440532
  -0.0542665
  -0.0639559
  -0.0730295
  -0.0814008
  -0.0889871
  -0.0957169
   -0.101525
   -0.106355
   -0.110161
   -0.112906
   -0.114563
   -0.115118
   -0.114563
   -0.112906
   -0.110161
   -0.106355
   -0.101525
  -0.0957169
  -0.0889871
  -0.0814008
  -0.0730295
  -0.0639559
  -0.0542665
  -0.0440532
  -0.0334163
  -0.0224583
  -0.0112838
 0.000496284
 0.000987772
  0.00146973
  0.00193752
  0.00238664
  0.00281276
  0.00321178
  0.00357985
  0.00391343
  0.00420932
  0.00446466
    0.004677
  0.00484429
  0.00496493
  0.00503775
  0.00506205
   0.0050376
  0.00496463
  0.00484386
  0.00467644
    0.004464
  0.00420857
  0.00391262
  0.00357899
  0.00321091
  0.00281191
  0.00238585
  0.00193683
  0.00146916
 0.000987358
 0.000496061
  -0.0102853
  -0.0204709
  -0.0304593
  -0.0401549
  -0.0494644
  -0.0582964
   -0.066567
  -0.0741976
  -0.0811125
  -0.0872468
  -0.0925405
  -0.0969434
   -0.100412
   -0.102915
   -0.104425
   -0.104931
   -0.104425
   -0.102915
   -0.100412
  -0.0969434
  -0.0925405
  -0.0872468
  -0.0811125
  -0.0741976
   -0.066567
  -0.0582964
  -0.0494644
  -0.0401549
  -0.0304593
  -0.0204709
  -0.0102853
 0.000430382
 0.000856603
  0.00127456
  0.00168023
   0.0020697
  0.00243923
  0.00278526
  0.00310445
  0.00339373
  0.00365032
  0.00387175
  0.00405589
  0.00420096
  0.00430557
  0.00436871
  0.00438978
  0.00436857
  0.00430529
  0.00420055
  0.00405537
  0.00387113
  0.00364962
  0.00339297
  0.00310365
  0.00278445
  0.00243845
  0.00206897
  0.00167958
  0.00127403
 0.000856219
 0.000430175
 -0.00932448
  -0.0185586
  -0.0276138
  -0.0364037
  -0.0448435
  -0.0528504
  -0.0603484
  -0.0672662
  -0.0735351
  -0.0790963
  -0.0838955
  -0.0878871
  -0.0910321
  -0.0933009
  -0.0946698
  -0.0951283
  -0.0946698
  -0.0933009
  -0.0910321
  -0.0878871
  -0.0838955
  -0.0790963
  -0.0735351
  -0.0672662
  -0.0603484
  -0.0528504
  -0.0448435
  -0.0364037
  -0.0276138
  -0.0185586
 -0.00932448
 0.000368253
 0.000732944
  0.00109056
  0.00143767
  0.00177091
  0.00208709
  0.00238316
  0.00265626
  0.00290378
  0.00312332
  0.00331278
  0.00347032
  0.00359444
  0.00368394
  0.00373796
  0.00375598
  0.00373783
  0.00368369
  0.00359407
  0.00346984
   0.0033122
  0.00312266
  0.00290307
  0.00265552
   0.0023824
  0.00208636
  0.00177023
  0.00143706
  0.00109007
 0.000732584
 0.000368058
 -0.00840132
  -0.0167212
    -0.02488
  -0.0327996
  -0.0404038
   -0.047618
  -0.0543737
  -0.0606066
  -0.0662549
  -0.0712655
  -0.0755896
   -0.079186
  -0.0820195
  -0.0840637
  -0.0852971
  -0.0857102
  -0.0852971
  -0.0840637
  -0.0820195
   -0.079186
  -0.0755896
  -0.0712655
  -0.0662549
  -0.0606066
  -0.0543737
   -0.047618
  -0.0404038
  -0.0327996
    -0.02488
  -0.0167212
 -0.00840132
 0.000309893
 0.000616788
 0.000917731
  0.00120982
  0.00149025
  0.00175632
  0.00200546
  0.00223527
  0.00244356
   0.0026283
  0.00278772
  0.00292029
  0.00302474
  0.00310005
   0.0031455
  0.00316066
  0.00314537
   0.0030998
  0.00302438
  0.00291984
  0.00278718
  0.00262769
  0.00244289
  0.00223458
  0.00200476
  0.00175564
  0.00148961
  0.00120926
 0.000917266
 0.000616452
 0.000309712
 -0.00751584
  -0.0149588
  -0.0222577
  -0.0293426
  -0.0361453
  -0.0425992
  -0.0486429
  -0.0542188
  -0.0592718
  -0.0637543
  -0.0676226
    -0.07084
  -0.0733749
  -0.0752036
   -0.076307
  -0.0766766
   -0.076307
  -0.0752036
  -0.0733749
    -0.07084
  -0.0676226
  -0.0637543
  -0.0592718
  -0.0542188
  -0.0486429
  -0.0425992
  -0.0361453
  -0.0293426
  -0.0222577
  -0.0149588
 -0.00751584
 0.000255303
 0.000508134
  0.00075606
 0.000996694
  0.00122772
  0.00144691
  0.00165215
  0.00184148
  0.00201306
  0.00216525
  0.00229658
  0.00240579
  0.00249182
  0.00255385
  0.00259129
  0.00260377
  0.00259118
  0.00255363
  0.00249149
  0.00240536
  0.00229607
  0.00216468
  0.00201244
  0.00184083
   0.0016515
  0.00144627
  0.00122712
 0.000996166
 0.000755626
 0.000507821
 0.000255134
 -0.00666804
  -0.0132715
   -0.019747
  -0.0260327
  -0.0320681
   -0.037794
  -0.0431559
  -0.0481028
  -0.0525858
  -0.0565627
  -0.0599947
  -0.0628491
  -0.0650981
  -0.0667205
  -0.0676995
  -0.0680273
  -0.0676995
  -0.0667205
  -0.0650981
  -0.0628491
  -0.0599947
  -0.0565627
  -0.0525858
  -0.0481028
  -0.0431559
   -0.037794
  -0.0320681
  -0.0260327
   -0.019747
  -0.0132715
 -0.00666804
  0.00020448
 0.000406978
 0.000605546
 0.000798273
   0.0009833
  0.00115885
  0.00132323
  0.00147485
  0.00161227
  0.00173415
  0.00183933
  0.00192678
  0.00199568
  0.00204536
  0.00207533
  0.00208532
  0.00207522
  0.00204514
  0.00199537
  0.00192639
  0.00183885
  0.00173362
  0.00161169
  0.00147425
  0.00132261
  0.00115825
 0.000982744
  0.00079778
 0.000605142
 0.000406685
 0.000204322
 -0.00585792
  -0.0116591
  -0.0173479
  -0.0228699
  -0.0281721
  -0.0332023
  -0.0379127
  -0.0422587
   -0.046197
  -0.0496907
  -0.0527058
  -0.0552134
  -0.0571891
  -0.0586145
  -0.0594745
  -0.0597625
  -0.0594745
  -0.0586145
  -0.0571891
  -0.0552134
  -0.0527058
  -0.0496907
   -0.046197
  -0.0422587
  -0.0379127
  -0.0332023
  -0.0281721
  -0.0228699
  -0.0173479
  -0.0116591
 -0.00585792
 0.000157422
 0.000313317
 0.000466184
 0.000614551
  0.00075699
 0.000892131
  0.00101867
  0.00113539
  0.00124117
  0.00133499
  0.00141595
  0.00148327
   0.0015363
  0.00157453
   0.0015976
  0.00160528
   0.0015975
  0.00157433
  0.00153601
   0.0014829
  0.00141551
  0.00133449
  0.00124063
  0.00113483
   0.0010181
 0.000891573
 0.000756471
 0.000614091
 0.000465806
 0.000313043
 0.000157274
 -0.00508548
  -0.0101217
  -0.0150603
  -0.0198542
  -0.0244572
  -0.0288241
  -0.0329135
  -0.0366864
  -0.0401054
  -0.0431384
  -0.0457559
  -0.0479328
  -0.0496481
  -0.0508854
   -0.051632
  -0.0518821
   -0.051632
  -0.0508854
  -0.0496481
  -0.0479328
  -0.0457559
  -0.0431384
  -0.0401054
  -0.0366864
  -0.0329135
  -0.0288241
  -0.0244572
  -0.0198542
  -0.0150603
  -0.0101217
 -0.00508548
 0.000114127
 0.000227145
 0.000337965
 0.000445521
 0.000548778
 0.000646741
 0.000738467
 0.000823075
 0.000899749
 0.000967752
  0.00102643
  0.00107522
  0.00111365
  0.00114135
  0.00115806
  0.00116362
  0.00115797
  0.00114117
  0.00111338
  0.00107487
  0.00102602
 0.000967286
 0.000899243
 0.000822546
 0.000737933
 0.000646221
 0.000548293
 0.000445092
 0.000337612
 0.000226889
 0.000113989
 -0.00435073
 -0.00865928
  -0.0128844
  -0.0169857
  -0.0209236
  -0.0246596
  -0.0281581
  -0.0313859
  -0.0343109
  -0.0369057
   -0.039145
  -0.0410074
  -0.0424748
  -0.0435334
  -0.0441722
  -0.0443861
  -0.0441722
  -0.0435334
  -0.0424748
  -0.0410074
   -0.039145
  -0.0369057
  -0.0343109
  -0.0313859
  -0.0281581
  -0.0246596
  -0.0209236
  -0.0169857
  -0.0128844
 -0.00865928
 -0.00435073
 7.45925e-05
 0.000148457
 0.000220883
 0.000291172
  0.00035865
 0.000422665
 0.000482602
 0.000537885
 0.000587981
 0.000632409
 0.000670742
 0.000702612
 0.000727712
 0.000745801
 0.000756707
 0.000760325
  0.00075662
 0.000745631
 0.000727462
  0.00070229
 0.000670358
 0.000631974
 0.000587509
 0.000537391
 0.000482104
  0.00042218
 0.000358197
 0.000290771
 0.000220553
 0.000148218
 7.44639e-05
 -0.00365365
 -0.00727188
    -0.01082
  -0.0142642
  -0.0175712
  -0.0207086
  -0.0236466
  -0.0263572
  -0.0288136
  -0.0309926
  -0.0328731
  -0.0344372
  -0.0356695
  -0.0365585
  -0.0370948
  -0.0372745
  -0.0370948
  -0.0365585
  -0.0356695
  -0.0344372
  -0.0328731
  -0.0309926
  -0.0288136
  -0.0263572
  -0.0236466
  -0.0207086
  -0.0175712
  -0.0142642
    -0.01082
 -0.00727188
 -0.00365365
 3.88155e-05
 7.72484e-05
 0.000114929
 0.000151494
 0.000186593
 0.000219887
 0.000251056
 0.000279801
 0.000305846
  0.00032894
 0.000348862
 0.000365421
 0.000378458
 0.000387847
 0.000393501
 0.000395364
 0.000393419
 0.000387688
 0.000378224
  0.00036512
 0.000348503
 0.000328534
 0.000305405
  0.00027934
 0.000250591
 0.000219434
  0.00018617
  0.00015112
 0.000114621
 7.70256e-05
 3.86956e-05
 -0.00299425
 -0.00595948
 -0.00886728
  -0.0116898
     -0.0144
  -0.0169712
  -0.0193789
  -0.0216003
  -0.0236134
  -0.0253992
  -0.0269403
  -0.0282221
   -0.029232
  -0.0299605
  -0.0304001
  -0.0305473
  -0.0304001
  -0.0299605
   -0.029232
  -0.0282221
  -0.0269403
  -0.0253992
  -0.0236134
  -0.0216003
  -0.0193789
  -0.0169712
     -0.0144
  -0.0116898
 -0.00886728
 -0.00595948
 -0.00299425
 6.79286e-06
  1.3512e-05
  2.0093e-05
 2.64729e-05
 3.25905e-05
 3.83873e-05
 4.38078e-05
 4.88006e-05
 5.33179e-05
  5.7317e-05
 6.07601e-05
 6.36146e-05
 6.58538e-05
 6.74568e-05
 6.84088e-05
 6.87017e-05
 6.83332e-05
 6.73077e-05
 6.56356e-05
 6.33337e-05
 6.04249e-05
 5.69379e-05
 5.29066e-05
 4.83705e-05
 4.33737e-05
 3.79648e-05
 3.21962e-05
 2.61236e-05
 1.98059e-05
 1.33042e-05
 6.68095e-06
 -0.00237253
 -0.00472206
  -0.0070261
  -0.0092626
    -0.01141
  -0.0134473
  -0.0153551
  -0.0171153
  -0.0187104
  -0.0201254
  -0.0213465
  -0.0223621
  -0.0231623
  -0.0237396
  -0.0240879
  -0.0242045
  -0.0240879
  -0.0237396
  -0.0231623
  -0.0223621
  -0.0213465
  -0.0201254
  -0.0187104
  -0.0171153
  -0.0153551
  -0.0134473
    -0.01141
  -0.0092626
  -0.0070261
 -0.00472206
 -0.00237253
-2.14793e-05
-4.27594e-05
-6.36351e-05
-8.39052e-05
-0.000103374
-0.000121854
-0.000139166
-0.000155144
-0.000169632
-0.000182492
-0.000193597
-0.000202842
-0.000210135
-0.000215407
-0.000218605
-0.000219698
-0.000218675
-0.000215546
-0.000210339
-0.000203104
 -0.00019391
-0.000182845
-0.000170016
-0.000155545
-0.000139571
-0.000122248
-0.000103742
-8.42308e-05
-6.39028e-05
-4.29531e-05
-2.15836e-05
 -0.00178849
 -0.00355965
  -0.0052965
 -0.00698245
 -0.00860125
   -0.010137
  -0.0115752
  -0.0129021
  -0.0141045
  -0.0151712
  -0.0160917
  -0.0168573
  -0.0174605
  -0.0178957
  -0.0181582
  -0.0182462
  -0.0181582
  -0.0178957
  -0.0174605
  -0.0168573
  -0.0160917
  -0.0151712
  -0.0141045
  -0.0129021
  -0.0115752
   -0.010137
 -0.00860125
 -0.00698245
  -0.0052965
 -0.00355965
 -0.00178849
 -4.6005e-05
 -9.1574e-05
-0.000136268
-0.000179657
-0.000221321
 -0.00026086
-0.000297893
-0.000332062
-0.000363038
-0.000390521
-0.000414247
-0.000433987
-0.000449549
-0.000460784
-0.000467583
-0.000469878
-0.000467648
-0.000460914
-0.000449739
-0.000434231
-0.000414538
 -0.00039085
-0.000363395
-0.000332435
 -0.00029827
-0.000261227
-0.000221663
 -0.00017996
-0.000136517
-9.17544e-05
 -4.6102e-05
 -0.00124213
 -0.00247223
  -0.0036785
 -0.00484941
 -0.00597369
 -0.00704031
 -0.00803914
 -0.00896066
 -0.00979576
  -0.0105366
  -0.0111759
  -0.0117076
  -0.0121266
  -0.0124288
  -0.0126112
  -0.0126722
  -0.0126112
  -0.0124288
  -0.0121266
  -0.0117076
  -0.0111759
  -0.0105366
 -0.00979576
 -0.00896066
 -0.00803914
 -0.00704031
 -0.00597369
 -0.00484941
  -0.0036785
 -0.00247223
 -0.00124213
-6.67889e-05
-0.000132941
 -0.00019782
  -0.0002608
-0.000321273
-0.000378659
-0.000432403
-0.000481987
-0.000526935
-0.000566811
-0.000601232
-0.000629865
-0.000652435
-0.000668723
-0.000678571
-0.000681885
-0.000678633
-0.000668843
-0.000652611
-0.000630092
-0.000601502
-0.000567116
-0.000527266
-0.000482334
-0.000432753
-0.000378999
-0.000321591
-0.000261081
-0.000198051
-0.000133109
-6.68791e-05
-0.000733453
  -0.0014598
 -0.00217207
 -0.00286348
 -0.00352734
 -0.00415716
 -0.00474694
 -0.00529108
 -0.00578419
 -0.00622163
 -0.00659913
 -0.00691311
 -0.00716048
 -0.00733895
 -0.00744662
 -0.00748269
 -0.00744662
 -0.00733895
 -0.00716048
 -0.00691311
 -0.00659913
 -0.00622163
 -0.00578419
 -0.00529108
 -0.00474694
 -0.00415716
 -0.00352734
 -0.00286348
 -0.00217207
  -0.0014598
-0.000733453
-8.38364e-05
-0.000166872
-0.000248306
-0.000327354
-0.000403256
-0.000475279
-0.000542729
-0.000604958
-0.000661364
-0.000711404
-0.000754597
-0.000790524
-0.000818842
-0.000839273
-0.000851623
-0.000855772
 -0.00085168
-0.000839385
-0.000819004
-0.000790734
-0.000754848
-0.000711688
-0.000661671
-0.000605278
-0.000543053
-0.000475594
 -0.00040355
-0.000327615
 -0.00024852
-0.000167027
-8.39198e-05
-0.000262454
-0.000522365
-0.000777241
 -0.00102465
  -0.0012622
 -0.00148757
 -0.00169862
 -0.00189333
 -0.00206978
 -0.00222631
 -0.00236139
 -0.00247374
 -0.00256226
 -0.00262612
 -0.00266465
 -0.00267756
 -0.00266465
 -0.00262612
 -0.00256226
 -0.00247374
 -0.00236139
 -0.00222631
 -0.00206978
 -0.00189333
 -0.00169862
 -0.00148757
  -0.0012622
 -0.00102465
-0.000777241
-0.000522365
-0.000262454
-9.71532e-05
-0.000193376
-0.000287743
-0.000379343
-0.000467295
-0.000550752
 -0.00062891
-0.000701015
-0.000766372
-0.000824352
-0.000874395
-0.000916021
-0.000948826
-0.000972496
-0.000986799
  -0.0009916
-0.000986851
-0.000972597
-0.000948976
-0.000916214
-0.000874625
-0.000824612
-0.000766654
 -0.00070131
-0.000629209
-0.000551043
-0.000467567
-0.000379583
 -0.00028794
-0.000193519
  -9.723e-05
 0.000170865
 0.000340074
 0.000506006
 0.000667074
 0.000821728
  0.00096845
  0.00110585
  0.00123261
  0.00134748
  0.00144939
  0.00153733
  0.00161047
   0.0016681
  0.00170968
  0.00173476
  0.00174316
  0.00173476
  0.00170968
   0.0016681
  0.00161047
  0.00153733
  0.00144939
  0.00134748
  0.00123261
  0.00110585
  0.00096845
 0.000821728
 0.000667074
 0.000506006
 0.000340074
 0.000170865
-0.000106746
-0.000212469
-0.000316151
-0.000416793
-0.000513426
-0.000605118
-0.000690988
-0.000770206
 -0.00084201
-0.000905708
-0.000960686
 -0.00100642
 -0.00104245
 -0.00106845
 -0.00108416
 -0.00108943
 -0.00108421
 -0.00106855
 -0.00104259
 -0.00100659
-0.000960897
-0.000905945
-0.000842267
-0.000770475
 -0.00069126
-0.000605384
-0.000513673
-0.000417012
-0.000316331
  -0.0002126
-0.000106816
 0.000566504
  0.00112752
  0.00167767
  0.00221169
  0.00272444
   0.0032109
  0.00366644
  0.00408672
  0.00446759
  0.00480546
  0.00509703
  0.00533954
  0.00553061
  0.00566845
  0.00575162
  0.00577947
  0.00575162
  0.00566845
  0.00553061
  0.00533954
  0.00509703
  0.00480546
  0.00446759
  0.00408672
  0.00366644
   0.0032109
  0.00272444
  0.00221169
  0.00167767
  0.00112752
 0.000566504
-0.000112622
-0.000224164
-0.000333552
-0.000439732
-0.000541681
-0.000638418
-0.000729009
-0.000812583
-0.000888335
-0.000955535
 -0.00101354
 -0.00106178
 -0.00109979
 -0.00112722
 -0.00114379
 -0.00114934
 -0.00114383
  -0.0011273
 -0.00109992
 -0.00106194
 -0.00101373
 -0.00095575
-0.000888568
-0.000812827
-0.000729255
-0.000638657
-0.000541904
 -0.00043993
-0.000333715
-0.000224282
-0.000112686
 0.000924463
  0.00183997
  0.00273774
   0.0036092
  0.00444595
  0.00523979
  0.00598317
  0.00666902
  0.00729055
   0.0078419
  0.00831772
  0.00871346
  0.00902526
   0.0092502
  0.00938592
  0.00943137
  0.00938592
   0.0092502
  0.00902526
  0.00871346
  0.00831772
   0.0078419
  0.00729055
  0.00666902
  0.00598317
  0.00523979
  0.00444595
   0.0036092
  0.00273774
  0.00183997
 0.000924463
-0.000114789
-0.000228478
-0.000339969
-0.000448191
  -0.0005521
-0.000650696
-0.000743028
-0.000828207
-0.000905413
-0.000973904
 -0.00103302
 -0.00108218
 -0.00112092
 -0.00114887
 -0.00116576
 -0.00117142
  -0.0011658
 -0.00114895
 -0.00112104
 -0.00108232
 -0.00103319
-0.000974096
-0.000905622
-0.000828425
-0.000743249
 -0.00065091
  -0.0005523
-0.000448368
-0.000340115
-0.000228583
-0.000114846
  0.00124474
  0.00247742
  0.00368623
   0.0048596
  0.00598624
  0.00705511
  0.00805603
  0.00897949
  0.00981635
   0.0105587
   0.0111994
   0.0117322
   0.0121521
   0.0124549
   0.0126377
   0.0126989
   0.0126377
   0.0124549
   0.0121521
   0.0117322
   0.0111994
   0.0105587
  0.00981635
  0.00897949
  0.00805603
  0.00705511
  0.00598624
   0.0048596
  0.00368623
  0.00247742
  0.00124474
-0.000113257
-0.000225428
-0.000335431
-0.000442206
-0.000544727
-0.000642005
-0.000733103
-0.000817143
-0.000893317
-0.000960889
 -0.00101921
 -0.00106772
 -0.00110594
 -0.00113351
 -0.00115017
 -0.00115575
 -0.00115021
 -0.00113358
 -0.00110604
 -0.00106784
 -0.00101936
-0.000961058
  -0.0008935
-0.000817335
-0.000733297
-0.000642194
-0.000544904
-0.000442363
-0.000335559
-0.000225521
-0.000113308
  0.00152734
  0.00303988
  0.00452313
   0.0059629
  0.00734533
  0.00865686
  0.00988503
   0.0110181
    0.012045
   0.0129559
    0.013742
   0.0143958
    0.014911
   0.0152826
   0.0155068
   0.0155819
   0.0155068
   0.0152826
    0.014911
   0.0143958
    0.013742
   0.0129559
    0.012045
   0.0110181
  0.00988503
  0.00865686
  0.00734533
   0.0059629
  0.00452313
  0.00303988
  0.00152734
-0.000108036
-0.000215035
-0.000319967
 -0.00042182
-0.000519614
-0.000612406
-0.000699303
-0.000779467
-0.000852127
-0.000916581
-0.000972211
 -0.00101848
 -0.00105494
 -0.00108124
 -0.00109713
 -0.00110245
 -0.00109716
  -0.0010813
 -0.00105502
 -0.00101859
-0.000972339
-0.000916727
-0.000852284
-0.000779632
-0.000699469
-0.000612568
-0.000519765
-0.000421955
-0.000320078
-0.000215116
 -0.00010808
  0.00177226
  0.00352735
  0.00524844
  0.00691909
   0.0085232
    0.010045
   0.0114702
    0.012785
   0.0139765
   0.0150335
   0.0159457
   0.0167043
   0.0173021
   0.0177333
   0.0179935
   0.0180806
   0.0179935
   0.0177333
   0.0173021
   0.0167043
   0.0159457
   0.0150335
   0.0139765
    0.012785
   0.0114702
    0.010045
   0.0085232
  0.00691909
  0.00524844
  0.00352735
  0.00177226
-9.91382e-05
-0.000197324
-0.000293612
-0.000387076
-0.000476814
-0.000561962
  -0.0006417
 -0.00071526
-0.000781933
-0.000841078
-0.000892123
 -0.00093458
-0.000968035
-0.000992168
 -0.00100675
 -0.00101163
 -0.00100677
-0.000992217
-0.000968105
-0.000934669
-0.000892232
  -0.0008412
-0.000782066
-0.000715399
-0.000641839
-0.000562097
-0.000476941
-0.000387188
-0.000293705
-0.000197391
-9.91743e-05
   0.0019795
  0.00393982
  0.00586217
  0.00772817
  0.00951986
   0.0112197
   0.0128114
     0.01428
   0.0156108
   0.0167914
   0.0178103
   0.0186576
   0.0193253
   0.0198069
   0.0200975
   0.0201949
   0.0200975
   0.0198069
   0.0193253
   0.0186576
   0.0178103
   0.0167914
   0.0156108
     0.01428
   0.0128114
   0.0112197
  0.00951986
  0.00772817
  0.00586217
  0.00393982
   0.0019795
-8.65753e-05
-0.000172319
-0.000256405
-0.000338025
 -0.00041639
-0.000490748
 -0.00056038
-0.000624618
-0.000682841
 -0.00073449
-0.000779066
-0.000816139
-0.000845354
-0.000866428
-0.000879158
-0.000883422
-0.000879178
-0.000866467
-0.000845411
-0.000816214
-0.000779153
-0.000734588
-0.000682948
-0.000624729
-0.000560493
-0.000490857
-0.000416492
-0.000338115
 -0.00025648
-0.000172373
-8.66044e-05
  0.00214906
  0.00427729
  0.00636431
  0.00839015
   0.0103353
   0.0121807
   0.0139088
   0.0155032
    0.016948
   0.0182297
   0.0193358
   0.0202558
   0.0209806
   0.0215035
    0.021819
   0.0219247
    0.021819
   0.0215035
   0.0209806
   0.0202558
   0.0193358
   0.0182297
    0.016948
   0.0155032
   0.0139088
   0.0121807
   0.0103353
  0.00839015
  0.00636431
  0.00427729
  0.00214906
-7.03626e-05
-0.000140049
-0.000208389
-0.000274723
-0.000338413
-0.000398845
-0.000455437
-0.000507645
-0.000554965
 -0.00059694
-0.000633168
-0.000663298
-0.000687042
-0.000704169
-0.000714514
-0.000717979
-0.000714529
-0.000704197
-0.000687084
-0.000663353
-0.000633233
-0.000597014
-0.000555044
-0.000507728
-0.000455522
-0.000398927
 -0.00033849
-0.000274791
-0.000208445
 -0.00014009
-7.03846e-05
  0.00228094
  0.00453977
  0.00675486
  0.00890502
   0.0109696
   0.0129282
   0.0147624
   0.0164546
   0.0179881
   0.0193484
   0.0205224
   0.0214988
   0.0222681
   0.0228231
    0.023158
   0.0232702
    0.023158
   0.0228231
   0.0222681
   0.0214988
   0.0205224
   0.0193484
   0.0179881
   0.0164546
   0.0147624
   0.0129282
   0.0109696
  0.00890502
  0.00675486
  0.00453977
  0.00228094
-5.05167e-05
-0.000100548
-0.000149612
-0.000197236
-0.000242962
-0.000286348
-0.000326978
 -0.00036446
-0.000398432
-0.000428568
-0.000454577
-0.000476208
-0.000493254
 -0.00050555
-0.000512977
-0.000515464
-0.000512986
-0.000505569
-0.000493283
-0.000476245
 -0.00045462
-0.000428617
-0.000398486
-0.000364516
-0.000327035
-0.000286403
-0.000243013
-0.000197281
-0.000149649
-0.000100575
-5.05313e-05
  0.00237514
  0.00472726
  0.00703383
  0.00927279
   0.0114226
   0.0134621
    0.015372
   0.0171341
   0.0187309
   0.0201475
     0.02137
   0.0223867
   0.0231878
   0.0237657
   0.0241144
   0.0242312
   0.0241144
   0.0237657
   0.0231878
   0.0223867
     0.02137
   0.0201475
   0.0187309
   0.0171341
    0.015372
   0.0134621
   0.0114226
  0.00927279
  0.00703383
  0.00472726
  0.00237514
-2.70555e-05
 -5.3851e-05
-8.01283e-05
-0.000105635
-0.000130124
-0.000153361
-0.000175121
-0.000195195
 -0.00021339
 -0.00022953
-0.000243459
-0.000255044
-0.000264173
-0.000270758
-0.000274736
-0.000276067
 -0.00027474
-0.000270768
-0.000264187
-0.000255063
-0.000243481
-0.000229554
-0.000213417
-0.000195223
-0.000175149
-0.000153388
 -0.00013015
-0.000105657
-8.01471e-05
-5.38645e-05
-2.70628e-05
  0.00243166
  0.00483975
  0.00720121
  0.00949345
   0.0116944
   0.0137825
   0.0157378
   0.0175418
   0.0191767
   0.0206269
   0.0218785
   0.0229194
   0.0237396
   0.0243312
   0.0246882
   0.0248078
   0.0246882
   0.0243312
   0.0237396
   0.0229194
   0.0218785
   0.0206269
   0.0191767
   0.0175418
   0.0157378
   0.0137825
   0.0116944
  0.00949345
  0.00720121
  0.00483975
  0.00243166
           0
           0
           0
           0
           0
           0
           0
           0
           0
           0
           0
           0
           0
           0
           0
           0
           0
           0
           0
           0
           0
           0
           0
           0
           0
           0
           0
           0
           0
           0
           0
           0
           0
           0
           0
           0
           0
           0
           0
           0
           0
           0
           0
           0
           0
           0
           0
           0
           0
           0
           0
           0
           0
           0
           0
           0
           0
           0
           0
           0
           0
           0
