0.999999
0.9755370000000001
0.9513389999999999
0.927408
0.90375
0.880368
0.857267
0.834451
0.811921
0.78968
0.767731
0.7460760000000001
0.724716
0.703653
0.6828890000000001
0.662425
0.642261
0.6224
0.6028399999999999
0.583585
0.5646329999999999
0.545985
0.527642
0.509605
0.49187200000000003
0.474445
0.45732399999999995
0.440508
0.42399799999999993
0.407794
0.391895
0.376301
0.361011
0.346024
0.331339
0.316954
0.302867
0.289077
0.275582
0.262383
0.249481
0.23687800000000003
0.224579
0.21259
0.200918
0.18957100000000002
0.178557
0.16788499999999998
0.157558
0.147583
0.137961
0.128692
0.119774
0.111205
0.10298
0.0950939
0.0875428
0.08032189999999999
0.07342689999999999
0.0668543
0.0606008
0.054663800000000005
0.0490409
0.04373
0.0387295
0.0340374
0.029652099999999997
0.025572099999999997
0.0217958
0.0183217
0.0151488
0.012276299999999999
0.00970376
0.00743132
0.00545943
0.00378881
0.00242032
0.00135473
0.000592644
0.000134327
4.203899999999999e-45
