     0.09802
     0.19509
     0.29028
     0.38268
      0.4714
     0.55557
     0.63439
     0.70711
     0.77301
     0.83147
     0.88192
     0.92388
     0.95694
     0.98079
     0.99518
           1
     0.99518
     0.98079
     0.95694
     0.92388
     0.88192
     0.83147
     0.77301
     0.70711
     0.63439
     0.55557
      0.4714
     0.38268
     0.29028
     0.19509
     0.09802
   -0.118125
   -0.235106
    -0.34982
   -0.461173
   -0.568091
   -0.669525
   -0.764512
   -0.852148
   -0.931565
    -1.00202
    -1.06281
    -1.11338
    -1.15322
    -1.18196
     -1.1993
    -1.20511
     -1.1993
    -1.18196
    -1.15322
    -1.11338
    -1.06281
    -1.00202
   -0.931565
   -0.852148
   -0.764512
   -0.669525
   -0.568091
   -0.461173
    -0.34982
   -0.235106
   -0.118125
  0.00941435
      0.0125
      0.0125
      0.0125
      0.0125
      0.0125
      0.0125
      0.0125
      0.0125
      0.0125
      0.0125
      0.0125
      0.0125
      0.0125
      0.0125
      0.0125
      0.0125
      0.0125
      0.0125
      0.0125
      0.0125
      0.0125
      0.0125
      0.0125
      0.0125
      0.0125
      0.0125
      0.0125
      0.0125
      0.0125
  0.00941955
    -0.11513
   -0.229144
   -0.340949
   -0.449478
   -0.553684
   -0.652546
   -0.745125
   -0.830538
   -0.907941
   -0.976606
    -1.03586
    -1.08515
    -1.12398
    -1.15199
    -1.16889
    -1.17455
    -1.16889
    -1.15199
    -1.12398
    -1.08515
    -1.03586
   -0.976606
   -0.907941
   -0.830538
   -0.745125
   -0.652546
   -0.553684
   -0.449478
   -0.340949
   -0.229144
    -0.11513
  0.00915182
      0.0125
      0.0125
      0.0125
      0.0125
      0.0125
      0.0125
      0.0125
      0.0125
      0.0125
      0.0125
      0.0125
      0.0125
      0.0125
      0.0125
      0.0125
      0.0125
      0.0125
      0.0125
      0.0125
      0.0125
      0.0125
      0.0125
      0.0125
      0.0125
      0.0125
      0.0125
      0.0125
      0.0125
      0.0125
  0.00915667
   -0.112172
   -0.223256
    -0.33219
    -0.43793
   -0.539459
   -0.635781
   -0.725981
     -0.8092
   -0.884615
   -0.951515
    -1.00925
    -1.05727
     -1.0951
    -1.12239
    -1.13886
    -1.14438
    -1.13886
    -1.12239
     -1.0951
    -1.05727
    -1.00925
   -0.951515
   -0.884615
     -0.8092
   -0.725981
   -0.635781
   -0.539459
    -0.43793
    -0.33219
   -0.223256
   -0.112172
  0.00889248
      0.0125
      0.0125
      0.0125
      0.0125
      0.0125
      0.0125
      0.0125
      0.0125
      0.0125
      0.0125
      0.0125
      0.0125
      0.0125
      0.0125
      0.0125
      0.0125
      0.0125
      0.0125
      0.0125
      0.0125
      0.0125
      0.0125
      0.0125
      0.0125
      0.0125
      0.0125
      0.0125
      0.0125
      0.0125
  0.00889699
   -0.109252
   -0.217444
   -0.323542
   -0.426529
   -0.525415
    -0.61923
   -0.707082
   -0.788134
   -0.861585
   -0.926744
   -0.982975
    -1.02974
    -1.06659
    -1.09317
    -1.10921
    -1.11458
    -1.10921
    -1.09317
    -1.06659
    -1.02974
   -0.982975
   -0.926744
   -0.861585
   -0.788134
   -0.707082
    -0.61923
   -0.525415
   -0.426529
   -0.323542
   -0.217444
   -0.109252
   0.0086364
      0.0125
      0.0125
      0.0125
      0.0125
      0.0125
      0.0125
      0.0125
      0.0125
      0.0125
      0.0125
      0.0125
      0.0125
      0.0125
      0.0125
      0.0125
      0.0125
      0.0125
      0.0125
      0.0125
      0.0125
      0.0125
      0.0125
      0.0125
      0.0125
      0.0125
      0.0125
      0.0125
      0.0125
      0.0125
  0.00864056
   -0.106369
   -0.211707
   -0.315005
   -0.415276
   -0.511553
   -0.602892
   -0.688426
    -0.76734
   -0.838853
   -0.902293
    -0.95704
    -1.00257
    -1.03845
    -1.06433
    -1.07995
    -1.08518
    -1.07995
    -1.06433
    -1.03845
    -1.00257
    -0.95704
   -0.902293
   -0.838853
    -0.76734
   -0.688426
   -0.602892
   -0.511553
   -0.415276
   -0.315005
   -0.211707
   -0.106369
  0.00838361
      0.0125
      0.0125
      0.0125
      0.0125
      0.0125
      0.0125
      0.0125
      0.0125
      0.0125
      0.0125
      0.0125
      0.0125
      0.0125
      0.0125
      0.0125
      0.0125
      0.0125
      0.0125
      0.0125
      0.0125
      0.0125
      0.0125
      0.0125
      0.0125
      0.0125
      0.0125
      0.0125
      0.0125
      0.0125
  0.00838744
   -0.103524
   -0.206045
   -0.306581
   -0.404169
   -0.497871
   -0.586768
   -0.670014
   -0.746817
   -0.816418
   -0.878161
   -0.931444
    -0.97576
    -1.01068
    -1.03587
    -1.05106
    -1.05615
    -1.05106
    -1.03587
    -1.01068
    -0.97576
   -0.931444
   -0.878161
   -0.816418
   -0.746817
   -0.670014
   -0.586768
   -0.497871
   -0.404169
   -0.306581
   -0.206045
   -0.103524
  0.00813415
      0.0125
      0.0125
      0.0125
      0.0125
      0.0125
      0.0125
      0.0125
      0.0125
      0.0125
      0.0125
      0.0125
      0.0125
      0.0125
      0.0125
      0.0125
      0.0125
      0.0125
      0.0125
      0.0125
      0.0125
      0.0125
      0.0125
      0.0125
      0.0125
      0.0125
      0.0125
      0.0125
      0.0125
      0.0125
  0.00813768
   -0.100717
   -0.200458
   -0.298267
    -0.39321
   -0.484371
   -0.570857
   -0.651846
   -0.726567
    -0.79428
   -0.854349
   -0.906187
   -0.949301
   -0.983271
    -1.00778
    -1.02256
    -1.02752
    -1.02256
    -1.00778
   -0.983271
   -0.949301
   -0.906187
   -0.854349
    -0.79428
   -0.726567
   -0.651846
   -0.570857
   -0.484371
    -0.39321
   -0.298267
   -0.200458
   -0.100717
  0.00788809
      0.0125
      0.0125
      0.0125
      0.0125
      0.0125
      0.0125
      0.0125
      0.0125
      0.0125
      0.0125
      0.0125
      0.0125
      0.0125
      0.0125
      0.0125
      0.0125
      0.0125
      0.0125
      0.0125
      0.0125
      0.0125
      0.0125
      0.0125
      0.0125
      0.0125
      0.0125
      0.0125
      0.0125
      0.0125
  0.00789133
  -0.0979476
   -0.194946
   -0.290066
   -0.382398
   -0.471052
    -0.55516
   -0.633922
   -0.706588
   -0.772439
   -0.830856
   -0.881269
   -0.923198
   -0.956234
   -0.980066
   -0.994445
   -0.999262
   -0.994445
   -0.980066
   -0.956234
   -0.923198
   -0.881269
   -0.830856
   -0.772439
   -0.706588
   -0.633922
    -0.55516
   -0.471052
   -0.382398
   -0.290066
   -0.194946
  -0.0979476
  0.00764546
      0.0125
      0.0125
      0.0125
      0.0125
      0.0125
      0.0125
      0.0125
      0.0125
      0.0125
      0.0125
      0.0125
      0.0125
      0.0125
      0.0125
      0.0125
      0.0125
      0.0125
      0.0125
      0.0125
      0.0125
      0.0125
      0.0125
      0.0125
      0.0125
      0.0125
      0.0125
      0.0125
      0.0125
      0.0125
  0.00764845
  -0.0952158
   -0.189509
   -0.281976
   -0.371732
   -0.457914
   -0.539676
   -0.616241
   -0.686881
   -0.750896
   -0.807683
    -0.85669
    -0.89745
   -0.929564
   -0.952732
    -0.96671
   -0.971392
    -0.96671
   -0.952732
   -0.929564
    -0.89745
    -0.85669
   -0.807683
   -0.750896
   -0.686881
   -0.616241
   -0.539676
   -0.457914
   -0.371732
   -0.281976
   -0.189509
  -0.0952158
   0.0074063
      0.0125
      0.0125
      0.0125
      0.0125
      0.0125
      0.0125
      0.0125
      0.0125
      0.0125
      0.0125
      0.0125
      0.0125
      0.0125
      0.0125
      0.0125
      0.0125
      0.0125
      0.0125
      0.0125
      0.0125
      0.0125
      0.0125
      0.0125
      0.0125
      0.0125
      0.0125
      0.0125
      0.0125
      0.0125
  0.00740904
  -0.0925217
   -0.184147
   -0.273997
   -0.361214
   -0.444958
   -0.524406
   -0.598805
   -0.667446
   -0.729649
    -0.78483
    -0.83245
   -0.872056
   -0.903262
   -0.925774
   -0.939357
   -0.943907
   -0.939357
   -0.925774
   -0.903262
   -0.872056
    -0.83245
    -0.78483
   -0.729649
   -0.667446
   -0.598805
   -0.524406
   -0.444958
   -0.361214
   -0.273997
   -0.184147
  -0.0925217
  0.00717066
      0.0125
      0.0125
      0.0125
      0.0125
      0.0125
      0.0125
      0.0125
      0.0125
      0.0125
      0.0125
      0.0125
      0.0125
      0.0125
      0.0125
      0.0125
      0.0125
      0.0125
      0.0125
      0.0125
      0.0125
      0.0125
      0.0125
      0.0125
      0.0125
      0.0125
      0.0125
      0.0125
      0.0125
      0.0125
   0.0071732
  -0.0898653
    -0.17886
    -0.26613
   -0.350843
   -0.432182
    -0.50935
   -0.581612
   -0.648283
     -0.7087
   -0.762296
   -0.808549
   -0.847019
   -0.877328
   -0.899194
   -0.912387
   -0.916806
   -0.912387
   -0.899194
   -0.877328
   -0.847019
   -0.808549
   -0.762296
     -0.7087
   -0.648283
   -0.581612
    -0.50935
   -0.432182
   -0.350843
    -0.26613
    -0.17886
  -0.0898653
  0.00693856
      0.0125
      0.0125
      0.0125
      0.0125
      0.0125
      0.0125
      0.0125
      0.0125
      0.0125
      0.0125
      0.0125
      0.0125
      0.0125
      0.0125
      0.0125
      0.0125
      0.0125
      0.0125
      0.0125
      0.0125
      0.0125
      0.0125
      0.0125
      0.0125
      0.0125
      0.0125
      0.0125
      0.0125
      0.0125
  0.00694091
  -0.0872465
   -0.173648
   -0.258375
   -0.340619
   -0.419588
   -0.494507
   -0.564664
   -0.629391
   -0.688048
   -0.740083
   -0.784988
   -0.822336
   -0.851762
   -0.872991
   -0.885799
   -0.890089
   -0.885799
   -0.872991
   -0.851762
   -0.822336
   -0.784988
   -0.740083
   -0.688048
   -0.629391
   -0.564664
   -0.494507
   -0.419588
   -0.340619
   -0.258375
   -0.173648
  -0.0872465
  0.00671006
      0.0125
      0.0125
      0.0125
      0.0125
      0.0125
      0.0125
      0.0125
      0.0125
      0.0125
      0.0125
      0.0125
      0.0125
      0.0125
      0.0125
      0.0125
      0.0125
      0.0125
      0.0125
      0.0125
      0.0125
      0.0125
      0.0125
      0.0125
      0.0125
      0.0125
      0.0125
      0.0125
      0.0125
      0.0125
  0.00671222
  -0.0846655
    -0.16851
   -0.250731
   -0.330543
   -0.407175
   -0.479878
   -0.547959
   -0.610771
   -0.667693
   -0.718188
   -0.761765
   -0.798008
   -0.826564
   -0.847164
   -0.859594
   -0.863757
   -0.859594
   -0.847164
   -0.826564
   -0.798008
   -0.761765
   -0.718188
   -0.667693
   -0.610771
   -0.547959
   -0.479878
   -0.407175
   -0.330543
   -0.250731
    -0.16851
  -0.0846655
  0.00648517
      0.0125
      0.0125
      0.0125
      0.0125
      0.0125
      0.0125
      0.0125
      0.0125
      0.0125
      0.0125
      0.0125
      0.0125
      0.0125
      0.0125
      0.0125
      0.0125
      0.0125
      0.0125
      0.0125
      0.0125
      0.0125
      0.0125
      0.0125
      0.0125
      0.0125
      0.0125
      0.0125
      0.0125
      0.0125
  0.00648717
  -0.0821221
   -0.163448
   -0.243199
   -0.320613
   -0.394943
   -0.465462
   -0.531498
   -0.592423
   -0.647635
   -0.696613
   -0.738881
   -0.774035
   -0.801733
   -0.821715
   -0.833771
   -0.837809
   -0.833771
   -0.821715
   -0.801733
   -0.774035
   -0.738881
   -0.696613
   -0.647635
   -0.592423
   -0.531498
   -0.465462
   -0.394943
   -0.320613
   -0.243199
   -0.163448
  -0.0821221
  0.00626392
   0.0124677
      0.0125
      0.0125
      0.0125
      0.0125
      0.0125
      0.0125
      0.0125
      0.0125
      0.0125
      0.0125
      0.0125
      0.0125
      0.0125
      0.0125
      0.0125
      0.0125
      0.0125
      0.0125
      0.0125
      0.0125
      0.0125
      0.0125
      0.0125
      0.0125
      0.0125
      0.0125
      0.0125
   0.0124711
  0.00626575
  -0.0796164
   -0.158461
   -0.235779
    -0.31083
   -0.382893
    -0.45126
   -0.515281
   -0.574347
   -0.627874
   -0.675358
   -0.716336
   -0.750418
   -0.777271
   -0.796643
   -0.808331
   -0.812246
   -0.808331
   -0.796643
   -0.777271
   -0.750418
   -0.716336
   -0.675358
   -0.627874
   -0.574347
   -0.515281
    -0.45126
   -0.382893
    -0.31083
   -0.235779
   -0.158461
  -0.0796164
  0.00604631
   0.0120346
      0.0125
      0.0125
      0.0125
      0.0125
      0.0125
      0.0125
      0.0125
      0.0125
      0.0125
      0.0125
      0.0125
      0.0125
      0.0125
      0.0125
      0.0125
      0.0125
      0.0125
      0.0125
      0.0125
      0.0125
      0.0125
      0.0125
      0.0125
      0.0125
      0.0125
      0.0125
      0.0125
   0.0120377
    0.006048
  -0.0771483
   -0.153549
    -0.22847
   -0.301195
   -0.371024
   -0.437271
   -0.499308
   -0.556543
   -0.608411
   -0.654423
    -0.69413
   -0.727156
   -0.753176
   -0.771948
   -0.783274
   -0.787067
   -0.783274
   -0.771948
   -0.753176
   -0.727156
    -0.69413
   -0.654423
   -0.608411
   -0.556543
   -0.499308
   -0.437271
   -0.371024
   -0.301195
    -0.22847
   -0.153549
  -0.0771483
  0.00583238
   0.0116088
      0.0125
      0.0125
      0.0125
      0.0125
      0.0125
      0.0125
      0.0125
      0.0125
      0.0125
      0.0125
      0.0125
      0.0125
      0.0125
      0.0125
      0.0125
      0.0125
      0.0125
      0.0125
      0.0125
      0.0125
      0.0125
      0.0125
      0.0125
      0.0125
      0.0125
      0.0125
      0.0125
   0.0116116
  0.00583393
   -0.074718
   -0.148712
   -0.221273
   -0.291707
   -0.359335
   -0.423496
   -0.483578
   -0.539011
   -0.589244
   -0.633807
   -0.672264
   -0.704249
   -0.729449
   -0.747629
   -0.758599
   -0.762273
   -0.758599
   -0.747629
   -0.729449
   -0.704249
   -0.672264
   -0.633807
   -0.589244
   -0.539011
   -0.483578
   -0.423496
   -0.359335
   -0.291707
   -0.221273
   -0.148712
   -0.074718
  0.00562215
   0.0111903
      0.0125
      0.0125
      0.0125
      0.0125
      0.0125
      0.0125
      0.0125
      0.0125
      0.0125
      0.0125
      0.0125
      0.0125
      0.0125
      0.0125
      0.0125
      0.0125
      0.0125
      0.0125
      0.0125
      0.0125
      0.0125
      0.0125
      0.0125
      0.0125
      0.0125
      0.0125
      0.0125
   0.0111929
  0.00562354
  -0.0723253
    -0.14395
   -0.214187
   -0.282365
   -0.347828
   -0.409934
   -0.468093
    -0.52175
   -0.570375
   -0.613511
   -0.650736
   -0.681697
    -0.70609
   -0.723688
   -0.734306
   -0.737863
   -0.734306
   -0.723688
    -0.70609
   -0.681697
   -0.650736
   -0.613511
   -0.570375
    -0.52175
   -0.468093
   -0.409934
   -0.347828
   -0.282365
   -0.214187
    -0.14395
  -0.0723253
  0.00541561
   0.0107792
      0.0125
      0.0125
      0.0125
      0.0125
      0.0125
      0.0125
      0.0125
      0.0125
      0.0125
      0.0125
      0.0125
      0.0125
      0.0125
      0.0125
      0.0125
      0.0125
      0.0125
      0.0125
      0.0125
      0.0125
      0.0125
      0.0125
      0.0125
      0.0125
      0.0125
      0.0125
      0.0125
   0.0107815
  0.00541686
  -0.0699703
   -0.139262
   -0.207213
   -0.273171
   -0.336503
   -0.396586
   -0.452851
   -0.504761
   -0.551803
   -0.593534
   -0.629547
     -0.6595
   -0.683099
   -0.700124
   -0.710396
   -0.713837
   -0.710396
   -0.700124
   -0.683099
     -0.6595
   -0.629547
   -0.593534
   -0.551803
   -0.504761
   -0.452851
   -0.396586
   -0.336503
   -0.273171
   -0.207213
   -0.139262
  -0.0699703
  0.00521279
   0.0103755
      0.0125
      0.0125
      0.0125
      0.0125
      0.0125
      0.0125
      0.0125
      0.0125
      0.0125
      0.0125
      0.0125
      0.0125
      0.0125
      0.0125
      0.0125
      0.0125
      0.0125
      0.0125
      0.0125
      0.0125
      0.0125
      0.0125
      0.0125
      0.0125
      0.0125
      0.0125
      0.0125
   0.0103776
  0.00521389
   -0.067653
    -0.13465
    -0.20035
   -0.264124
   -0.325358
   -0.383452
   -0.437853
   -0.488044
   -0.533528
   -0.573877
   -0.608697
   -0.637658
   -0.660476
   -0.676937
   -0.686869
   -0.690196
   -0.686869
   -0.676937
   -0.660476
   -0.637658
   -0.608697
   -0.573877
   -0.533528
   -0.488044
   -0.437853
   -0.383452
   -0.325358
   -0.264124
    -0.20035
    -0.13465
   -0.067653
  0.00501371
  0.00997925
      0.0125
      0.0125
      0.0125
      0.0125
      0.0125
      0.0125
      0.0125
      0.0125
      0.0125
      0.0125
      0.0125
      0.0125
      0.0125
      0.0125
      0.0125
      0.0125
      0.0125
      0.0125
      0.0125
      0.0125
      0.0125
      0.0125
      0.0125
      0.0125
      0.0125
      0.0125
      0.0125
  0.00998098
  0.00501465
  -0.0653734
   -0.130113
   -0.193599
   -0.255224
   -0.314395
   -0.370531
   -0.423099
   -0.471599
    -0.51555
    -0.55454
   -0.588187
   -0.616172
   -0.638221
   -0.654127
   -0.663724
   -0.666939
   -0.663724
   -0.654127
   -0.638221
   -0.616172
   -0.588187
    -0.55454
    -0.51555
   -0.471599
   -0.423099
   -0.370531
   -0.314395
   -0.255224
   -0.193599
   -0.130113
  -0.0653734
  0.00481836
  0.00959041
      0.0125
      0.0125
      0.0125
      0.0125
      0.0125
      0.0125
      0.0125
      0.0125
      0.0125
      0.0125
      0.0125
      0.0125
      0.0125
      0.0125
      0.0125
      0.0125
      0.0125
      0.0125
      0.0125
      0.0125
      0.0125
      0.0125
      0.0125
      0.0125
      0.0125
      0.0125
      0.0125
  0.00959184
  0.00481913
  -0.0631314
   -0.125651
    -0.18696
   -0.246471
   -0.303613
   -0.357824
   -0.408589
   -0.455426
    -0.49787
   -0.535522
   -0.568015
    -0.59504
   -0.616333
   -0.631694
   -0.640962
   -0.644067
   -0.640962
   -0.631694
   -0.616333
    -0.59504
   -0.568015
   -0.535522
    -0.49787
   -0.455426
   -0.408589
   -0.357824
   -0.303613
   -0.246471
    -0.18696
   -0.125651
  -0.0631314
  0.00462674
    0.009209
      0.0125
      0.0125
      0.0125
      0.0125
      0.0125
      0.0125
      0.0125
      0.0125
      0.0125
      0.0125
      0.0125
      0.0125
      0.0125
      0.0125
      0.0125
      0.0125
      0.0125
      0.0125
      0.0125
      0.0125
      0.0125
      0.0125
      0.0125
      0.0125
      0.0125
      0.0125
      0.0125
  0.00921014
  0.00462735
  -0.0609271
   -0.121264
   -0.180432
   -0.237866
   -0.293012
    -0.34533
   -0.394323
   -0.439524
   -0.480486
   -0.516824
   -0.548182
   -0.574264
   -0.594813
   -0.609638
   -0.618582
   -0.621579
   -0.618582
   -0.609638
   -0.594813
   -0.574264
   -0.548182
   -0.516824
   -0.480486
   -0.439524
   -0.394323
    -0.34533
   -0.293012
   -0.237866
   -0.180432
   -0.121264
  -0.0609271
  0.00443885
  0.00883503
      0.0125
      0.0125
      0.0125
      0.0125
      0.0125
      0.0125
      0.0125
      0.0125
      0.0125
      0.0125
      0.0125
      0.0125
      0.0125
      0.0125
      0.0125
      0.0125
      0.0125
      0.0125
      0.0125
      0.0125
      0.0125
      0.0125
      0.0125
      0.0125
      0.0125
      0.0125
      0.0125
  0.00883589
  0.00443932
  -0.0587605
   -0.116952
   -0.174016
   -0.229407
   -0.282592
    -0.33305
   -0.380301
   -0.423895
     -0.4634
   -0.498445
   -0.528689
   -0.553843
   -0.573662
   -0.587959
   -0.596585
   -0.599475
   -0.596585
   -0.587959
   -0.573662
   -0.553843
   -0.528689
   -0.498445
     -0.4634
   -0.423895
   -0.380301
    -0.33305
   -0.282592
   -0.229407
   -0.174016
   -0.116952
  -0.0587605
  0.00425472
  0.00846852
      0.0125
      0.0125
      0.0125
      0.0125
      0.0125
      0.0125
      0.0125
      0.0125
      0.0125
      0.0125
      0.0125
      0.0125
      0.0125
      0.0125
      0.0125
      0.0125
      0.0125
      0.0125
      0.0125
      0.0125
      0.0125
      0.0125
      0.0125
      0.0125
      0.0125
      0.0125
      0.0125
  0.00846912
  0.00425505
  -0.0566316
   -0.112714
   -0.167711
   -0.221096
   -0.272354
   -0.320984
   -0.366522
   -0.408537
   -0.446611
   -0.480386
   -0.509534
   -0.533777
   -0.552878
   -0.566657
   -0.574971
   -0.577756
   -0.574971
   -0.566657
   -0.552878
   -0.533777
   -0.509534
   -0.480386
   -0.446611
   -0.408537
   -0.366522
   -0.320984
   -0.272354
   -0.221096
   -0.167711
   -0.112714
  -0.0566316
  0.00407434
  0.00810949
   0.0120666
      0.0125
      0.0125
      0.0125
      0.0125
      0.0125
      0.0125
      0.0125
      0.0125
      0.0125
      0.0125
      0.0125
      0.0125
      0.0125
      0.0125
      0.0125
      0.0125
      0.0125
      0.0125
      0.0125
      0.0125
      0.0125
      0.0125
      0.0125
      0.0125
      0.0125
   0.0120671
  0.00810983
  0.00407453
  -0.0545404
   -0.108552
   -0.161518
   -0.212931
   -0.262297
   -0.309131
   -0.352988
   -0.393451
   -0.430119
   -0.462647
   -0.490719
   -0.514066
   -0.532461
   -0.545732
   -0.553739
   -0.556421
   -0.553739
   -0.545732
   -0.532461
   -0.514066
   -0.490719
   -0.462647
   -0.430119
   -0.393451
   -0.352988
   -0.309131
   -0.262297
   -0.212931
   -0.161518
   -0.108552
  -0.0545404
  0.00389771
  0.00775792
   0.0115435
      0.0125
      0.0125
      0.0125
      0.0125
      0.0125
      0.0125
      0.0125
      0.0125
      0.0125
      0.0125
      0.0125
      0.0125
      0.0125
      0.0125
      0.0125
      0.0125
      0.0125
      0.0125
      0.0125
      0.0125
      0.0125
      0.0125
      0.0125
      0.0125
      0.0125
   0.0115437
  0.00775808
   0.0038978
  -0.0524868
   -0.104465
   -0.155436
   -0.204914
   -0.252421
   -0.297491
   -0.339697
   -0.378637
   -0.413924
   -0.445228
   -0.472242
   -0.494711
   -0.512413
   -0.525184
    -0.53289
   -0.535471
    -0.53289
   -0.525184
   -0.512413
   -0.494711
   -0.472242
   -0.445228
   -0.413924
   -0.378637
   -0.339697
   -0.297491
   -0.252421
   -0.204914
   -0.155436
   -0.104465
  -0.0524868
  0.00372484
  0.00741383
   0.0110314
      0.0125
      0.0125
      0.0125
      0.0125
      0.0125
      0.0125
      0.0125
      0.0125
      0.0125
      0.0125
      0.0125
      0.0125
      0.0125
      0.0125
      0.0125
      0.0125
      0.0125
      0.0125
      0.0125
      0.0125
      0.0125
      0.0125
      0.0125
      0.0125
      0.0125
   0.0110315
  0.00741383
  0.00372484
  -0.0504709
   -0.100453
   -0.149466
   -0.197044
   -0.242726
   -0.286066
    -0.32665
   -0.364094
   -0.398026
   -0.428128
   -0.454105
    -0.47571
   -0.492733
   -0.505013
   -0.512423
   -0.514905
   -0.512423
   -0.505013
   -0.492733
    -0.47571
   -0.454105
   -0.428128
   -0.398026
   -0.364094
    -0.32665
   -0.286066
   -0.242726
   -0.197044
   -0.149466
   -0.100453
  -0.0504709
  0.00355572
  0.00707722
   0.0105306
      0.0125
      0.0125
      0.0125
      0.0125
      0.0125
      0.0125
      0.0125
      0.0125
      0.0125
      0.0125
      0.0125
      0.0125
      0.0125
      0.0125
      0.0125
      0.0125
      0.0125
      0.0125
      0.0125
      0.0125
      0.0125
      0.0125
      0.0125
      0.0125
      0.0125
   0.0105304
   0.0070771
  0.00355566
  -0.0484928
  -0.0965155
   -0.143608
   -0.189321
   -0.233212
   -0.274853
   -0.313847
   -0.349824
   -0.382426
   -0.411347
   -0.436306
   -0.457065
    -0.47342
   -0.485219
   -0.492338
   -0.494723
   -0.492338
   -0.485219
    -0.47342
   -0.457065
   -0.436306
   -0.411347
   -0.382426
   -0.349824
   -0.313847
   -0.274853
   -0.233212
   -0.189321
   -0.143608
  -0.0965155
  -0.0484928
  0.00339041
  0.00674818
    0.010041
      0.0125
      0.0125
      0.0125
      0.0125
      0.0125
      0.0125
      0.0125
      0.0125
      0.0125
      0.0125
      0.0125
      0.0125
      0.0125
      0.0125
      0.0125
      0.0125
      0.0125
      0.0125
      0.0125
      0.0125
      0.0125
      0.0125
      0.0125
      0.0125
      0.0125
   0.0100406
  0.00674793
  0.00339028
  -0.0465522
  -0.0926533
   -0.137861
   -0.181745
    -0.22388
   -0.263855
   -0.301288
   -0.335825
   -0.367122
   -0.394887
   -0.418847
   -0.438774
   -0.454476
   -0.465803
   -0.472637
   -0.474926
   -0.472637
   -0.465803
   -0.454476
   -0.438774
   -0.418847
   -0.394887
   -0.367122
   -0.335825
   -0.301288
   -0.263855
    -0.22388
   -0.181745
   -0.137861
  -0.0926533
  -0.0465522
  0.00322887
  0.00642666
  0.00956258
      0.0125
      0.0125
      0.0125
      0.0125
      0.0125
      0.0125
      0.0125
      0.0125
      0.0125
      0.0125
      0.0125
      0.0125
      0.0125
      0.0125
      0.0125
      0.0125
      0.0125
      0.0125
      0.0125
      0.0125
      0.0125
      0.0125
      0.0125
      0.0125
      0.0125
  0.00956209
  0.00642632
  0.00322869
  -0.0446494
  -0.0888661
   -0.132226
   -0.174316
   -0.214729
   -0.253069
   -0.288973
   -0.322098
   -0.352116
   -0.378746
   -0.401726
    -0.42084
   -0.435899
   -0.446763
   -0.453318
   -0.455513
   -0.453318
   -0.446763
   -0.435899
    -0.42084
   -0.401726
   -0.378746
   -0.352116
   -0.322098
   -0.288973
   -0.253069
   -0.214729
   -0.174316
   -0.132226
  -0.0888661
  -0.0446494
  0.00307114
   0.0061127
   0.0090954
   0.0119905
      0.0125
      0.0125
      0.0125
      0.0125
      0.0125
      0.0125
      0.0125
      0.0125
      0.0125
      0.0125
      0.0125
      0.0125
      0.0125
      0.0125
      0.0125
      0.0125
      0.0125
      0.0125
      0.0125
      0.0125
      0.0125
      0.0125
      0.0125
   0.0119898
   0.0090948
  0.00611225
   0.0030709
  -0.0427842
  -0.0851538
   -0.126703
   -0.167034
   -0.205759
   -0.242498
   -0.276902
   -0.308643
   -0.337407
   -0.362924
   -0.384945
    -0.40326
    -0.41769
     -0.4281
   -0.434381
   -0.436485
   -0.434381
     -0.4281
    -0.41769
    -0.40326
   -0.384945
   -0.362924
   -0.337407
   -0.308643
   -0.276902
   -0.242498
   -0.205759
   -0.167034
   -0.126703
  -0.0851538
  -0.0427842
   0.0029172
   0.0058063
  0.00863948
   0.0113895
      0.0125
      0.0125
      0.0125
      0.0125
      0.0125
      0.0125
      0.0125
      0.0125
      0.0125
      0.0125
      0.0125
      0.0125
      0.0125
      0.0125
      0.0125
      0.0125
      0.0125
      0.0125
      0.0125
      0.0125
      0.0125
      0.0125
      0.0125
   0.0113886
  0.00863877
  0.00580578
  0.00291692
  -0.0409568
  -0.0815166
   -0.121291
   -0.159899
    -0.19697
    -0.23214
   -0.265074
   -0.295459
   -0.322995
   -0.347422
   -0.368502
   -0.386035
   -0.399849
   -0.409814
   -0.415827
   -0.417841
   -0.415827
   -0.409814
   -0.399849
   -0.386035
   -0.368502
   -0.347422
   -0.322995
   -0.295459
   -0.265074
    -0.23214
    -0.19697
   -0.159899
   -0.121291
  -0.0815166
  -0.0409568
  0.00276706
  0.00550746
  0.00819483
   0.0108033
      0.0125
      0.0125
      0.0125
      0.0125
      0.0125
      0.0125
      0.0125
      0.0125
      0.0125
      0.0125
      0.0125
      0.0125
      0.0125
      0.0125
      0.0125
      0.0125
      0.0125
      0.0125
      0.0125
      0.0125
      0.0125
      0.0125
      0.0125
   0.0108023
    0.008194
  0.00550686
  0.00276674
   -0.039167
  -0.0779543
    -0.11599
   -0.152912
   -0.188363
   -0.221995
    -0.25349
   -0.282548
    -0.30888
    -0.33224
   -0.352399
   -0.369165
   -0.382375
   -0.391905
   -0.397655
   -0.399581
   -0.397655
   -0.391905
   -0.382375
   -0.369165
   -0.352399
    -0.33224
    -0.30888
   -0.282548
    -0.25349
   -0.221995
   -0.188363
   -0.152912
    -0.11599
  -0.0779543
   -0.039167
  0.00262072
  0.00521619
  0.00776143
   0.0102319
      0.0125
      0.0125
      0.0125
      0.0125
      0.0125
      0.0125
      0.0125
      0.0125
      0.0125
      0.0125
      0.0125
      0.0125
      0.0125
      0.0125
      0.0125
      0.0125
      0.0125
      0.0125
      0.0125
      0.0125
      0.0125
      0.0125
      0.0125
   0.0102308
  0.00776052
  0.00521554
  0.00262037
  -0.0374149
  -0.0744671
   -0.110802
   -0.146071
   -0.179936
   -0.212065
   -0.242151
   -0.269908
   -0.295063
   -0.317377
   -0.336634
   -0.352651
    -0.36527
   -0.374374
   -0.379867
   -0.381706
   -0.379867
   -0.374374
    -0.36527
   -0.352651
   -0.336634
   -0.317377
   -0.295063
   -0.269908
   -0.242151
   -0.212065
   -0.179936
   -0.146071
   -0.110802
  -0.0744671
  -0.0374149
  0.00247821
  0.00493253
  0.00733935
  0.00967548
   0.0119184
      0.0125
      0.0125
      0.0125
      0.0125
      0.0125
      0.0125
      0.0125
      0.0125
      0.0125
      0.0125
      0.0125
      0.0125
      0.0125
      0.0125
      0.0125
      0.0125
      0.0125
      0.0125
      0.0125
      0.0125
      0.0125
   0.0119171
  0.00967427
  0.00733835
  0.00493181
  0.00247782
  -0.0357004
  -0.0710548
   -0.105725
   -0.139378
   -0.171691
   -0.202347
   -0.231055
   -0.257541
   -0.281542
   -0.302834
   -0.321209
   -0.336492
   -0.348533
   -0.357219
    -0.36246
   -0.364216
    -0.36246
   -0.357219
   -0.348533
   -0.336492
   -0.321209
   -0.302834
   -0.281542
   -0.257541
   -0.231055
   -0.202347
   -0.171691
   -0.139378
   -0.105725
  -0.0710548
  -0.0357004
  0.00233949
  0.00465643
  0.00692853
  0.00913389
   0.0112513
      0.0125
      0.0125
      0.0125
      0.0125
      0.0125
      0.0125
      0.0125
      0.0125
      0.0125
      0.0125
      0.0125
      0.0125
      0.0125
      0.0125
      0.0125
      0.0125
      0.0125
      0.0125
      0.0125
      0.0125
      0.0125
   0.0112499
  0.00913264
   0.0069275
  0.00465569
  0.00233909
  -0.0340237
  -0.0677176
   -0.100759
   -0.132832
   -0.163627
   -0.192844
   -0.220203
   -0.245445
   -0.268319
   -0.288611
   -0.306123
   -0.320687
   -0.332163
   -0.340441
   -0.345436
   -0.347109
   -0.345436
   -0.340441
   -0.332163
   -0.320687
   -0.306123
   -0.288611
   -0.268319
   -0.245445
   -0.220203
   -0.192844
   -0.163627
   -0.132832
   -0.100759
  -0.0677176
  -0.0340237
   0.0022046
  0.00438793
  0.00652901
   0.0086072
   0.0106025
   0.0124957
      0.0125
      0.0125
      0.0125
      0.0125
      0.0125
      0.0125
      0.0125
      0.0125
      0.0125
      0.0125
      0.0125
      0.0125
      0.0125
      0.0125
      0.0125
      0.0125
      0.0125
      0.0125
      0.0125
   0.0124941
    0.010601
  0.00860592
  0.00652796
  0.00438717
  0.00220418
  -0.0323846
  -0.0644553
  -0.0959049
   -0.126433
   -0.155745
   -0.183553
   -0.209595
    -0.23362
   -0.255393
   -0.274707
   -0.291375
   -0.305238
   -0.316161
   -0.324041
   -0.328795
   -0.330388
   -0.328795
   -0.324041
   -0.316161
   -0.305238
   -0.291375
   -0.274707
   -0.255393
    -0.23362
   -0.209595
   -0.183553
   -0.155745
   -0.126433
  -0.0959049
  -0.0644553
  -0.0323846
  0.00207353
  0.00412706
  0.00614082
  0.00809544
  0.00997211
   0.0117527
      0.0125
      0.0125
      0.0125
      0.0125
      0.0125
      0.0125
      0.0125
      0.0125
      0.0125
      0.0125
      0.0125
      0.0125
      0.0125
      0.0125
      0.0125
      0.0125
      0.0125
      0.0125
      0.0125
   0.0117511
  0.00997061
  0.00809413
  0.00613974
  0.00412627
   0.0020731
  -0.0307832
   -0.061268
  -0.0911625
   -0.120181
   -0.148043
   -0.174477
    -0.19923
   -0.222068
   -0.242764
   -0.261123
   -0.276967
   -0.290145
   -0.300527
   -0.308017
   -0.312536
    -0.31405
   -0.312536
   -0.308017
   -0.300527
   -0.290145
   -0.276967
   -0.261123
   -0.242764
   -0.222068
    -0.19923
   -0.174477
   -0.148043
   -0.120181
  -0.0911625
   -0.061268
  -0.0307832
  0.00194627
  0.00387378
  0.00576395
   0.0075986
  0.00936008
   0.0110314
      0.0125
      0.0125
      0.0125
      0.0125
      0.0125
      0.0125
      0.0125
      0.0125
      0.0125
      0.0125
      0.0125
      0.0125
      0.0125
      0.0125
      0.0125
      0.0125
      0.0125
      0.0125
      0.0125
   0.0110298
  0.00935859
   0.0075973
  0.00576287
  0.00387299
  0.00194585
  -0.0292195
  -0.0581558
  -0.0865316
   -0.114076
   -0.140523
   -0.165614
    -0.18911
   -0.210787
   -0.230432
   -0.247859
   -0.262898
   -0.275406
   -0.285261
   -0.292371
    -0.29666
   -0.298097
    -0.29666
   -0.292371
   -0.285261
   -0.275406
   -0.262898
   -0.247859
   -0.230432
   -0.210787
    -0.18911
   -0.165614
   -0.140523
   -0.114076
  -0.0865316
  -0.0581558
  -0.0292195
  0.00182285
  0.00362811
  0.00539841
  0.00711671
  0.00876646
   0.0103318
   0.0117976
      0.0125
      0.0125
      0.0125
      0.0125
      0.0125
      0.0125
      0.0125
      0.0125
      0.0125
      0.0125
      0.0125
      0.0125
      0.0125
      0.0125
      0.0125
      0.0125
      0.0125
    0.011796
   0.0103302
  0.00876503
  0.00711544
  0.00539737
  0.00362736
  0.00182244
  -0.0276934
  -0.0551185
  -0.0820123
   -0.108118
   -0.133184
   -0.156964
   -0.179233
   -0.199779
   -0.218397
   -0.234914
   -0.249167
   -0.261022
   -0.270363
   -0.277101
   -0.281167
   -0.282528
   -0.281167
   -0.277101
   -0.270363
   -0.261022
   -0.249167
   -0.234914
   -0.218397
   -0.199779
   -0.179233
   -0.156964
   -0.133184
   -0.108118
  -0.0820123
  -0.0551185
  -0.0276934
  0.00170325
  0.00339007
  0.00504422
  0.00664977
  0.00819127
  0.00965388
   0.0110235
    0.012287
      0.0125
      0.0125
      0.0125
      0.0125
      0.0125
      0.0125
      0.0125
      0.0125
      0.0125
      0.0125
      0.0125
      0.0125
      0.0125
      0.0125
      0.0125
   0.0122855
    0.011022
  0.00965243
  0.00818993
  0.00664858
  0.00504323
  0.00338936
  0.00170287
  -0.0262051
  -0.0521562
  -0.0776047
   -0.102307
   -0.126026
   -0.148528
     -0.1696
   -0.189042
    -0.20666
   -0.222289
   -0.235776
   -0.246994
   -0.255832
   -0.262209
   -0.266056
   -0.267344
   -0.266056
   -0.262209
   -0.255832
   -0.246994
   -0.235776
   -0.222289
    -0.20666
   -0.189042
     -0.1696
   -0.148528
   -0.126026
   -0.102307
  -0.0776047
  -0.0521562
  -0.0262051
  0.00158749
  0.00315967
  0.00470139
  0.00619783
  0.00763456
  0.00899775
   0.0102743
   0.0114518
      0.0125
      0.0125
      0.0125
      0.0125
      0.0125
      0.0125
      0.0125
      0.0125
      0.0125
      0.0125
      0.0125
      0.0125
      0.0125
      0.0125
      0.0125
   0.0114505
   0.0102729
  0.00899639
  0.00763329
  0.00619671
  0.00470048
  0.00315901
  0.00158713
  -0.0247544
  -0.0492689
  -0.0733086
  -0.0966437
   -0.119049
   -0.140306
   -0.160212
   -0.178577
   -0.195219
   -0.209983
   -0.222724
   -0.233321
    -0.24167
   -0.247693
   -0.251327
   -0.252544
   -0.251327
   -0.247693
    -0.24167
   -0.233321
   -0.222724
   -0.209983
   -0.195219
   -0.178577
   -0.160212
   -0.140306
   -0.119049
  -0.0966437
  -0.0733086
  -0.0492689
  -0.0247544
  0.00147558
  0.00293692
  0.00436995
  0.00576088
  0.00709631
  0.00836337
  0.00954989
   0.0106444
   0.0116365
      0.0125
      0.0125
      0.0125
      0.0125
      0.0125
      0.0125
      0.0125
      0.0125
      0.0125
      0.0125
      0.0125
      0.0125
      0.0125
   0.0116353
   0.0106432
  0.00954863
  0.00836215
  0.00709515
  0.00575985
   0.0043691
   0.0029363
  0.00147525
  -0.0233414
  -0.0464566
  -0.0691241
  -0.0911272
   -0.112254
   -0.132297
   -0.151067
   -0.168383
   -0.184076
   -0.197997
   -0.210011
   -0.220003
   -0.227875
   -0.233555
   -0.236981
   -0.238129
   -0.236981
   -0.233555
   -0.227875
   -0.220003
   -0.210011
   -0.197997
   -0.184076
   -0.168383
   -0.151067
   -0.132297
   -0.112254
  -0.0911272
  -0.0691241
  -0.0464566
  -0.0233414
   0.0013675
   0.0027218
  0.00404987
  0.00533891
  0.00657653
   0.0077508
  0.00885039
  0.00986476
   0.0107841
   0.0115996
   0.0123034
      0.0125
      0.0125
      0.0125
      0.0125
      0.0125
      0.0125
      0.0125
      0.0125
      0.0125
   0.0123025
   0.0115986
    0.010783
  0.00986364
  0.00884927
  0.00774969
  0.00657551
    0.005338
  0.00404911
  0.00272125
   0.0013672
  -0.0219661
  -0.0437193
  -0.0650512
  -0.0857578
    -0.10564
   -0.124502
   -0.142166
   -0.158462
    -0.17323
   -0.186331
   -0.197637
    -0.20704
   -0.214448
   -0.219793
   -0.223018
   -0.224098
   -0.223018
   -0.219793
   -0.214448
    -0.20704
   -0.197637
   -0.186331
    -0.17323
   -0.158462
   -0.142166
   -0.124502
    -0.10564
  -0.0857578
  -0.0650512
  -0.0437193
  -0.0219661
  0.00126326
  0.00251434
  0.00374118
  0.00493197
  0.00607525
     0.00716
  0.00817579
  0.00911283
   0.0099621
   0.0107154
   0.0113655
   0.0119062
   0.0123322
      0.0125
      0.0125
      0.0125
      0.0125
      0.0125
   0.0123317
   0.0119055
   0.0113648
   0.0107145
  0.00996114
  0.00911184
  0.00817478
  0.00715903
  0.00607433
  0.00493116
  0.00374051
  0.00251385
    0.001263
  -0.0206285
   -0.041057
  -0.0610898
  -0.0805356
  -0.0992068
   -0.116921
   -0.133508
   -0.148812
   -0.162681
   -0.174984
   -0.185601
   -0.194432
   -0.201389
   -0.206409
   -0.209437
   -0.210451
   -0.209437
   -0.206409
   -0.201389
   -0.194432
   -0.185601
   -0.174984
   -0.162681
   -0.148812
   -0.133508
   -0.116921
  -0.0992068
  -0.0805356
  -0.0610898
   -0.041057
  -0.0206285
  0.00116287
  0.00231452
  0.00344386
  0.00454002
  0.00559245
    0.006591
  0.00752606
  0.00838863
   0.0091704
  0.00986385
   0.0104623
     0.01096
   0.0113521
   0.0116349
   0.0118057
   0.0118627
   0.0118055
   0.0116346
   0.0113517
   0.0109594
   0.0104616
  0.00986308
  0.00916957
  0.00838775
  0.00752517
  0.00659014
  0.00559164
  0.00453931
  0.00344327
  0.00231409
  0.00116264
  -0.0193285
  -0.0384697
  -0.0572401
  -0.0754604
   -0.092955
   -0.109552
   -0.125095
   -0.139435
   -0.152429
   -0.163957
   -0.173905
   -0.182179
   -0.188698
   -0.193401
   -0.196239
   -0.197189
   -0.196239
   -0.193401
   -0.188698
   -0.182179
   -0.173905
   -0.163957
   -0.152429
   -0.139435
   -0.125095
   -0.109552
   -0.092955
  -0.0754604
  -0.0572401
  -0.0384697
  -0.0193285
  0.00106632
  0.00212235
  0.00315792
  0.00416307
  0.00512811
  0.00604375
  0.00690118
  0.00769212
  0.00840898
  0.00904486
  0.00959362
     0.01005
   0.0104095
   0.0106689
   0.0108254
   0.0108777
   0.0108253
   0.0106686
   0.0104092
   0.0100495
    0.009593
  0.00904417
  0.00840823
  0.00769133
  0.00690037
  0.00604296
  0.00512737
  0.00416241
  0.00315738
  0.00212196
  0.00106611
  -0.0180662
  -0.0359573
   -0.053502
  -0.0705323
  -0.0868845
   -0.102398
   -0.116925
   -0.130329
   -0.142475
    -0.15325
   -0.162548
   -0.170282
   -0.176375
   -0.180771
   -0.183423
   -0.184312
   -0.183423
   -0.180771
   -0.176375
   -0.170282
   -0.162548
    -0.15325
   -0.142475
   -0.130329
   -0.116925
   -0.102398
  -0.0868845
  -0.0705323
   -0.053502
  -0.0359573
  -0.0180662
 0.000973595
   0.0019378
  0.00288332
  0.00380107
  0.00468219
  0.00551821
  0.00630108
  0.00702326
  0.00767778
  0.00825836
   0.0087594
  0.00917608
  0.00950439
  0.00974117
  0.00988412
  0.00993188
  0.00988399
  0.00974091
  0.00950402
  0.00917562
  0.00875885
  0.00825773
   0.0076771
  0.00702254
  0.00630035
  0.00551751
  0.00468154
  0.00380048
  0.00288284
  0.00193745
 0.000973406
  -0.0168416
    -0.03352
  -0.0498754
  -0.0657514
  -0.0809951
   -0.095457
      -0.109
   -0.121494
   -0.132817
   -0.142862
    -0.15153
   -0.158739
    -0.16442
   -0.168518
    -0.17099
   -0.171818
    -0.17099
   -0.168518
    -0.16442
   -0.158739
    -0.15153
   -0.142862
   -0.132817
   -0.121494
      -0.109
   -0.095457
  -0.0809951
  -0.0657514
  -0.0498754
    -0.03352
  -0.0168416
 0.000884701
  0.00176087
  0.00262006
  0.00345401
  0.00425469
  0.00501437
  0.00572575
  0.00638198
  0.00697675
  0.00750432
  0.00795961
  0.00833824
  0.00863656
  0.00885171
  0.00898161
  0.00902501
   0.0089815
   0.0088515
  0.00863624
  0.00833782
  0.00795909
  0.00750374
  0.00697613
  0.00638133
  0.00572509
  0.00501372
  0.00425407
  0.00345347
  0.00261961
  0.00176055
 0.000884527
  -0.0156547
  -0.0311577
  -0.0463604
  -0.0611175
  -0.0752869
  -0.0887297
   -0.101318
   -0.112932
   -0.123457
   -0.132793
   -0.140851
   -0.147552
   -0.152832
   -0.156641
   -0.158939
   -0.159709
   -0.158939
   -0.156641
   -0.152832
   -0.147552
   -0.140851
   -0.132793
   -0.123457
   -0.112932
   -0.101318
  -0.0887297
  -0.0752869
  -0.0611175
  -0.0463604
  -0.0311577
  -0.0156547
 0.000799626
  0.00159154
   0.0023681
  0.00312185
  0.00384553
  0.00453216
  0.00517514
  0.00576826
  0.00630582
  0.00678266
  0.00719418
   0.0075364
  0.00780604
   0.0080005
  0.00811791
  0.00815713
   0.0081178
  0.00800029
  0.00780572
  0.00753599
   0.0071937
  0.00678214
  0.00630526
  0.00576765
  0.00517452
  0.00453156
  0.00384497
  0.00312136
  0.00236769
  0.00159124
 0.000799462
  -0.0145055
  -0.0288703
   -0.042957
  -0.0566308
    -0.06976
  -0.0822159
    -0.09388
   -0.104641
   -0.114394
   -0.123045
   -0.130511
    -0.13672
   -0.141613
   -0.145142
   -0.147271
   -0.147985
   -0.147271
   -0.145142
   -0.141613
    -0.13672
   -0.130511
   -0.123045
   -0.114394
   -0.104641
    -0.09388
  -0.0822159
    -0.06976
  -0.0566308
   -0.042957
  -0.0288703
  -0.0145055
 0.000718362
  0.00142979
  0.00212744
  0.00280459
  0.00345472
  0.00407157
   0.0046492
  0.00518205
  0.00566498
  0.00609336
  0.00646304
  0.00677049
  0.00701273
  0.00718743
   0.0072929
  0.00732814
  0.00729279
  0.00718722
  0.00701242
  0.00677011
   0.0064626
  0.00609286
  0.00566444
  0.00518149
  0.00464863
  0.00407102
   0.0034542
  0.00280413
  0.00212706
  0.00142952
 0.000718212
  -0.0133939
   -0.026658
  -0.0396652
  -0.0522912
  -0.0644143
  -0.0759157
   -0.086686
  -0.0966228
   -0.105628
   -0.113616
    -0.12051
   -0.126243
   -0.130761
    -0.13402
   -0.135986
   -0.136645
   -0.135986
    -0.13402
   -0.130761
   -0.126243
    -0.12051
   -0.113616
   -0.105628
  -0.0966228
   -0.086686
  -0.0759157
  -0.0644143
  -0.0522912
  -0.0396652
   -0.026658
  -0.0133939
 0.000640909
  0.00127563
  0.00189806
   0.0025022
  0.00308223
  0.00363257
  0.00414792
  0.00462331
  0.00505418
  0.00543636
  0.00576619
  0.00604047
  0.00625658
  0.00641244
  0.00650654
  0.00653797
  0.00650643
  0.00641224
  0.00625631
  0.00604012
  0.00576577
  0.00543589
  0.00505367
  0.00462278
  0.00414738
  0.00363205
  0.00308174
  0.00250177
   0.0018977
  0.00127537
 0.000640768
    -0.01232
  -0.0245207
   -0.036485
  -0.0480986
  -0.0592498
   -0.069829
  -0.0797358
  -0.0888759
  -0.0971588
   -0.104507
   -0.110848
   -0.116121
   -0.120277
   -0.123274
   -0.125083
   -0.125689
   -0.125083
   -0.123274
   -0.120277
   -0.116121
   -0.110848
   -0.104507
  -0.0971588
  -0.0888759
  -0.0797358
   -0.069829
  -0.0592498
  -0.0480986
   -0.036485
  -0.0245207
    -0.01232
  0.00056726
  0.00112905
  0.00167995
  0.00221466
  0.00272804
  0.00321514
  0.00367126
  0.00409202
  0.00447337
  0.00481163
  0.00510354
  0.00534631
  0.00553758
  0.00567552
  0.00575881
  0.00578663
  0.00575872
  0.00567535
  0.00553732
  0.00534598
  0.00510315
  0.00481118
  0.00447289
  0.00409152
  0.00367075
  0.00321464
  0.00272758
  0.00221425
  0.00167961
   0.0011288
 0.000567126
  -0.0112838
  -0.0224583
  -0.0334163
  -0.0440532
  -0.0542665
  -0.0639559
  -0.0730295
  -0.0814008
  -0.0889871
  -0.0957169
   -0.101525
   -0.106355
   -0.110161
   -0.112906
   -0.114563
   -0.115118
   -0.114563
   -0.112906
   -0.110161
   -0.106355
   -0.101525
  -0.0957169
  -0.0889871
  -0.0814008
  -0.0730295
  -0.0639559
  -0.0542665
  -0.0440532
  -0.0334163
  -0.0224583
  -0.0112838
 0.000497412
 0.000990023
  0.00147309
  0.00194196
  0.00239212
  0.00281923
  0.00321919
  0.00358814
  0.00392252
  0.00421913
  0.00447509
  0.00468796
  0.00485567
  0.00497663
  0.00504965
  0.00507404
  0.00504956
  0.00497646
  0.00485543
  0.00468764
  0.00447471
   0.0042187
  0.00392206
  0.00358766
   0.0032187
  0.00281876
  0.00239167
  0.00194156
  0.00147276
 0.000989784
 0.000497283
  -0.0102853
  -0.0204709
  -0.0304593
  -0.0401549
  -0.0494644
  -0.0582964
   -0.066567
  -0.0741976
  -0.0811125
  -0.0872468
  -0.0925405
  -0.0969434
   -0.100412
   -0.102915
   -0.104425
   -0.104931
   -0.104425
   -0.102915
   -0.100412
  -0.0969434
  -0.0925405
  -0.0872468
  -0.0811125
  -0.0741976
   -0.066567
  -0.0582964
  -0.0494644
  -0.0401549
  -0.0304593
  -0.0204709
  -0.0102853
 0.000431359
 0.000858554
  0.00127747
  0.00168407
  0.00207445
  0.00244485
  0.00279169
  0.00311163
  0.00340161
  0.00365882
  0.00388079
  0.00406538
  0.00421082
   0.0043157
  0.00437902
  0.00440017
  0.00437894
  0.00431555
  0.00421059
  0.00406508
  0.00388042
  0.00365841
  0.00340116
  0.00311116
  0.00279121
  0.00244438
  0.00207402
  0.00168369
  0.00127715
 0.000858324
 0.000431235
 -0.00932448
  -0.0185586
  -0.0276138
  -0.0364037
  -0.0448435
  -0.0528504
  -0.0603484
  -0.0672662
  -0.0735351
  -0.0790963
  -0.0838955
  -0.0878871
  -0.0910321
  -0.0933009
  -0.0946698
  -0.0951283
  -0.0946698
  -0.0933009
  -0.0910321
  -0.0878871
  -0.0838955
  -0.0790963
  -0.0735351
  -0.0672662
  -0.0603484
  -0.0528504
  -0.0448435
  -0.0364037
  -0.0276138
  -0.0185586
 -0.00932448
 0.000369097
  0.00073463
  0.00109308
  0.00144099
  0.00177502
  0.00209195
  0.00238872
  0.00266248
   0.0029106
  0.00313067
   0.0033206
  0.00347854
  0.00360298
  0.00369272
  0.00374689
  0.00376499
  0.00374682
  0.00369257
  0.00360275
  0.00347824
  0.00332025
  0.00313028
  0.00291016
  0.00266203
  0.00238826
   0.0020915
   0.0017746
  0.00144062
  0.00109277
 0.000734409
 0.000368978
 -0.00840132
  -0.0167212
    -0.02488
  -0.0327996
  -0.0404038
   -0.047618
  -0.0543737
  -0.0606066
  -0.0662549
  -0.0712655
  -0.0755896
   -0.079186
  -0.0820195
  -0.0840637
  -0.0852971
  -0.0857102
  -0.0852971
  -0.0840637
  -0.0820195
   -0.079186
  -0.0755896
  -0.0712655
  -0.0662549
  -0.0606066
  -0.0543737
   -0.047618
  -0.0404038
  -0.0327996
    -0.02488
  -0.0167212
 -0.00840132
 0.000310624
 0.000618247
 0.000919907
   0.0012127
  0.00149381
  0.00176052
  0.00201027
  0.00224065
  0.00244945
  0.00263466
  0.00279449
   0.0029274
  0.00303212
  0.00310763
  0.00315322
  0.00316844
  0.00315314
  0.00310748
  0.00303189
  0.00292711
  0.00279414
  0.00263427
  0.00244903
  0.00224021
  0.00200983
  0.00176009
   0.0014934
  0.00121234
 0.000919612
 0.000618033
 0.000310509
 -0.00751584
  -0.0149588
  -0.0222577
  -0.0293426
  -0.0361453
  -0.0425992
  -0.0486429
  -0.0542188
  -0.0592718
  -0.0637543
  -0.0676226
    -0.07084
  -0.0733749
  -0.0752036
   -0.076307
  -0.0766766
   -0.076307
  -0.0752036
  -0.0733749
    -0.07084
  -0.0676226
  -0.0637543
  -0.0592718
  -0.0542188
  -0.0486429
  -0.0425992
  -0.0361453
  -0.0293426
  -0.0222577
  -0.0149588
 -0.00751584
 0.000255934
 0.000509395
 0.000757941
  0.00099918
  0.00123079
  0.00145054
  0.00165631
  0.00184613
  0.00201816
  0.00217074
  0.00230242
  0.00241193
   0.0024982
  0.00256041
  0.00259797
   0.0026105
  0.00259789
  0.00256026
  0.00249798
  0.00241165
  0.00230209
  0.00217037
  0.00201775
   0.0018457
  0.00165588
  0.00145012
   0.0012304
 0.000998833
 0.000757655
 0.000509188
 0.000255823
 -0.00666804
  -0.0132715
   -0.019747
  -0.0260327
  -0.0320681
   -0.037794
  -0.0431559
  -0.0481028
  -0.0525858
  -0.0565627
  -0.0599947
  -0.0628491
  -0.0650981
  -0.0667205
  -0.0676995
  -0.0680273
  -0.0676995
  -0.0667205
  -0.0650981
  -0.0628491
  -0.0599947
  -0.0565627
  -0.0525858
  -0.0481028
  -0.0431559
   -0.037794
  -0.0320681
  -0.0260327
   -0.019747
  -0.0132715
 -0.00666804
 0.000205026
 0.000408068
 0.000607171
  0.00080042
 0.000985953
  0.00116198
  0.00132682
  0.00147887
  0.00161667
   0.0017389
  0.00184438
  0.00193209
  0.00200119
  0.00205102
   0.0020811
  0.00209113
  0.00208102
  0.00205088
  0.00200098
  0.00193182
  0.00184405
  0.00173853
  0.00161627
  0.00147845
   0.0013264
  0.00116158
 0.000985572
 0.000800083
 0.000606894
 0.000407866
 0.000204917
 -0.00585792
  -0.0116591
  -0.0173479
  -0.0228699
  -0.0281721
  -0.0332023
  -0.0379127
  -0.0422587
   -0.046197
  -0.0496907
  -0.0527058
  -0.0552134
  -0.0571891
  -0.0586145
  -0.0594745
  -0.0597625
  -0.0594745
  -0.0586145
  -0.0571891
  -0.0552134
  -0.0527058
  -0.0496907
   -0.046197
  -0.0422587
  -0.0379127
  -0.0332023
  -0.0281721
  -0.0228699
  -0.0173479
  -0.0116591
 -0.00585792
 0.000157894
 0.000314258
 0.000467588
 0.000616407
 0.000759283
  0.00089484
  0.00102177
  0.00113886
  0.00124497
  0.00133909
  0.00142031
  0.00148785
  0.00154106
  0.00157942
  0.00160257
  0.00161029
   0.0016025
  0.00157928
  0.00154085
  0.00148759
     0.00142
  0.00133874
  0.00124459
  0.00113846
  0.00102137
 0.000894445
 0.000758913
  0.00061608
 0.000467319
 0.000314063
 0.000157788
 -0.00508548
  -0.0101217
  -0.0150603
  -0.0198542
  -0.0244572
  -0.0288241
  -0.0329135
  -0.0366864
  -0.0401054
  -0.0431384
  -0.0457559
  -0.0479328
  -0.0496481
  -0.0508854
   -0.051632
  -0.0518821
   -0.051632
  -0.0508854
  -0.0496481
  -0.0479328
  -0.0457559
  -0.0431384
  -0.0401054
  -0.0366864
  -0.0329135
  -0.0288241
  -0.0244572
  -0.0198542
  -0.0150603
  -0.0101217
 -0.00508548
 0.000114535
 0.000227958
 0.000339179
 0.000447125
 0.000550759
 0.000649082
 0.000741147
  0.00082607
 0.000903031
 0.000971293
   0.0010302
  0.00107917
  0.00111776
  0.00114558
  0.00116236
  0.00116795
  0.00116229
  0.00114544
  0.00111756
  0.00107892
  0.00102989
 0.000970949
 0.000902659
  0.00082568
 0.000740753
 0.000648698
 0.000550401
 0.000446808
 0.000338917
 0.000227769
 0.000114433
 -0.00435073
 -0.00865928
  -0.0128844
  -0.0169857
  -0.0209236
  -0.0246596
  -0.0281581
  -0.0313859
  -0.0343109
  -0.0369057
   -0.039145
  -0.0410074
  -0.0424748
  -0.0435334
  -0.0441722
  -0.0443861
  -0.0441722
  -0.0435334
  -0.0424748
  -0.0410074
   -0.039145
  -0.0369057
  -0.0343109
  -0.0313859
  -0.0281581
  -0.0246596
  -0.0209236
  -0.0169857
  -0.0128844
 -0.00865928
 -0.00435073
 7.49455e-05
 0.000149161
 0.000221933
  0.00029256
 0.000360363
 0.000424689
 0.000484919
 0.000540473
 0.000590818
 0.000635469
 0.000673996
 0.000706029
 0.000731261
 0.000749448
 0.000760417
 0.000764063
 0.000760351
 0.000749317
 0.000731069
 0.000705782
 0.000673701
 0.000635135
 0.000590456
 0.000540095
 0.000484536
 0.000424316
 0.000360015
 0.000292252
 0.000221679
 0.000148977
 7.48464e-05
 -0.00365365
 -0.00727188
    -0.01082
  -0.0142642
  -0.0175712
  -0.0207086
  -0.0236466
  -0.0263572
  -0.0288136
  -0.0309926
  -0.0328731
  -0.0344372
  -0.0356695
  -0.0365585
  -0.0370948
  -0.0372745
  -0.0370948
  -0.0365585
  -0.0356695
  -0.0344372
  -0.0328731
  -0.0309926
  -0.0288136
  -0.0263572
  -0.0236466
  -0.0207086
  -0.0175712
  -0.0142642
    -0.01082
 -0.00727188
 -0.00365365
 3.91214e-05
 7.78583e-05
 0.000115838
 0.000152695
 0.000188076
 0.000221638
  0.00025306
  0.00028204
   0.0003083
 0.000331585
 0.000351675
 0.000368374
 0.000381524
 0.000390998
 0.000396705
 0.000398592
  0.00039664
  0.00039087
 0.000381337
 0.000368134
 0.000351388
 0.000331261
 0.000307948
 0.000281672
 0.000252689
 0.000221276
 0.000187738
 0.000152396
 0.000115592
   7.768e-05
 3.90253e-05
 -0.00299425
 -0.00595948
 -0.00886728
  -0.0116898
     -0.0144
  -0.0169712
  -0.0193789
  -0.0216003
  -0.0236134
  -0.0253992
  -0.0269403
  -0.0282221
   -0.029232
  -0.0299605
  -0.0304001
  -0.0305473
  -0.0304001
  -0.0299605
   -0.029232
  -0.0282221
  -0.0269403
  -0.0253992
  -0.0236134
  -0.0216003
  -0.0193789
  -0.0169712
     -0.0144
  -0.0116898
 -0.00886728
 -0.00595948
 -0.00299425
 7.05827e-06
 1.40411e-05
 2.08817e-05
 2.75144e-05
 3.38758e-05
 3.99048e-05
 4.55439e-05
 5.07395e-05
 5.54417e-05
 5.96062e-05
 6.31932e-05
 6.61689e-05
 6.85053e-05
 7.01804e-05
 7.11787e-05
 7.14914e-05
  7.1116e-05
 7.00568e-05
 6.83244e-05
 6.59361e-05
 6.29153e-05
 5.92917e-05
 5.51006e-05
 5.03827e-05
 4.51837e-05
 3.95541e-05
 3.35483e-05
 2.72243e-05
 2.06431e-05
 1.38684e-05
 6.96521e-06
 -0.00237253
 -0.00472206
  -0.0070261
  -0.0092626
    -0.01141
  -0.0134473
  -0.0153551
  -0.0171153
  -0.0187104
  -0.0201254
  -0.0213465
  -0.0223621
  -0.0231623
  -0.0237396
  -0.0240879
  -0.0242045
  -0.0240879
  -0.0237396
  -0.0231623
  -0.0223621
  -0.0213465
  -0.0201254
  -0.0187104
  -0.0171153
  -0.0153551
  -0.0134473
    -0.01141
  -0.0092626
  -0.0070261
 -0.00472206
 -0.00237253
-2.12486e-05
-4.22996e-05
-6.29502e-05
 -8.3001e-05
-0.000102259
-0.000120537
-0.000137661
-0.000153463
-0.000167792
-0.000180508
 -0.00019149
 -0.00020063
 -0.00020784
 -0.00021305
-0.000216208
-0.000217285
-0.000216269
-0.000213169
-0.000208015
-0.000200855
-0.000191759
-0.000180813
-0.000168122
-0.000153808
-0.000138009
-0.000120876
-0.000102575
-8.32816e-05
-6.31809e-05
-4.24667e-05
-2.13385e-05
 -0.00178849
 -0.00355965
  -0.0052965
 -0.00698245
 -0.00860125
   -0.010137
  -0.0115752
  -0.0129021
  -0.0141045
  -0.0151712
  -0.0160917
  -0.0168573
  -0.0174605
  -0.0178957
  -0.0181582
  -0.0182462
  -0.0181582
  -0.0178957
  -0.0174605
  -0.0168573
  -0.0160917
  -0.0151712
  -0.0141045
  -0.0129021
  -0.0115752
   -0.010137
 -0.00860125
 -0.00698245
  -0.0052965
 -0.00355965
 -0.00178849
-4.58041e-05
-9.11739e-05
-0.000135672
 -0.00017887
-0.000220352
-0.000259717
-0.000296585
-0.000330603
 -0.00036144
  -0.0003888
-0.000412419
-0.000432069
 -0.00044756
-0.000458742
-0.000465507
-0.000467789
-0.000465566
-0.000458858
-0.000447729
-0.000432287
-0.000412679
-0.000389094
-0.000361758
-0.000330935
-0.000296921
-0.000260044
-0.000220657
-0.000179141
-0.000135895
-9.13349e-05
-4.58908e-05
 -0.00124213
 -0.00247223
  -0.0036785
 -0.00484941
 -0.00597369
 -0.00704031
 -0.00803914
 -0.00896066
 -0.00979576
  -0.0105366
  -0.0111759
  -0.0117076
  -0.0121266
  -0.0124288
  -0.0126112
  -0.0126722
  -0.0126112
  -0.0124288
  -0.0121266
  -0.0117076
  -0.0111759
  -0.0105366
 -0.00979576
 -0.00896066
 -0.00803914
 -0.00704031
 -0.00597369
 -0.00484941
  -0.0036785
 -0.00247223
 -0.00124213
-6.66138e-05
-0.000132593
-0.000197301
-0.000260115
-0.000320429
-0.000377664
-0.000431265
-0.000480719
-0.000525546
-0.000565316
-0.000599645
-0.000628201
-0.000650709
-0.000666952
-0.000676772
-0.000680075
-0.000676828
-0.000667062
-0.000650871
-0.000628409
-0.000599894
-0.000565598
-0.000525852
-0.000481038
-0.000431588
-0.000377977
-0.000320722
-0.000260374
-0.000197514
-0.000132747
 -6.6697e-05
-0.000733453
  -0.0014598
 -0.00217207
 -0.00286348
 -0.00352734
 -0.00415716
 -0.00474694
 -0.00529108
 -0.00578419
 -0.00622163
 -0.00659913
 -0.00691311
 -0.00716048
 -0.00733895
 -0.00744662
 -0.00748269
 -0.00744662
 -0.00733895
 -0.00716048
 -0.00691311
 -0.00659913
 -0.00622163
 -0.00578419
 -0.00529108
 -0.00474694
 -0.00415716
 -0.00352734
 -0.00286348
 -0.00217207
  -0.0014598
-0.000733453
-8.36837e-05
-0.000166568
-0.000247853
-0.000326758
 -0.00040252
-0.000474412
-0.000541739
-0.000603854
-0.000660157
-0.000710105
-0.000753218
-0.000789079
-0.000817343
-0.000837736
-0.000850063
-0.000854202
-0.000850116
-0.000837842
-0.000817498
-0.000789278
-0.000753456
-0.000710374
-0.000660448
-0.000604158
-0.000542047
-0.000474711
  -0.0004028
-0.000327005
-0.000248056
-0.000166715
-8.37629e-05
-0.000262454
-0.000522365
-0.000777241
 -0.00102465
  -0.0012622
 -0.00148757
 -0.00169862
 -0.00189333
 -0.00206978
 -0.00222631
 -0.00236139
 -0.00247374
 -0.00256226
 -0.00262612
 -0.00266465
 -0.00267756
 -0.00266465
 -0.00262612
 -0.00256226
 -0.00247374
 -0.00236139
 -0.00222631
 -0.00206978
 -0.00189333
 -0.00169862
 -0.00148757
  -0.0012622
 -0.00102465
-0.000777241
-0.000522365
-0.000262454
  -9.702e-05
-0.000193111
-0.000287349
-0.000378824
-0.000466656
-0.000549998
-0.000628049
-0.000700055
-0.000765322
-0.000823222
-0.000873198
-0.000914766
-0.000947526
-0.000971162
-0.000985446
-0.000990239
-0.000985496
-0.000971262
-0.000947672
-0.000914954
-0.000873423
-0.000823477
-0.000765598
-0.000700343
 -0.00062834
-0.000550281
 -0.00046692
-0.000379058
-0.000287541
 -0.00019325
-9.70949e-05
 0.000170865
 0.000340074
 0.000506006
 0.000667074
 0.000821728
  0.00096845
  0.00110585
  0.00123261
  0.00134748
  0.00144939
  0.00153733
  0.00161047
   0.0016681
  0.00170968
  0.00173476
  0.00174316
  0.00173476
  0.00170968
   0.0016681
  0.00161047
  0.00153733
  0.00144939
  0.00134748
  0.00123261
  0.00110585
  0.00096845
 0.000821728
 0.000667074
 0.000506006
 0.000340074
 0.000170865
 -0.00010663
-0.000212239
-0.000315808
-0.000416341
-0.000512869
-0.000604463
 -0.00069024
-0.000769373
  -0.0008411
-0.000904729
-0.000959648
 -0.00100533
 -0.00104133
  -0.0010673
 -0.00108299
 -0.00108825
 -0.00108304
 -0.00106739
 -0.00104146
  -0.0010055
-0.000959859
-0.000904966
-0.000841357
-0.000769642
-0.000690511
-0.000604727
-0.000513116
-0.000416559
-0.000315987
-0.000212368
  -0.0001067
 0.000566504
  0.00112752
  0.00167767
  0.00221169
  0.00272444
   0.0032109
  0.00366644
  0.00408672
  0.00446759
  0.00480546
  0.00509703
  0.00533954
  0.00553061
  0.00566845
  0.00575162
  0.00577947
  0.00575162
  0.00566845
  0.00553061
  0.00533954
  0.00509703
  0.00480546
  0.00446759
  0.00408672
  0.00366644
   0.0032109
  0.00272444
  0.00221169
  0.00167767
  0.00112752
 0.000566504
-0.000112521
-0.000223964
-0.000333254
 -0.00043934
-0.000541199
 -0.00063785
-0.000728362
-0.000811863
-0.000887549
-0.000954689
 -0.00101264
 -0.00106084
 -0.00109882
 -0.00112622
 -0.00114278
 -0.00114833
 -0.00114282
 -0.00112631
 -0.00109895
   -0.001061
 -0.00101283
-0.000954908
-0.000887786
-0.000812111
-0.000728613
-0.000638094
-0.000541427
-0.000439542
 -0.00033342
-0.000224084
-0.000112586
 0.000924463
  0.00183997
  0.00273774
   0.0036092
  0.00444595
  0.00523979
  0.00598317
  0.00666902
  0.00729055
   0.0078419
  0.00831772
  0.00871346
  0.00902526
   0.0092502
  0.00938592
  0.00943137
  0.00938592
   0.0092502
  0.00902526
  0.00871346
  0.00831772
   0.0078419
  0.00729055
  0.00666902
  0.00598317
  0.00523979
  0.00444595
   0.0036092
  0.00273774
  0.00183997
 0.000924463
-0.000114703
-0.000228305
-0.000339714
-0.000447854
-0.000551686
-0.000650208
-0.000742472
-0.000827589
-0.000904738
-0.000973177
 -0.00103225
 -0.00108138
 -0.00112009
 -0.00114802
  -0.0011649
 -0.00117055
 -0.00116494
  -0.0011481
 -0.00112021
 -0.00108152
 -0.00103242
-0.000973376
-0.000904954
-0.000827814
  -0.0007427
 -0.00065043
-0.000551893
-0.000448038
-0.000339864
-0.000228415
-0.000114762
  0.00124474
  0.00247742
  0.00368623
   0.0048596
  0.00598624
  0.00705511
  0.00805603
  0.00897949
  0.00981635
   0.0105587
   0.0111994
   0.0117322
   0.0121521
   0.0124549
   0.0126377
   0.0126989
   0.0126377
   0.0124549
   0.0121521
   0.0117322
   0.0111994
   0.0105587
  0.00981635
  0.00897949
  0.00805603
  0.00705511
  0.00598624
   0.0048596
  0.00368623
  0.00247742
  0.00124474
-0.000113184
-0.000225281
-0.000335213
-0.000441921
-0.000544375
-0.000641591
-0.000732631
-0.000816618
-0.000892743
-0.000960273
 -0.00101856
 -0.00106703
 -0.00110523
 -0.00113279
 -0.00114944
 -0.00115502
 -0.00114947
 -0.00113286
 -0.00110534
 -0.00106716
 -0.00101871
 -0.00096045
-0.000892935
-0.000816819
-0.000732834
-0.000641789
 -0.00054456
-0.000442084
-0.000335348
-0.000225379
-0.000113236
  0.00152734
  0.00303988
  0.00452313
   0.0059629
  0.00734533
  0.00865686
  0.00988503
   0.0110181
    0.012045
   0.0129559
    0.013742
   0.0143958
    0.014911
   0.0152826
   0.0155068
   0.0155819
   0.0155068
   0.0152826
    0.014911
   0.0143958
    0.013742
   0.0129559
    0.012045
   0.0110181
  0.00988503
  0.00865686
  0.00734533
   0.0059629
  0.00452313
  0.00303988
  0.00152734
-0.000107975
-0.000214913
-0.000319785
 -0.00042158
-0.000519319
-0.000612059
-0.000698907
-0.000779026
-0.000851646
-0.000916066
-0.000971665
 -0.00101791
 -0.00105435
 -0.00108064
 -0.00109652
 -0.00110184
 -0.00109655
  -0.0010807
 -0.00105444
 -0.00101802
-0.000971801
-0.000916221
-0.000851813
-0.000779202
-0.000699084
-0.000612231
 -0.00051948
-0.000421723
-0.000319902
-0.000214998
 -0.00010802
  0.00177226
  0.00352735
  0.00524844
  0.00691909
   0.0085232
    0.010045
   0.0114702
    0.012785
   0.0139765
   0.0150335
   0.0159457
   0.0167043
   0.0173021
   0.0177333
   0.0179935
   0.0180806
   0.0179935
   0.0177333
   0.0173021
   0.0167043
   0.0159457
   0.0150335
   0.0139765
    0.012785
   0.0114702
    0.010045
   0.0085232
  0.00691909
  0.00524844
  0.00352735
  0.00177226
-9.90877e-05
-0.000197224
-0.000293464
 -0.00038688
-0.000476573
-0.000561678
-0.000641377
-0.000714901
-0.000781542
-0.000840657
-0.000891679
-0.000934113
-0.000967553
-0.000991675
 -0.00100625
 -0.00101113
 -0.00100627
-0.000991726
-0.000967628
 -0.00093421
-0.000891793
-0.000840787
-0.000781682
-0.000715048
-0.000641526
-0.000561823
-0.000476708
   -0.000387
-0.000293562
-0.000197295
-9.91262e-05
   0.0019795
  0.00393982
  0.00586217
  0.00772817
  0.00951986
   0.0112197
   0.0128114
     0.01428
   0.0156108
   0.0167914
   0.0178103
   0.0186576
   0.0193253
   0.0198069
   0.0200975
   0.0201949
   0.0200975
   0.0198069
   0.0193253
   0.0186576
   0.0178103
   0.0167914
   0.0156108
     0.01428
   0.0128114
   0.0112197
  0.00951986
  0.00772817
  0.00586217
  0.00393982
   0.0019795
-8.65356e-05
 -0.00017224
-0.000256288
 -0.00033787
  -0.0004162
-0.000490523
-0.000560125
-0.000624334
-0.000682532
-0.000734159
-0.000778715
-0.000815774
-0.000844976
-0.000866041
-0.000878766
-0.000883029
-0.000878789
-0.000866083
-0.000845036
-0.000815851
-0.000778809
-0.000734265
-0.000682647
-0.000624454
-0.000560246
-0.000490641
 -0.00041631
-0.000337967
-0.000256368
-0.000172298
-8.65667e-05
  0.00214906
  0.00427729
  0.00636431
  0.00839015
   0.0103353
   0.0121807
   0.0139088
   0.0155032
    0.016948
   0.0182297
   0.0193358
   0.0202558
   0.0209806
   0.0215035
    0.021819
   0.0219247
    0.021819
   0.0215035
   0.0209806
   0.0202558
   0.0193358
   0.0182297
    0.016948
   0.0155032
   0.0139088
   0.0121807
   0.0103353
  0.00839015
  0.00636431
  0.00427729
  0.00214906
-7.03333e-05
-0.000139991
-0.000208302
-0.000274608
-0.000338272
-0.000398679
-0.000455249
-0.000507436
-0.000554736
-0.000596695
-0.000632908
-0.000663027
-0.000686761
-0.000703881
-0.000714223
-0.000717687
-0.000714239
-0.000703913
-0.000686807
-0.000663086
-0.000632979
-0.000596774
-0.000554822
-0.000507526
 -0.00045534
-0.000398768
-0.000338355
-0.000274682
-0.000208362
-0.000140034
-7.03567e-05
  0.00228094
  0.00453977
  0.00675486
  0.00890502
   0.0109696
   0.0129282
   0.0147624
   0.0164546
   0.0179881
   0.0193484
   0.0205224
   0.0214988
   0.0222681
   0.0228231
    0.023158
   0.0232702
    0.023158
   0.0228231
   0.0222681
   0.0214988
   0.0205224
   0.0193484
   0.0179881
   0.0164546
   0.0147624
   0.0129282
   0.0109696
  0.00890502
  0.00675486
  0.00453977
  0.00228094
 -5.0497e-05
-0.000100509
-0.000149554
 -0.00019716
-0.000242868
-0.000286239
-0.000326853
-0.000364321
-0.000398281
-0.000428405
-0.000454405
-0.000476029
-0.000493069
 -0.00050536
-0.000512785
-0.000515271
-0.000512796
-0.000505382
  -0.0004931
-0.000476069
-0.000454453
-0.000428459
-0.000398338
-0.000364381
-0.000326914
-0.000286298
-0.000242924
-0.000197209
-0.000149594
-0.000100538
-5.05129e-05
  0.00237514
  0.00472726
  0.00703383
  0.00927279
   0.0114226
   0.0134621
    0.015372
   0.0171341
   0.0187309
   0.0201475
     0.02137
   0.0223867
   0.0231878
   0.0237657
   0.0241144
   0.0242312
   0.0241144
   0.0237657
   0.0231878
   0.0223867
     0.02137
   0.0201475
   0.0187309
   0.0171341
    0.015372
   0.0134621
   0.0114226
  0.00927279
  0.00703383
  0.00472726
  0.00237514
-2.70458e-05
-5.38316e-05
-8.00997e-05
-0.000105597
-0.000130078
-0.000153306
-0.000175059
-0.000195126
-0.000213314
-0.000229449
-0.000243374
-0.000254955
-0.000264081
-0.000270664
 -0.00027464
-0.000275972
-0.000274646
-0.000270675
-0.000264096
-0.000254975
-0.000243397
-0.000229475
-0.000213343
-0.000195156
-0.000175089
-0.000153336
-0.000130106
-0.000105622
-8.01199e-05
-5.38464e-05
-2.70537e-05
  0.00243166
  0.00483975
  0.00720121
  0.00949345
   0.0116944
   0.0137825
   0.0157378
   0.0175418
   0.0191767
   0.0206269
   0.0218785
   0.0229194
   0.0237396
   0.0243312
   0.0246882
   0.0248078
   0.0246882
   0.0243312
   0.0237396
   0.0229194
   0.0218785
   0.0206269
   0.0191767
   0.0175418
   0.0157378
   0.0137825
   0.0116944
  0.00949345
  0.00720121
  0.00483975
  0.00243166
           0
           0
           0
           0
           0
           0
           0
           0
           0
           0
           0
           0
           0
           0
           0
           0
           0
           0
           0
           0
           0
           0
           0
           0
           0
           0
           0
           0
           0
           0
           0
           0
           0
           0
           0
           0
           0
           0
           0
           0
           0
           0
           0
           0
           0
           0
           0
           0
           0
           0
           0
           0
           0
           0
           0
           0
           0
           0
           0
           0
           0
           0
