-7.90336
-7.68645
-7.47205
-7.26025
-7.051080000000001
-6.8446
-6.640860000000001
-6.43989
-6.24174
-6.04643
-5.854
-5.66448
-5.47789
-5.29425
-5.113580000000001
-4.93591
-4.76123
-4.589580000000001
-4.42095
-4.25535
-4.09279
-3.93327
-3.7768
-3.6233800000000005
-3.4730199999999996
-3.32573
-3.1815
-3.0403599999999997
-2.90231
-2.7673400000000004
-2.63547
-2.5066900000000003
-2.38102
-2.25846
-2.1390000000000002
-2.02265
-1.9094200000000001
-1.7993
-1.6923
-1.58843
-1.48768
-1.39006
-1.29558
-1.20423
-1.11602
-1.03095
-0.949016
-0.8702190000000001
-0.794551
-0.722001
-0.652571
-0.586251
-0.523038
-0.46293
-0.405923
-0.352014
-0.301199
-0.253475
-0.20884
-0.16729000000000002
-0.128823
-0.09343589999999999
-0.061125
-0.0318874
-0.00571932
0.0173828
0.0374231
0.054405999999999996
0.0683362
0.0792191
0.0870604
0.0918664
0.0936442
0.0924015
0.0881469
0.0808903
0.0706423
0.057415
0.0412217
0.022077700000000002
-2.24208e-44
