Residual: 
3.32818
2.00638
1.59034
1.41566
1.3235
1.25985
1.20708
1.15942
1.11494
1.0729
1.03297
0.994952
0.958722
0.924171
0.891206
0.859744
0.829711
0.801034
0.773648
0.747492
0.722505
0.698633
0.675822
0.654023
0.633189
0.613273
0.594232
0.576026
0.558615
0.541962
0.526032
0.51079
0.496204
0.482244
0.468881
0.456086
0.443832
0.432095
0.420851
0.410075
0.399747
0.389846
0.380351
0.371244
0.362506
0.354122
0.346073
0.338344
0.330922
0.323791
0.316938
0.31035
0.304016
0.297923
0.292061
0.286419
0.280988
0.275757
0.270717
0.265861
0.26118
0.256666
0.252312
0.248111
0.244055
0.24014
0.236359
0.232705
0.229174
0.225761
0.22246
0.219267
0.216177
0.213187
0.210291
0.207487
0.20477
0.202137
0.199585
0.197111
0.194711
0.192382
0.190123
0.18793
0.185801
0.183734
0.181725
0.179774
0.177878
0.176034
0.174242
0.172499
0.170804
0.169155
0.16755
0.165988
0.164467
0.162987
0.161545
0.16014
0.158772
0.157439
0.156139
0.154873
0.153638
0.152434
0.15126
0.150115
0.148997
0.147907
0.146844
0.145805
0.144792
0.143802
0.142836
0.141892
0.14097
0.14007
0.13919
0.138331
0.137491
0.136669
0.135867
0.135082
0.134314
0.133564
0.132829
0.132111
0.131408
0.130721
0.130048
0.129389
0.128744
0.128113
0.127494
0.126889
0.126296
0.125715
0.125146
0.124588
0.124041
0.123506
0.12298
0.122465
0.12196
0.121465
0.120979
0.120503
0.120035
0.119577
0.119126
0.118684
0.118251
0.117825
0.117406
0.116996
0.116592
0.116196
0.115806
0.115424
0.115048
0.114678
0.114314
0.113957
0.113606
0.11326
0.11292
0.112586
0.112257
0.111933
0.111614
0.1113
0.110992
0.110687
0.110388
0.110093
0.109802
0.109516
0.109234
0.108956
0.108682
0.108412
0.108146
0.107884
0.107625
0.107369
0.107118
0.106869
0.106624
0.106382
0.106144
0.105908
0.105676
0.105446
0.105219
0.104995
0.104774
0.104556
0.10434
0.104127
0.103916
0.103708
0.103502
0.103298
0.103097
0.102898
0.102702
0.102507
0.102315
0.102124
0.101936
0.10175
0.101565
0.101383
0.101202
0.101024
0.100847
0.100671
0.100498
0.100326
0.100156
0.0999872
0.0998201
0.0996547
0.0994908
0.0993284
0.0991673
0.0990078
0.0988497
0.0986929
0.0985374
0.0983834
0.0982306
0.0980791
0.0979288
0.0977797
0.0976318
0.0974852
0.0973397
0.0971953
0.097052
0.0969098
0.0967688
0.0966287
0.0964897
0.0963517
0.0962147
0.0960788
0.0959437
0.0958096
0.0956764
0.0955442
0.0954128
0.0952824
0.0951527
0.0950239
0.094896
0.0947689
0.0946426
0.0945171
0.0943924
0.0942684
0.0941453
0.0940227
0.0939011
0.0937801
0.0936597
0.0935401
0.0934212
0.093303
0.0931854
0.0930684
0.0929521
0.0928364
0.0927214
0.0926069
0.0924931
0.0923798
0.0922671
0.0921551
0.0920435
0.0919326
0.0918221
0.0917123
0.0916029
0.091494
0.0913857
0.0912779
0.0911706
0.0910637
0.0909574
0.0908516
0.0907461
0.0906412
0.0905367
0.0904327
0.0903291
0.090226
0.0901233
0.090021
0.0899192
0.0898177
0.0897166
0.089616
0.0895158
0.0894159
0.0893164
0.0892174
0.0891186
0.0890202
0.0889223
0.0888246
0.0887274
0.0886305
0.0885339
0.0884377
0.0883418
0.0882462
0.0881509
0.088056
0.0879614
0.0878672
0.0877732
0.0876795
0.0875862
0.0874931
0.0874004
0.0873079
0.0872157
0.0871238
0.0870322
0.0869408
0.0868497
0.0867589
0.0866684
0.0865782
0.0864882
0.0863984
0.086309
0.0862197
0.0861306
0.0860419
0.0859535
0.0858652
0.0857771
0.0856894
0.0856019
0.0855144
0.0854274
0.0853406
0.0852539
0.0851676
0.0850813
0.0849953
0.0849095
0.0848239
0.0847385
0.0846534
0.0845684
0.0844837
0.0843992
0.0843147
0.0842306
0.0841466
0.0840629
0.0839792
0.0838958
0.0838126
0.0837296
0.0836467
0.083564
0.0834815
0.0833992
0.0833171
0.083235
0.0831532
0.0830716
0.0829902
0.0829088
0.0828277
0.0827467
0.0826659
0.0825853
0.0825049
0.0824243
0.0823442
0.0822642
0.0821842
0.0821045
0.0820249
0.0819456
0.0818662
0.0817871
0.0817082
0.0816292
0.0815505
0.081472
0.0813935
0.0813153
0.0812371
0.0811591
0.0810813
0.0810035
0.0809259
0.0808484
0.0807711
0.0806938
0.0806168
0.0805399
0.080463
0.0803863
0.0803096
0.0802332
0.0801568
0.0800808
0.0800045
0.0799286
0.0798528
0.079777
0.0797013
0.0796258
0.0795505
0.0794752
0.0794
0.079325
0.07925
0.0791752
0.0791005
0.0790259
0.0789514
0.0788771
0.0788027
0.0787286
0.0786545
0.0785806
0.0785066
0.0784329
0.0783593
0.0782857
0.0782123
0.0781389
0.0780657
0.0779926
0.0779195
0.0778466
0.0777737
0.077701
0.0776283
0.0775559
0.0774833
0.077411
0.0773387
0.0772666
0.0771944
0.0771224
0.0770506
0.0769788
0.076907
0.0768355
0.0767639
0.0766924
0.0766211
0.0765498
0.0764788
0.0764076
0.0763366
0.0762657
0.0761949
0.0761242
0.0760536
0.0759829
0.0759125
0.0758421
0.0757718
0.0757016
0.0756315
0.0755614
0.0754914
0.0754214
0.0753516
0.0752818
0.0752123
0.0751427
0.0750732
0.0750038
0.0749345
0.0748653
0.0747961
0.0747269
0.0746579
0.074589
0.0745201
0.0744513
0.0743826
0.074314
0.0742454
0.074177
0.0741085
0.0740403
0.0739719
0.0739038
0.0738356
0.0737676
0.0736996
0.0736317
0.073564
0.0734961
0.0734284
0.0733608
0.0732933
0.0732259
0.0731585
0.0730911
0.0730241
0.0729568
0.0728896
0.0728225
0.0727556
0.0726885
0.0726218
0.0725551
0.0724884
0.0724218
0.0723552
0.0722887
0.0722222
0.0721558
0.0720896
0.0720233
0.0719571
0.0718911
0.0718251
0.071759
0.0716932
0.0716272
0.0715615
0.0714958
0.0714302
0.0713646
0.0712991
0.0712336
0.0711682
0.071103
0.0710377
0.0709726
0.0709073
0.0708423
0.0707773
0.0707123
0.0706474
0.0705827
0.0705179
0.0704532
0.0703886
0.070324
0.0702594
0.070195
0.0701305
0.0700663
0.070002
0.0699377
0.0698735
0.0698093
0.0697454
0.0696814
0.0696176
0.0695537
0.0694898
0.0694261
0.0693625
0.0692988
0.0692353
0.0691717
0.0691083
0.0690449
0.0689815
0.0689183
0.0688551
0.068792
0.0687288
0.0686657
0.0686028
0.0685399
0.068477
0.0684142
0.0683513
0.0682888
0.0682261
0.0681635
0.0681009
0.0680385
0.067976
0.0679137
0.0678513
0.067789
0.0677269
0.0676648
0.0676027
0.0675406
0.0674788
0.0674167
0.0673548
0.0672931
0.0672313
0.0671695
0.0671078
0.0670463
0.0669848
0.0669233
0.0668618
0.0668004
0.0667391
0.0666778
0.0666166
0.0665555
0.0664944
0.0664333
0.0663722
0.0663112
0.0662503
0.0661894
0.0661286
0.0660679
0.0660072
0.0659465
0.0658859
0.0658253
0.065765
0.0657044
0.065644
0.0655837
0.0655235
0.0654632
0.0654031
0.0653429
0.0652829
0.0652228
0.0651629
0.0651029
0.065043
0.0649833
0.0649235
0.0648638
0.0648041
0.0647444
0.0646848
0.0646253
0.0645658
0.0645063
0.064447
0.0643877
0.0643284
0.0642693
0.0642099
0.064151
0.0640918
0.0640327
0.0639738
0.063915
0.0638562
0.0637972
0.0637384
0.0636797
0.063621
0.0635625
0.0635038
0.0634453
0.0633868
0.0633284
0.06327
0.0632118
0.0631533
0.0630951
0.0630369
0.0629789
0.0629209
0.0628627
0.0628048
0.0627467
0.0626888
0.062631
0.0625732
0.0625154
0.0624578
0.0623999
0.0623424
0.0622848
0.0622273
0.0621698
0.0621125
0.0620552
0.0619978
0.0619405
0.0618833
0.0618261
0.0617689
0.0617119
0.0616548
0.0615978
0.0615409
0.0614841
0.0614271
0.0613703
0.0613135
0.061257
0.0612002
0.0611436
0.061087
0.0610306
0.060974
0.0609176
0.0608611
0.0608049
0.0607485
0.0606924
0.0606362
0.0605799
0.0605239
0.0604677
0.0604118
0.0603558
0.0602998
0.060244
0.0601883
0.0601324
0.0600767
0.060021
0.0599654
0.0599099
0.0598542
0.0597987
0.0597433
0.0596877
0.0596324
0.059577
0.0595218
0.0594665
0.0594113
0.0593562
0.0593011
0.059246
0.059191
0.0591362
0.0590811
0.0590264
0.0589715
0.0589167
0.058862
0.0588073
0.0587527
0.058698
0.0586436
0.058589
0.0585344
0.0584801
0.0584257
0.0583714
0.058317
0.0582629
0.0582085
0.0581545
0.0581004
0.0580464
0.0579924
0.0579384
0.0578844
0.0578305
0.0577767
0.0577229
0.0576691
0.0576154
0.0575618
0.0575082
0.0574545
0.0574011
0.0573475
0.0572942
0.0572407
0.0571873
0.057134
0.0570807
0.0570275
0.0569743
0.0569212
0.0568682
0.0568151
0.0567621
0.0567092
0.0566562
0.0566034
0.0565505
0.0564977
0.0564448
0.0563923
0.0563396
0.056287
0.0562344
0.056182
0.0561295
0.056077
0.0560246
0.0559723
0.05592
0.0558676
0.0558155
0.0557632
0.0557111
0.055659
0.0556069
0.0555549
0.055503
0.055451
0.0553991
0.0553475
0.0552956
0.0552438
0.0551922
0.0551405
0.0550889
0.0550372
0.0549857
0.0549342
0.0548828
0.0548314
0.0547801
0.0547287
0.0546774
0.0546262
0.054575
0.0545239
0.0544728
0.0544217
0.0543706
0.0543198
0.0542688
0.0542179
0.054167
0.0541163
0.0540655
0.0540147
0.0539642
0.0539133
0.0538629
0.0538124
0.0537617
0.0537111
0.0536609
0.0536105
0.0535602
0.0535098
0.0534596
0.0534094
0.0533591
0.0533091
0.0532589
0.0532087
0.0531589
0.0531088
0.0530591
0.0530091
0.0529592
0.0529095
0.0528597
0.0528099
0.0527603
0.0527106
0.0526611
0.0526116
0.052562
0.0525126
0.0524631
0.0524138
0.0523644
0.052315
0.0522659
0.0522167
0.0521674
0.0521183
0.0520693
0.0520202
0.0519712
0.0519222
0.0518734
0.0518244
0.0517755
0.0517267
0.051678
0.0516292
0.0515806
0.0515319
0.0514833
0.0514348
0.0513862
0.0513377
0.0512895
0.0512409
0.0511928
0.0511444
0.051096
0.0510478
0.0509996
0.0509515
0.0509033
0.0508552
0.0508072
0.0507591
0.0507112
0.0506635
0.0506157
0.0505676
0.05052
0.0504723
0.0504245
0.0503768
0.0503292
0.0502817
0.0502344
0.0501866
0.0501391
0.0500918
0.0500444
0.0499971
0.0499498
0.0499024
0.0498553
0.0498081
0.049761
0.0497137
0.0496668
0.0496198
0.0495728
0.0495259
0.049479
0.0494322
0.0493854
0.0493385
0.0492919
0.049245
0.0491986
0.0491517
0.0491052
0.0490588
0.0490122
0.0489658
0.0489194
0.048873
0.0488266
0.0487804
0.0487343
0.0486881
0.0486419
0.0485956
0.0485494
0.0485034
0.0484576
0.0484114
0.0483655
0.0483197
0.0482738
0.048228
0.0481821
0.0481364
0.0480907
0.0480451
0.0479994
0.0479538
0.0479083
0.0478628
0.0478175
0.0477719
0.0477266
0.0476814
0.0476358
0.0475906
0.0475456
0.0475003
0.0474551
0.0474101
0.0473648
0.0473198
0.0472748
0.0472299
0.047185
0.04714
0.0470952
0.0470506
0.0470057
0.0469611
0.0469163
0.0468717
0.0468269
0.0467825
0.046738
0.0466935
0.046649
0.0466048
0.0465602
0.046516
0.0464717
0.0464275
0.0463833
0.0463392
0.046295
0.0462507
0.0462067
0.0461627
0.0461187
0.0460748
0.0460309
0.0459871
0.0459431
0.0458995
0.0458556
0.0458118
0.0457683
0.0457247
0.0456811
0.0456375
0.045594
0.0455505
0.045507
0.0454636
0.0454203
0.0453768
0.0453338
0.0452904
0.0452471
0.0452039
0.0451607
0.0451176
0.0450745
0.0450316
0.0449886
0.0449456
0.0449026
0.0448599
0.044817
0.0447742
0.0447314
0.0446887
0.0446459
0.0446034
0.0445608
0.0445182
0.0444756
0.0444332
0.0443906
0.0443483
0.0443059
0.0442636
0.0442212
0.0441789
0.0441367
0.0440945
0.0440524
0.0440102
0.0439681
0.0439261
0.0438842
0.0438422
0.0438001
0.0437584
0.0437164
0.0436746
0.0436327
0.0435908
0.0435492
0.0435076
0.043466
0.0434243
0.0433829
0.0433415
0.0432997
0.0432584
0.043217
0.0431755
0.043134
0.0430929
0.0430519
0.0430103
0.0429692
0.0429281
0.0428869
0.0428457
0.0428047
0.0427638
0.0427227
0.0426817
0.0426409
0.0426001
0.0425591
0.0425183
0.0424778
0.042437
0.0423963
0.0423555
0.0423151
0.0422745
0.042234
0.0421935
0.042153
0.0421126
0.0420721
0.0420317
0.0419914
0.0419512
0.0419109
0.0418709
0.0418306
0.0417903
0.0417501
0.0417101
0.0416702
0.0416301
0.0415903
0.0415503
0.0415104
0.0414706
0.0414306
0.041391
0.0413511
0.0413113
0.0412718
0.0412322
0.0411926
0.0411531
0.0411134
0.0410741
0.0410345
0.0409951
0.0409556
0.0409165
0.040877
0.0408376
0.0407984
0.0407592
0.0407203
0.0406811
0.0406418
0.0406029
0.0405638
0.0405249
0.0404859
0.040447
0.0404081
0.0403692
0.0403304
0.0402915
0.0402529
0.0402144
0.0401754
0.0401368
0.0400982
0.0400596
0.040021
0.0399827
0.0399442
0.0399057
0.0398674
0.039829
0.0397904
0.0397522
0.039714
0.0396759
0.0396378
0.0395994
0.0395614
0.0395233
0.0394854
0.0394471
0.0394094
0.0393714
0.0393335
0.0392956
0.0392577
0.03922
0.0391822
0.0391444
0.0391067
0.0390692
0.0390314
0.0389938
0.0389562
0.0389186
0.0388812
0.0388438
0.0388062
0.0387689
0.0387315
0.0386942
0.038657
0.0386197
0.0385825
0.0385453
0.0385081
0.0384709
0.0384341
0.0383968
0.0383599
0.0383228
0.0382859
0.038249
0.0382122
0.0381752
0.0381385
0.0381018
0.038065
0.0380284
0.0379915
0.0379549
0.0379181
0.0378817
0.0378452
0.0378085
0.0377721
0.0377356
0.0376993
0.0376631
0.0376267
0.0375902
0.037554
0.0375179
0.0374815
0.0374454
0.0374093
0.0373733
0.037337
0.0373012
0.037265
0.037229
0.0371931
0.0371574
0.0371213
0.0370856
0.0370498
0.0370139
0.0369784
0.0369425
0.0369068
0.036871
0.0368356
0.0368
0.0367645
0.0367289
0.0366932
0.0366579
0.0366227
0.0365872
0.0365516
0.0365164
0.0364812
0.0364461
0.0364108
0.0363756
0.0363405
0.0363055
0.0362702
0.0362353
0.0362001
0.0361652
0.0361302
0.0360952
0.0360604
0.0360256
0.035991
0.0359561
0.0359212
0.0358865
0.0358516
0.035817
0.0357824
0.0357478
0.0357134
0.0356788
0.0356442
0.0356097
0.0355753
0.0355409
0.0355065
0.0354719
0.0354379
0.0354036
0.0353693
0.0353352
0.0353007
0.0352669
0.0352329
0.0351987
0.0351645
0.0351306
0.0350967
0.0350625
0.0350287
0.0349948
0.0349609
0.0349273
0.0348933
0.0348596
0.0348256
0.0347921
0.0347585
0.0347248
0.034691
0.0346574
0.034624
0.0345907
0.034557
0.0345236
0.0344902
0.0344568
0.0344235
0.03439
0.0343568
0.0343235
0.0342902
0.0342569
0.0342239
0.0341908
0.0341576
0.0341248
0.0340913
0.0340584
0.0340255
0.0339925
0.0339598
0.0339267
0.0338939
0.0338611
0.0338283
0.0337954
0.0337628
0.0337302
0.0336973
0.0336648
0.033632
0.0335993
0.0335669
0.0335346
0.0335018
0.0334695
0.0334371
0.0334047
0.0333722
0.03334
0.0333075
0.0332753
0.0332429
0.0332108
0.0331787
0.0331464
0.0331144
0.0330821
0.0330503
0.0330182
0.0329863
0.0329542
0.0329222
0.0328905
0.0328584
0.0328267
0.0327949
0.0327629
0.0327312
0.0326996
0.032668
0.0326361
0.0326045
0.0325727
0.0325411
0.0325096
0.0324783
0.0324465
0.0324153
0.0323838
0.0323523
0.032321
0.0322895
0.032258
0.0322269
0.0321956
0.0321644
0.0321334
0.032102
0.032071
0.0320398
0.0320089
0.0319778
0.0319467
0.0319158
0.0318849
0.0318538
0.0318227
0.0317921
0.0317612
0.0317302
0.0316997
0.0316689
0.0316381
0.0316072
0.0315766
0.0315462
0.0315155
0.0314849
0.0314541
0.0314239
0.0313934
0.0313629
0.0313324
0.0313021
0.0312717
0.0312412
0.0312108
0.0311806
0.0311502
0.0311202
0.0310898
0.0310598
0.0310297
0.0309994
0.0309694
0.0309393
0.0309091
0.0308793
0.0308491
0.0308193
0.0307891
0.0307595
0.0307297
0.0306999
0.03067
0.0306402
0.0306104
0.0305809
0.0305511
0.0305212
0.0304917
0.030462
0.0304324
0.0304029
0.0303733
0.0303438
0.0303144
0.0302852
0.0302556
0.0302264
0.0301968
0.0301674
0.0301383
0.0301088
0.0300798
0.0300505
0.0300212
0.0299922
0.029963
0.0299338
0.0299046
0.0298756
0.0298467
0.0298177
0.0297889
0.0297598
0.029731
0.0297021
0.0296729
0.0296442
0.0296153
0.0295868
0.0295579
0.0295292
0.0295005
0.0294718
0.0294432
0.0294146
0.029386
0.0293574
0.029329
0.0293003
0.029272
0.0292435
0.0292151
0.0291867
0.0291583
0.0291298
0.0291018
0.0290735
0.0290452
0.0290168
0.0289886
0.0289607
0.0289323
0.0289042
0.0288763
0.028848
0.0288201
0.0287921
0.028764
0.0287361
0.028708
0.0286804
0.0286523
0.0286245
0.0285968
0.0285688
0.0285411
0.0285135
0.0284859
0.0284579
0.0284304
0.0284029
0.028375
0.0283476
0.0283198
0.0282923
0.0282648
0.0282375
0.02821
0.0281826
0.0281551
0.0281275
0.0281007
0.028073
0.0280456
0.0280185
0.027991
0.0279639
0.0279369
0.0279095
0.0278827
0.0278552
0.0278282
0.0278012
0.0277743
0.0277471
0.0277202
0.0276933
0.0276664
0.0276394
0.0276124
0.0275857
0.0275588
0.0275319
0.0275052
0.0274784
0.0274517
0.027425
0.0273983
0.0273718
0.0273449
0.0273185
0.0272917
0.0272654
0.0272387
0.0272123
0.027186
0.0271591
0.027133
0.0271065
0.0270801
0.0270539
0.0270277
0.0270011
0.026975
0.0269488
0.0269226
0.0268962
0.0268702
0.026844
0.026818
0.0267917
0.0267656
0.0267396
0.0267136
0.0266878
0.0266617
0.0266356
0.0266097
0.0265838
0.026558
0.0265322
0.0265063
0.0264804
0.0264549
0.0264288
0.0264035
0.0263777
0.026352
0.0263265
0.0263007
0.026275
0.0262493
0.026224
0.0261983
0.0261729
0.0261475
0.0261221
0.0260966
0.0260714
0.026046
0.0260206
0.0259951
0.0259699
0.0259444
0.0259193
0.025894
0.0258691
0.025844
0.0258187
0.0257935
0.0257683
0.0257432
0.0257183
0.0256932
0.0256682
0.0256432
0.0256182
0.0255933
0.0255684
0.0255436
0.0255187
0.0254937
0.0254688
0.025444
0.0254194
0.0253946
0.02537
0.0253452
0.0253206
0.0252959
0.0252716
0.0252466
0.025222
0.0251974
0.0251729
0.0251484
0.025124
0.0250996
0.0250751
0.0250507
0.0250264
0.025002
0.0249779
0.0249533
0.0249289
0.0249048
0.0248804
0.0248561
0.024832
0.0248079
0.0247837
0.0247595
0.0247356
0.0247113
0.0246878
0.0246631
0.0246391
0.0246152
0.0245912
0.0245672
0.0245435
0.0245195
0.0244953
0.0244721
0.0244479
0.0244242
0.0244004
0.0243765
0.0243529
0.0243291
0.0243054
0.0242817
0.024258
0.0242346
0.0242109
0.0241874
0.0241637
0.0241401
0.0241168
0.0240931
0.0240698
0.0240462
0.0240229
0.0239997
0.0239761
0.0239527
0.0239294
0.0239062
0.0238828
0.0238597
0.0238363
0.023813
0.0237899
0.0237666
0.0237435
0.0237202
0.0236975
0.023674
0.0236512
0.0236281
0.0236052
0.023582
0.0235592
0.0235363
0.0235133
0.0234902
0.0234673
0.0234447
0.023422
0.0233987
0.0233762
0.0233532
0.0233306
0.0233081
0.0232853
0.0232623
0.0232401
0.0232171
0.0231946
0.0231719
0.0231494
0.023127
0.0231042
0.0230818
0.0230592
0.0230369
0.0230143
0.0229919
0.0229694
0.0229471
0.0229247
0.0229024
0.02288
0.0228576
0.0228354
0.0228134
0.0227909
0.0227687
0.0227465
0.0227244
0.0227024
0.0226801
0.022658
0.0226359
0.022614
0.0225918
0.0225697
0.0225479
0.0225259
0.0225039
0.0224821
0.0224601
0.0224383
0.0224163
0.0223944
0.0223727
0.0223507
0.0223293
0.0223071
0.0222856
0.0222637
0.0222421
0.0222204
0.0221987
0.0221772
0.0221553
0.0221338
0.0221123
0.0220906
0.0220694
0.0220476
0.0220261
0.0220048
0.0219832
0.0219618
0.0219403
0.0219192
0.0218978
0.0218763
0.021855
0.0218335
0.0218123
0.0217909
0.0217698
0.0217485
0.0217274
0.0217061
0.0216853
0.021664
0.0216429
0.0216217
0.0216008
0.0215794
0.0215586
0.0215373
0.0215164
0.0214954
0.0214745
0.0214536
0.0214326
0.0214116
0.0213909
0.02137
0.0213492
0.0213282
0.0213078
0.0212867
0.0212661
0.0212453
0.0212246
0.0212039
0.0211832
0.0211624
0.0211416
0.0211211
0.0211006
0.0210799
0.0210595
0.021039
0.0210185
0.0209977
0.0209773
0.0209569
0.0209363
0.0209161
0.0208956
0.0208752
0.0208547
0.0208344
0.0208142
0.0207938
0.0207737
0.0207533
0.020733
0.0207128
0.0206925
0.0206724
0.0206524
0.0206321
0.020612
0.0205918
0.0205718
0.0205515
0.0205318
0.0205116
0.0204916
0.0204716
0.0204515
0.0204318
0.0204116
0.0203915
0.0203718
0.020352
0.020332
0.0203122
0.0202925
0.0202728
0.020253
0.020233
0.0202133
0.0201935
0.0201739
0.0201542
0.0201347
0.0201149
0.0200952
0.0200756
0.0200562
0.0200364
0.020017
0.0199971
0.0199776
0.0199582
0.0199388
0.0199195
0.0199
0.0198805
0.0198613
0.0198415
0.0198222
0.0198029
0.0197837
0.0197643
0.019745
0.0197256
0.0197066
0.0196871
0.0196679
0.0196488
0.0196297
0.0196103
0.0195912
0.0195721
0.0195528
0.0195338
0.0195147
0.0194959
0.0194768
0.0194577
0.0194386
0.0194196
0.0194006
0.0193817
0.0193628
0.019344
0.019325
0.0193061
0.0192873
0.0192683
0.0192495
0.0192308
0.019212
0.0191932
0.0191744
0.0191556
0.019137
0.0191184
0.0190996
0.0190808
0.0190622
0.0190438
0.0190251
0.0190065
0.0189879
0.0189694
0.0189508
0.0189324
0.0189139
0.0188953
0.0188768
0.0188584
0.0188399
0.0188214
0.0188032
0.0187845
0.0187663
0.0187479
0.0187295
0.0187115
0.0186932
0.0186747
0.0186565
0.0186383
0.0186201
0.0186017
0.0185835
0.0185654
0.0185473
0.0185292
0.018511
0.0184927
0.0184747
0.0184568
0.0184387
0.0184207
0.0184026
0.0183847
0.0183667
0.0183487
0.0183306
0.0183128
0.0182949
0.0182772
0.0182591
0.0182415
0.0182236
0.0182057
0.018188
0.0181701
0.0181524
0.0181345
0.0181168
0.0180991
0.0180812
0.0180635
0.0180459
0.0180283
0.0180105
0.0179928
0.0179754
0.0179579
0.0179402
0.0179226
0.0179054
0.0178877
0.0178702
0.0178526
0.0178352
0.0178177
0.0178001
0.0177828
0.0177655
0.0177482
0.0177306
0.0177132
0.0176957
0.0176787
0.0176614
0.0176439
0.0176267
0.0176094
0.0175923
0.0175751
0.0175576
0.0175406
0.0175237
0.0175064
0.0174891
0.0174718
0.0174548
0.0174377
0.0174206
0.0174035
0.0173865
0.0173695
0.0173525
0.0173355
0.0173187
0.0173016
0.0172848
0.0172676
0.0172507
0.0172339
0.0172171
0.0172002
0.0171835
0.0171664
0.0171494
0.0171327
0.0171159
0.0170991
0.0170826
0.0170658
0.0170489
0.0170322
0.0170156
0.0169989
0.0169823
0.0169655
0.016949
0.0169323
0.0169156
0.0168992
0.0168827
0.0168662
0.0168494
0.016833
0.0168165
0.0167999
0.0167833
0.0167671
0.0167503
0.016734
0.0167176
0.0167014
0.0166849
0.0166684
0.0166522
0.0166358
0.0166195
0.0166033
0.016587
0.0165707
0.0165545
0.0165382
0.0165218
0.0165056
0.0164894
0.0164734
0.0164571
0.0164413
0.0164249
0.0164088
0.0163926
0.0163767
0.0163606
0.0163444
0.0163283
0.0163122
0.0162964
0.0162802
0.0162643
0.0162484
0.0162324
0.0162167
0.0162008
0.0161846
0.0161688
0.0161529
0.0161371
0.0161211
0.0161054
0.0160896
0.0160736
0.0160578
0.0160423
0.0160265
0.0160105
0.0159951
0.0159791
0.0159636
0.0159479
0.0159321
0.0159165
0.0159007
0.0158852
0.0158696
0.0158542
0.0158385
0.0158228
0.0158073
0.0157917
0.0157763
0.0157607
0.0157453
0.0157298
0.0157142
0.0156989
0.0156834
0.0156681
0.0156528
0.0156373
0.0156216
0.0156063
0.0155914
0.0155759
0.0155605
0.0155449
0.0155298
0.0155145
0.0154992
0.0154841
0.0154687
0.0154535
0.0154386
0.0154231
0.0154081
0.0153929
0.0153777
0.0153625
0.0153474
0.0153323
0.0153173
0.0153023
0.0152872
0.0152721
0.015257
0.0152421
0.0152269
0.0152119
0.0151971
0.0151822
0.015167
0.0151521
0.0151372
0.0151224
0.0151075
0.0150925
0.0150777
0.0150629
0.0150479
0.0150332
0.0150183
0.0150037
0.0149888
0.0149739
0.0149594
0.0149445
0.0149299
0.0149151
0.0149004
0.0148858
0.0148711
0.0148565
0.0148421
0.014827
0.0148126
0.0147978
0.0147833
0.0147688
0.0147542
0.0147397
0.014725
0.0147106
0.0146959
0.0146817
0.0146672
0.0146527
0.0146382
0.0146239
0.0146095
0.0145952
0.0145803
0.0145663
0.0145521
0.0145375
0.014523
0.0145088
0.0144944
0.0144801
0.0144658
0.0144516
0.0144374
0.0144229
0.0144088
0.0143949
0.0143804
0.0143663
0.014352
0.0143379
0.0143238
0.0143096
0.0142952
0.0142814
0.0142673
0.0142533
0.014239
0.0142249
0.014211
0.0141969
0.0141827
0.0141689
0.014155
0.0141407
0.014127
0.0141128
0.0140991
0.0140853
0.0140711
0.0140572
0.0140435
0.0140294
0.0140155
0.0140019
0.0139878
0.0139739
0.0139604
0.0139462
0.0139324
0.0139191
0.0139053
0.0138914
0.0138776
0.013864
0.0138502
0.0138363
0.013823
0.0138091
0.0137957
0.013782
0.0137683
0.0137547
0.013741
0.0137274
0.0137138
0.0137003
0.0136866
0.0136733
0.0136595
0.0136461
0.0136328
0.0136193
0.0136055
0.0135925
0.013579
0.0135653
0.0135521
0.0135384
0.013525
0.0135117
0.0134982
0.013485
0.0134717
0.0134583
0.0134451
0.0134317
0.0134183
0.013405
0.0133919
0.0133784
0.0133651
0.0133519
0.0133387
0.0133257
0.0133123
0.0132993
0.0132858
0.0132727
0.0132597
0.0132464
0.0132333
0.0132203
0.013207
0.0131939
0.013181
0.0131677
0.0131551
0.0131415
0.0131286
0.0131157
0.0131025
0.0130895
0.0130768
0.0130636
0.0130508
0.013038
0.0130249
0.0130119
0.0129991
0.012986
0.0129733
0.0129605
0.0129477
0.0129344
0.0129219
0.0129089
0.0128963
0.0128835
0.0128703
0.0128578
0.0128449
0.0128321
0.0128196
0.0128068
0.0127942
0.0127816
0.0127686
0.0127561
0.0127435
0.0127306
0.0127181
0.0127054
0.0126929
0.0126801
0.0126676
0.0126551
0.0126424
0.0126299
0.0126174
0.0126049
0.012592
0.0125797
0.012567
0.0125547
0.0125422
0.0125297
0.0125172
0.012505
0.0124924
0.0124801
0.0124678
0.012455
0.0124427
0.0124304
0.012418
0.0124058
0.0123934
0.0123811
0.0123687
0.0123564
0.0123441
0.0123319
0.0123194
0.0123074
0.0122951
0.0122827
0.0122705
0.0122583
0.0122461
0.0122339
0.0122218
0.0122095
0.0121974
0.0121853
0.0121731
0.0121611
0.0121492
0.0121364
0.0121248
0.0121125
0.0121006
0.0120887
0.0120765
0.0120645
0.0120525
0.0120403
0.0120285
0.0120163
0.0120044
0.0119924
0.0119805
0.0119685
0.0119567
0.0119447
0.0119331
0.011921
0.0119093
0.0118972
0.0118854
0.0118734
0.0118615
0.0118496
0.0118378
0.0118261
0.0118143
0.0118025
0.0117908
0.0117792
0.0117674
0.0117556
0.0117438
0.011732
0.0117206
0.0117087
0.011697
0.0116853
0.0116736
0.0116619
0.0116503
0.0116389
0.0116274
0.0116155
0.0116041
0.0115923
0.0115809
0.0115691
0.0115577
0.0115462
0.0115344
0.0115231
0.0115115
0.0115001
0.0114883
0.0114769
0.0114656
0.011454
0.0114427
0.0114314
0.0114197
0.0114083
0.011397
0.0113855
0.0113743
0.0113628
0.0113517
0.0113402
0.0113288
0.0113175
0.011306
0.0112947
0.0112836
0.0112722
0.0112611
0.0112496
0.0112384
0.0112269
0.011216
0.0112047
0.0111935
0.0111822
0.0111711
0.0111601
0.0111488
0.0111379
0.0111264
0.0111155
0.0111041
0.011093
0.0110818
0.0110709
0.0110598
0.0110488
0.0110377
0.0110266
0.0110157
0.0110044
0.0109934
0.0109826
0.0109716
0.0109605
0.0109493
0.0109388
0.0109277
0.0109167
0.0109058
0.0108948
0.0108842
0.0108728
0.0108619
0.0108512
0.0108404
0.0108295
0.0108185
0.0108076
0.0107971
0.0107861
0.0107751
0.0107645
0.0107535
0.0107429
0.0107319
0.0107213
0.0107105
0.0106999
0.0106889
0.0106784
0.0106679
0.0106568
0.0106462
0.0106356
0.0106251
0.0106142
0.0106036
0.0105929
0.0105823
0.0105716
0.0105611
0.0105505
0.0105399
0.0105293
0.0105189
0.010508
0.0104976
0.0104872
0.0104764
0.0104661
0.0104555
0.0104449
0.0104345
0.0104241
0.0104136
0.0104032
0.0103925
0.0103821
0.0103717
0.0103613
0.0103507
0.0103403
0.0103299
0.0103197
0.0103093
0.0102989
0.0102884
0.0102781
0.0102679
0.0102574
0.0102473
0.0102368
0.0102266
0.0102164
0.0102059
0.0101959
0.0101855
0.0101753
0.0101652
0.0101548
0.0101446
0.0101345
0.0101242
0.0101142
0.010104
0.0100937
0.0100835
0.0100733
0.0100632
0.010053
0.0100429
0.0100329
0.0100227
0.0100127
0.0100025
0.00999247
0.00998237
0.00997241
0.00996251
0.0099523
0.00994233
0.00993214
0.00992219
0.00991219
0.00990223
0.00989238
0.00988234
0.00987236
0.00986233
0.00985253
0.00984255
0.00983259
0.00982273
0.00981295
0.00980296
0.00979314
0.00978308
0.00977331
0.00976358
0.00975364
0.00974354
0.00973381
0.00972405
0.00971441
0.00970467
0.00969476
0.00968481
0.00967507
0.00966536
0.00965555
0.00964607
0.00963622
0.00962644
0.00961657
0.00960697
0.00959716
0.00958763
0.00957796
0.00956829
0.00955849
0.00954883
0.00953936
0.0095297
0.00952032
0.00951064
0.00950101
0.00949117
0.0094815
0.00947194
0.00946252
0.00945294
0.00944348
0.00943369
0.0094243
0.00941474
0.0094051
0.00939587
0.00938644
0.00937675
0.0093674
0.00935788
0.00934852
0.00933904
0.00932961
0.0093201
0.00931081
0.00930128
0.00929176
0.0092825
0.00927311
0.00926361
0.00925426
0.00924501
0.0092356
0.00922627
0.00921682
0.00920775
0.00919856
0.00918902
0.00917981
0.00917063
0.00916112
0.00915214
0.00914274
0.00913327
0.00912418
0.00911477
0.0091058
0.00909662
0.00908719
0.00907816
0.00906907
0.0090599
0.00905071
0.00904134
0.00903206
0.00902292
0.00901387
0.00900462
0.00899545
0.00898654
0.00897768
0.00896836
0.00895936
0.00895008
0.0089411
0.00893215
0.00892299
0.008914
0.00890495
0.00889611
0.00888696
0.00887804
0.00886896
0.00885969
0.00885106
0.0088422
0.00883324
0.00882431
0.00881515
0.00880632
0.00879732
0.00878855
0.00877963
0.00877056
0.00876142
0.0087526
0.00874407
0.00873512
0.00872616
0.00871729
0.00870856
0.0086996
0.00869079
0.008682
0.00867327
0.00866446
0.0086556
0.00864675
0.00863772
0.00862909
0.00862073
0.00861187
0.0086031
0.00859431
0.00858555
0.00857688
0.0085683
0.00855947
0.00855054
0.00854204
0.00853334
0.00852484
0.00851619
0.00850751
0.00849886
0.00849004
0.00848148
0.0084732
0.00846431
0.0084558
0.0084474
0.00843851
0.00843008
0.00842163
0.00841288
0.00840444
0.00839593
0.00838745
0.0083788
0.00837026
0.00836186
0.00835334
0.00834499
0.00833621
0.00832779
0.00831938
0.00831101
0.00830236
0.00829405
0.00828568
0.00827723
0.00826862
0.00826028
0.00825213
0.0082438
0.00823518
0.00822665
0.00821847
0.00821012
0.00820181
0.00819362
0.0081853
0.00817671
0.00816839
0.00816024
0.00815176
0.00814382
0.00813523
0.0081269
0.00811877
0.00811064
0.00810229
0.00809388
0.00808598
0.00807751
0.00806942
0.00806097
0.00805287
0.00804477
0.00803649
0.0080286
0.00802017
0.00801218
0.00800395
0.00799558
0.0079873
0.00797933
0.00797119
0.00796309
0.00795493
0.00794694
0.00793889
0.00793074
0.00792268
0.00791472
0.00790666
0.00789862
0.00789047
0.00788259
0.00787462
0.00786644
0.0078586
0.00785035
0.00784245
0.00783445
0.00782626
0.00781854
0.00781061
0.00780257
0.0077944
0.00778667
0.00777882
0.00777069
0.00776294
0.00775492
0.00774711
0.0077393
0.00773113
0.00772317
0.00771542
0.00770761
0.00769981
0.00769192
0.00768396
0.00767643
0.0076687
0.00766077
0.00765292
0.00764511
0.0076375
0.00762961
0.00762172
0.00761391
0.00760604
0.0075983
0.00759068
0.00758286
0.0075751
0.00756749
0.00755976
0.00755179
0.00754424
0.00753669
0.00752897
0.00752111
0.00751346
0.00750596
0.00749817
0.00749054
0.00748293
0.00747529
0.00746767
0.00745996
0.00745237
0.0074446
0.00743717
0.00742961
0.00742199
0.00741436
0.00740692
0.00739919
0.00739154
0.00738411
0.00737677
0.00736937
0.00736147
0.00735427
0.00734692
0.0073393
0.00733187
0.00732449
0.00731669
0.00730935
0.00730176
0.00729408
0.00728686
0.00727941
0.00727186
0.00726471
0.00725749
0.00724972
0.00724208
0.00723501
0.00722758
0.00722011
0.00721274
0.00720547
0.00719809
0.00719051
0.00718312
0.00717605
0.00716867
0.0071613
0.00715422
0.0071468
0.00713946
0.00713197
0.0071247
0.00711752
0.00711018
0.00710303
0.00709565
0.00708842
0.00708128
0.00707389
0.00706684
0.00705966
0.00705243
0.00704502
0.00703804
0.00703057
0.00702357
0.0070163
0.00700928
0.00700231
0.00699514
0.0069877
0.00698043
0.00697353
0.00696618
0.00695933
0.00695202
0.00694505
0.00693791
0.00693067
0.00692364
0.00691652
0.00690943
0.00690237
0.00689546
0.00688816
0.00688118
0.00687428
0.00686721
0.00685994
0.00685321
0.00684584
0.00683914
0.00683224
0.00682512
0.00681818
0.00681137
0.0068043
0.00679724
0.00679058
0.00678337
0.00677642
0.00676962
0.00676246
0.00675567
0.00674867
0.00674185
0.00673469
0.00672806
0.00672123
0.00671442
0.00670738
0.00670054
0.00669381
0.00668685
0.00667981
0.00667335
0.00666622
0.00665972
0.00665255
0.00664598
0.00663902
0.00663232
0.00662557
0.00661871
0.00661206
0.00660526
0.00659843
0.00659167
0.00658484
0.00657809
0.00657144
0.00656459
0.00655803
0.00655139
0.0065444
0.0065379
0.00653114
0.00652433
0.00651776
0.00651105
0.00650443
0.0064977
0.00649089
0.00648449
0.00647787
0.00647097
0.00646453
0.00645799
0.00645116
0.0064449
0.00643807
0.00643163
0.0064249
0.0064186
0.00641173
0.00640519
0.00639856
0.00639211
0.0063853
0.00637892
0.00637229
0.00636594
0.00635943
0.00635257
0.00634616
0.00633974
0.00633323
0.00632692
0.00632047
0.00631395
0.00630727
0.00630073
0.00629424
0.00628803
0.00628172
0.00627523
0.0062686
0.00626235
0.00625584
0.00624944
0.00624306
0.00623662
0.00622997
0.006224
0.00621755
0.00621118
0.00620463
0.0061982
0.00619205
0.00618556
0.00617945
0.00617293
0.00616664
0.00616028
0.00615394
0.00614757
0.00614133
0.00613508
0.00612889
0.00612261
0.00611649
0.00610989
0.00610373
0.00609756
0.0060911
0.00608492
0.00607866
0.00607262
0.00606631
0.00606002
0.0060537
0.00604765
0.0060415
0.00603506
0.00602913
0.00602285
0.00601665
0.0060105
0.00600417
0.00599819
0.00599193
0.00598599
0.0059798
0.00597343
0.00596758
0.00596154
0.00595505
0.00594904
0.00594297
0.00593695
0.00593083
0.00592462
0.00591845
0.00591277
0.00590648
0.0059007
0.00589422
0.00588828
0.00588232
0.00587623
0.00586996
0.00586407
0.0058583
0.00585221
0.0058463
0.0058403
0.00583412
0.00582818
0.00582208
0.00581618
0.00581033
0.00580424
0.00579815
0.00579224
0.00578646
0.00578055
0.00577444
0.00576868
0.00576294
0.00575672
0.00575095
0.00574506
0.005739
0.00573319
0.00572713
0.00572154
0.00571549
0.00570946
0.00570397
0.00569775
0.00569213
0.00568646
0.0056804
0.00567454
0.00566876
0.00566292
0.0056574
0.00565109
0.00564556
0.00563986
0.00563392
0.00562819
0.00562242
0.00561658
0.00561086
0.00560501
0.00559939
0.00559349
0.00558767
0.00558205
0.0055764
0.00557056
0.00556477
0.00555925
0.00555336
0.0055478
0.00554201
0.00553655
0.00553081
0.00552503
0.00551928
0.00551365
0.00550824
0.00550249
0.00549668
0.00549118
0.00548548
0.00547981
0.00547441
0.00546838
0.00546324
0.00545737
0.00545165
0.00544602
0.00544071
0.00543506
0.00542938
0.00542381
0.00541833
0.00541253
0.00540704
0.00540154
0.00539614
0.00539049
0.00538486
0.00537937
0.00537388
0.00536827
0.00536262
0.00535739
0.00535196
0.0053461
0.00534101
0.00533543
0.0053298
0.00532444
0.00531868
0.00531342
0.00530816
0.00530254
0.00529713
0.00529165
0.00528605
0.00528102
0.0052753
0.00527004
0.00526441
0.00525905
0.00525376
0.00524849
0.00524295
0.00523751
0.00523232
0.00522677
0.00522148
0.00521611
0.00521069
0.0052052
0.00520016
0.00519473
0.00518949
0.00518391
0.00517861
0.00517329
0.00516785
0.00516291
0.00515719
0.00515193
0.00514716
0.00514142
0.00513643
0.00513095
0.00512566
0.00512035
0.00511539
0.00510995
0.00510467
0.00509923
0.00509411
0.00508904
0.00508362
0.00507835
0.00507344
0.00506797
0.00506284
0.00505764
0.00505234
0.00504744
0.00504193
0.0050371
0.00503186
0.00502656
0.00502116
0.00501626
0.00501114
0.00500572
0.0050008
0.0049955
0.00499054
0.00498537
0.00498006
0.00497515
0.00497009
0.00496478
0.00495971
0.00495475
0.00494933
0.00494458
0.0049394
0.00493449
0.00492931
0.00492433
0.00491913
0.00491417
0.00490872
0.00490389
0.00489879
0.00489394
0.00488888
0.00488368
0.00487885
0.00487381
0.00486889
0.00486369
0.00485894
0.00485375
0.00484856
0.00484378
0.00483911
0.0048337
0.00482896
0.00482385
0.00481886
0.00481408
0.00480912
0.00480419
0.00479928
0.00479415
0.00478936
0.00478431
0.00477973
0.00477469
0.0047695
0.00476495
0.0047597
0.00475489
0.00475009
0.00474514
0.00474021
0.00473546
0.00473079
0.00472569
0.00472099
0.00471607
0.0047112
0.00470611
0.00470158
0.0046967
0.00469181
0.00468693
0.00468232
0.00467727
0.00467249
0.00466783
0.00466282
0.00465821
0.00465334
0.00464878
0.00464364
0.00463921
0.00463429
0.00462931
0.00462479
0.00461989
0.00461528
0.00461044
0.00460572
0.00460096
0.00459624
0.00459148
0.00458677
0.00458224
0.00457739
0.00457272
0.00456798
0.00456326
0.00455863
0.00455375
0.00454927
0.00454445
0.00453993
0.00453512
0.00453039
0.00452584
0.0045214
0.00451641
0.00451213
0.00450724
0.00450272
0.0044981
0.00449362
0.00448861
0.00448429
0.00447955
0.00447496
0.00447037
0.00446582
0.00446123
0.0044563
0.00445212
0.00444747
0.00444274
0.00443828
0.00443379
0.00442915
0.00442464
0.00441997
0.00441543
0.00441085
0.00440646
0.00440173
0.00439752
0.00439313
0.00438804
0.00438401
0.00437899
0.00437495
0.00437025
0.00436589
0.00436132
0.00435689
0.00435229
0.00434787
0.00434362
0.00433887
0.00433455
0.00432995
0.00432543
0.00432112
0.00431658
0.00431212
0.00430792
0.00430334
0.00429896
0.00429438
0.00429012
0.00428564
0.00428137
0.00427683
0.00427252
0.0042681
0.00426343
0.00425944
0.0042547
0.00425061
0.00424607
0.00424175
0.00423744
0.00423296
0.0042287
0.00422448
0.0042201
0.00421565
0.00421151
0.00420709
0.00420272
0.00419853
0.00419379
0.00418995
0.00418529
0.00418103
0.00417678
0.00417263
0.00416826
0.00416356
0.0041596
0.00415538
0.00415103
0.00414684
0.00414244
0.00413834
0.00413405
0.00413002
0.00412532
0.00412135
0.00411694
0.00411264
0.00410854
0.00410436
0.0040999
0.0040961
0.00409142
0.00408768
0.00408315
0.00407911
0.0040749
0.00407068
0.00406641
0.00406248
0.00405784
0.00405402
0.00404975
0.00404559
0.00404163
0.00403733
0.00403319
0.00402886
0.00402485
0.00402062
0.00401654
0.00401227
0.00400833
0.00400418
0.00400015
0.00399592
0.00399183
0.00398774
0.00398357
0.00397956
0.00397522
0.00397126
0.00396734
0.00396312
0.00395904
0.00395496
0.00395075
0.0039469
0.00394291
0.00393884
0.00393493
0.00393064
0.00392649
0.00392265
0.00391853
0.00391461
0.00391024
0.0039065
0.00390253
0.00389847
0.00389441
0.00389048
0.00388655
0.00388221
0.00387854
0.00387457
0.00387041
0.00386647
0.00386253
0.0038584
0.00385459
0.00385076
0.00384642
0.00384283
0.00383877
0.00383493
0.00383069
0.00382715
0.00382297
0.0038191
0.00381503
0.00381114
0.00380725
0.00380316
0.00379936
0.00379544
0.0037916
0.00378774
0.00378369
0.00378001
0.00377579
0.00377225
0.00376805
0.00376436
0.0037603
0.00375665
0.00375258
0.00374884
0.00374491
0.00374117
0.00373731
0.00373349
0.00372962
0.00372589
0.00372196
0.00371817
0.00371426
0.00371049
0.00370663
0.00370273
0.00369901
0.00369509
0.00369119
0.00368762
0.00368368
0.00368019
0.00367619
0.00367258
0.00366856
0.00366477
0.0036608
0.00365743
0.00365357
0.00364978
0.00364602
0.00364236
0.00363836
0.00363467
0.00363118
0.0036271
0.00362352
0.00361982
0.0036159
0.0036124
0.00360862
0.00360487
0.00360126
0.00359759
0.00359395
0.00359009
0.00358648
0.00358273
0.00357891
0.00357508
0.00357179
0.00356785
0.00356437
0.00356073
0.00355687
0.00355346
0.00354946
0.00354598
0.00354265
0.0035386
0.00353525
0.00353135
0.00352787
0.00352415
0.0035204
0.0035172
0.00351311
0.00350965
0.00350619
0.00350241
0.00349896
0.00349509
0.0034917
0.003488
0.0034845
0.00348085
0.00347724
0.00347381
0.00346982
0.00346663
0.00346289
0.00345936
0.00345579
0.00345242
0.0034486
0.00344523
0.00344154
0.00343799
0.00343457
0.00343098
0.0034274
0.00342392
0.00342045
0.00341698
0.00341343
0.00340982
0.00340635
0.00340298
0.00339915
0.00339575
0.00339231
0.00338877
0.00338529
0.00338161
0.00337837
0.00337458
0.00337166
0.00336811
0.00336431
0.00336103
0.0033576
0.003354
0.00335069
0.00334731
0.00334371
0.00334034
0.0033367
0.0033334
0.00332983
0.00332668
0.00332312
0.00331944
0.00331639
0.00331286
0.00330935
0.00330613
0.00330272
0.00329922
0.00329567
0.00329261
0.0032889
0.0032857
0.00328219
0.00327873
0.00327557
0.00327222
0.00326881
0.00326533
0.00326201
0.0032586
0.00325538
0.00325187
0.0032485
0.00324554
0.00324181
0.00323866
0.00323528
0.00323185
0.0032289
0.00322492
0.00322189
0.00321858
0.00321513
0.00321193
0.00320862
0.00320537
0.00320223
0.00319876
0.00319561
0.00319195
0.00318886
0.00318571
0.00318235
0.00317888
0.00317566
0.0031725
0.0031691
0.0031662
0.00316248
0.00315935
0.00315609
0.00315296
0.00314954
0.00314638
0.0031432
0.00313989
0.0031367
0.00313337
0.00313012
0.00312725
0.00312359
0.00312073
0.00311726
0.00311409
0.00311099
0.00310746
0.00310439
0.00310122
0.00309805
0.00309493
0.00309176
0.00308862
0.0030853
0.00308215
0.00307893
0.00307568
0.00307277
0.00306934
0.00306631
0.00306312
0.00306002
0.003057
0.00305343
0.00305055
0.00304749
0.00304418
0.00304134
0.00303779
0.00303461
0.00303192
0.00302848
0.00302537
0.00302241
0.00301918
0.00301588
0.00301317
0.00300986
0.00300674
0.00300383
0.00300061
0.00299752
0.00299422
0.00299136
0.00298815
0.00298524
0.00298207
0.00297895
0.00297593
0.00297272
0.0029698
0.00296673
0.00296356
0.00296065
0.00295741
0.00295444
0.00295148
0.00294819
0.00294532
0.00294221
0.0029392
0.00293624
0.00293312
0.00293021
0.00292715
0.00292394
0.00292112
0.0029179
0.0029153
0.00291214
0.00290886
0.00290615
0.00290307
0.00290009
0.0028971
0.00289398
0.00289116
0.00288823
0.00288507
0.00288205
0.00287918
0.00287634
0.00287321
0.00287016
0.00286722
0.0028645
0.00286122
0.00285848
0.00285557
0.00285259
0.00284962
0.00284668
0.00284394
0.00284074
0.00283772
0.00283493
0.00283166
0.00282921
0.00282612
0.00282317
0.00282033
0.00281726
0.00281462
0.00281154
0.00280874
0.00280585
0.00280283
0.00280004
0.00279728
0.00279433
0.00279125
0.0027886
0.00278558
0.0027828
0.00277973
0.00277694
0.00277426
0.00277111
0.00276809
0.00276572
0.00276257
0.00275991
0.002757
0.00275409
0.00275107
0.0027485
0.00274553
0.00274259
0.00274006
0.00273704
0.00273429
0.00273144
0.00272853
0.00272598
0.0027228
0.00272003
0.00271729
0.00271453
0.00271168
0.00270908
0.00270617
0.00270319
0.0027006
0.00269763
0.00269505
0.00269208
0.00268937
0.00268669
0.00268374
0.00268123
0.00267822
0.00267564
0.00267268
0.00267006
0.00266727
0.00266442
0.00266164
0.00265899
0.00265636
0.00265354
0.00265074
0.00264818
0.00264531
0.00264235
0.00263989
0.00263709
0.00263414
0.00263174
0.00262902
0.00262619
0.00262344
0.00262079
0.00261818
0.00261521
0.00261277
0.00261005
0.00260715
0.00260439
0.00260195
0.00259915
0.00259638
0.00259392
0.00259101
0.00258842
0.00258574
0.00258307
0.00258045
0.00257778
0.002575
0.00257241
0.0025697
0.00256708
0.00256463
0.0025617
0.00255898
0.00255656
0.00255397
0.00255133
0.00254869
0.00254591
0.00254327
0.00254078
0.00253811
0.00253529
0.00253275
0.00253032
0.00252758
0.00252488
0.00252217
0.00252005
0.0025171
0.00251444
0.00251202
0.00250949
0.00250671
0.00250399
0.00250157
0.00249897
0.00249628
0.00249351
0.00249117
0.0024886
0.00248594
0.00248377
0.00248063
0.00247832
0.00247572
0.00247338
0.00247083
0.00246801
0.0024655
0.002463
0.0024606
0.00245806
0.00245531
0.00245264
0.00245033
0.00244797
0.00244512
0.00244256
0.00244016
0.00243763
0.00243518
0.00243252
0.00242983
0.0024275
0.00242516
0.00242251
0.00241995
0.00241763
0.00241491
0.00241239
0.00241014
0.00240754
0.00240498
0.00240238
0.00239981
0.00239751
0.00239487
0.00239263
0.00238997
0.00238773
0.00238514
0.00238247
0.00238035
0.00237783
0.00237511
0.00237273
0.00237037
0.0023679
0.00236555
0.00236295
0.00236041
0.00235831
0.00235571
0.00235313
0.00235094
0.00234845
0.00234597
0.00234359
0.00234086
0.00233855
0.00233647
0.00233371
0.00233141
0.00232907
0.00232644
0.00232403
0.00232193
0.00231931
0.00231686
0.00231452
0.00231216
0.0023098
0.00230731
0.00230491
0.00230245
0.00230013
0.00229771
0.00229536
0.00229304
0.0022906
0.00228837
0.00228591
0.00228358
0.00228128
0.0022789
0.00227663
0.00227398
0.00227177
0.00226948
0.00226709
0.00226475
0.00226232
0.0022599
0.00225767
0.00225525
0.00225288
0.00225073
0.00224822
0.0022457
0.00224376
0.00224137
0.00223893
0.00223669
0.0022341
0.00223191
0.00222975
0.00222751
0.00222508
0.00222287
0.00222011
0.00221832
0.00221598
0.00221356
0.00221124
0.00220879
0.00220665
0.00220446
0.00220193
0.0021999
0.00219766
0.00219523
0.00219288
0.00219075
0.00218864
0.00218608
0.00218379
0.00218194
0.00217935
0.00217688
0.00217485
0.00217262
0.00217038
0.00216809
0.00216589
0.00216357
0.00216128
0.00215892
0.00215691
0.0021546
0.00215234
0.00214992
0.00214792
0.00214575
0.00214346
0.00214118
0.00213891
0.00213695
0.00213457
0.00213232
0.00213013
0.00212765
0.00212592
0.00212336
0.00212119
0.00211917
0.00211684
0.00211468
0.00211245
0.00211045
0.00210806
0.00210592
0.00210363
0.00210179
0.00209936
0.00209696
0.00209496
0.0020928
0.00209055
0.00208867
0.00208652
0.00208401
0.00208187
0.00207989
0.00207773
0.00207542
0.00207332
0.00207109
0.00206892
0.00206694
0.00206482
0.00206271
0.00206043
0.00205835
0.00205623
0.00205401
0.00205215
0.00204999
0.00204783
0.00204529
0.00204329
0.00204128
0.00203917
0.00203708
0.00203481
0.00203283
0.00203074
0.00202847
0.00202634
0.00202449
0.00202225
0.00201989
0.00201802
0.00201603
0.00201391
0.00201165
0.0020096
0.00200777
0.00200552
0.00200332
0.00200117
0.00199912
0.00199713
0.00199513
0.00199322
0.00199079
0.00198868
0.00198667
0.0019849
0.00198277
0.0019803
0.00197854
0.00197657
0.00197448
0.00197225
0.00197034
0.00196824
0.00196626
0.00196425
0.00196221
0.00195993
0.00195801
0.00195606
0.00195407
0.00195197
0.00194989
0.00194796
0.00194575
0.00194377
0.00194187
0.0019401
0.00193759
0.00193576
0.0019336
0.00193171
0.00193001
0.00192771
0.00192565
0.00192358
0.00192157
0.00191981
0.0019181
0.00191538
0.00191363
0.00191174
0.00190984
0.00190779
0.00190577
0.00190378
0.00190185
0.00189971
0.00189781
0.00189602
0.00189387
0.00189197
0.00188983
0.00188788
0.00188592
0.00188417
0.00188201
0.00188002
0.00187789
0.00187629
0.00187437
0.00187223
0.00187026
0.0018684
0.00186642
0.00186458
0.00186254
0.00186049
0.00185865
0.00185669
0.00185489
0.00185281
0.001851
0.0018491
0.00184694
0.00184491
0.00184313
0.00184128
0.00183952
0.00183765
0.00183544
0.00183355
0.00183169
0.00182987
0.00182818
0.00182583
0.0018241
0.00182217
0.00182034
0.00181843
0.00181659
0.00181475
0.00181265
0.00181073
0.00180892
0.00180724
0.0018053
0.0018034
0.00180142
0.0017994
0.00179761
0.00179593
0.00179402
0.00179211
0.00179011
0.00178813
0.00178654
0.00178456
0.00178276
0.00178073
0.00177899
0.00177719
0.00177541
0.00177347
0.00177153
0.00176977
0.00176803
0.00176598
0.00176416
0.00176247
0.00176065
0.00175888
0.0017565
0.00175492
0.00175338
0.00175151
0.00174962
0.00174775
0.00174583
0.00174406
0.00174242
0.00174057
0.00173886
0.00173659
0.00173489
0.00173313
0.00173155
0.0017295
0.00172777
0.00172579
0.00172406
0.00172231
0.00172062
0.00171894
0.00171704
0.00171485
0.00171321
0.00171142
0.00170986
0.00170807
0.0017062
0.00170441
0.00170275
0.00170101
0.00169905
0.0016973
0.00169571
0.00169382
0.00169194
0.00169021
0.00168843
0.00168682
0.00168489
0.00168308
0.00168131
0.00167988
0.00167818
0.00167617
0.00167427
0.00167272
0.00167089
0.0016694
0.00166763
0.00166568
0.0016637
0.00166218
0.00166041
0.00165896
0.00165718
0.00165533
0.00165349
0.00165167
0.00164993
0.00164852
0.00164679
0.00164485
0.00164307
0.00164157
0.00163975
0.00163801
0.00163627
0.00163458
0.00163295
0.00163105
0.00162966
0.00162775
0.00162599
0.00162463
0.0016225
0.001621
0.00161933
0.0016176
0.00161587
0.00161436
0.00161259
0.00161074
0.00160911
0.00160767
0.00160589
0.00160407
0.00160214
0.00160077
0.00159929
0.00159753
0.00159589
0.00159403
0.00159229
0.00159071
0.00158913
0.00158749
0.00158585
0.00158417
0.00158239
0.00158057
0.00157909
0.00157761
0.00157585
0.00157418
0.00157257
0.0015709
0.00156921
0.00156759
0.00156598
0.00156441
0.00156249
0.00156115
0.0015594
0.00155785
0.00155622
0.00155448
0.00155282
0.00155127
0.00154951
0.00154811
0.00154679
0.00154492
0.00154302
0.0015415
0.00153996
0.00153805
0.00153661
0.00153524
0.00153347
0.00153201
0.00153042
0.00152869
0.00152702
0.0015254
0.00152376
0.00152233
0.00152092
0.00151934
0.00151745
0.0015157
0.00151427
0.00151272
0.00151115
0.00150963
0.00150801
0.0015063
0.00150482
0.00150335
0.00150168
0.00150006
0.00149855
0.00149694
0.00149535
0.00149391
0.00149219
0.00149077
0.00148911
0.00148756
0.00148595
0.00148429
0.00148288
0.0014814
0.00147981
0.00147834
0.00147678
0.00147508
0.00147365
0.00147193
0.00147052
0.00146906
0.00146742
0.00146576
0.00146423
0.0014628
0.00146121
0.0014597
0.00145838
0.00145679
0.00145524
0.00145341
0.00145178
0.00145043
0.00144907
0.00144788
0.00144624
0.00144452
0.00144273
0.00144127
0.00144004
0.00143849
0.00143693
0.00143541
0.00143388
0.00143246
0.00143103
0.0014294
0.00142792
0.00142616
0.00142501
0.0014234
0.00142204
0.00142031
0.00141894
0.00141751
0.00141603
0.00141466
0.00141292
0.00141134
0.00140972
0.00140855
0.00140704
0.0014056
0.00140431
0.00140254
0.00140105
0.00139959
0.00139827
0.00139691
0.00139552
0.00139387
0.00139215
0.00139065
0.00138937
0.00138816
0.00138666
0.00138525
0.00138358
0.00138192
0.00138054
0.00137926
0.00137773
0.00137627
0.00137486
0.00137352
0.00137221
0.00137072
0.00136918
0.00136766
0.00136622
0.00136498
0.0013634
0.00136197
0.00136037
0.00135909
0.0013576
0.0013564
0.001355
0.00135321
0.00135178
0.00135018
0.00134911
0.00134769
0.00134683
0.00134508
0.0013434
0.00134202
0.00134037
0.00133925
0.00133792
0.00133674
0.00133502
0.00133353
0.00133195
0.00133061
0.00132945
0.00132819
0.00132671
0.00132521
0.00132363
0.00132232
0.00132091
0.00131969
0.00131817
0.00131678
0.00131546
0.00131414
0.00131291
0.00131142
0.00130968
0.00130838
0.00130721
0.00130584
0.00130441
0.0013031
0.00130165
0.00130034
0.00129903
0.00129769
0.00129633
0.00129473
0.00129352
0.00129212
0.00129086
0.00128956
0.0012881
0.00128678
0.0012853
0.00128373
0.00128256
0.00128153
0.0012802
0.00127859
0.00127725
0.00127567
0.00127439
0.00127337
0.001272
0.00127066
0.0012692
0.00126784
0.00126669
0.00126523
0.001264
0.00126261
0.00126095
0.00125975
0.00125853
0.00125733
0.00125633
0.00125437
0.00125321
0.00125179
0.00125059
0.00124949
0.00124813
0.0012467
0.00124532
0.00124399
0.00124264
0.00124125
0.0012401
0.00123879
0.00123755
0.0012364
0.00123512
0.00123352
0.0012321
0.00123085
0.00122955
0.00122842
0.00122743
0.00122607
0.00122454
0.00122309
0.00122151
0.0012206
0.00121951
0.00121836
0.00121705
0.0012157
0.00121427
0.00121281
0.00121154
0.00121051
0.00120911
0.00120773
0.00120648
0.00120525
0.00120421
0.00120296
0.0012015
0.00120022
0.00119885
0.0011977
0.00119642
0.0011952
0.00119396
0.00119273
0.00119147
0.00119017
0.00118882
0.00118763
0.00118624
0.00118496
0.00118393
0.0011827
0.00118149
0.00118018
0.00117872
0.00117768
0.00117631
0.00117519
0.00117411
0.00117277
0.00117127
0.00116993
0.00116893
0.00116788
0.00116654
0.00116547
0.00116397
0.00116281
0.0011614
0.00116029
0.00115934
0.00115818
0.00115661
0.00115526
0.00115413
0.00115301
0.00115199
0.00115052
0.00114931
0.00114798
0.00114691
0.00114565
0.00114467
0.00114344
0.00114216
0.00114073
0.00113977
0.00113846
0.00113726
0.00113615
0.00113479
0.00113377
0.00113241
0.00113137
0.00113013
0.00112859
0.00112756
0.00112665
0.00112549
0.00112439
0.00112293
0.00112165
0.00112035
0.00111912
0.00111831
0.00111734
0.00111601
0.00111452
0.00111355
0.00111234
0.00111104
0.00111001
0.00110883
0.00110742
0.00110633
0.00110513
0.00110413
0.00110326
0.00110178
0.0011005
0.00109924
0.00109829
0.00109709
0.00109607
0.00109466
0.00109357
0.00109231
0.00109119
0.00109021
0.00108881
0.00108791
0.00108688
0.00108578
0.00108459
0.00108324
0.00108203
0.00108074
0.00107966
0.00107882
0.00107764
0.00107657
0.00107518
0.00107409
0.00107286
0.00107165
0.00107081
0.00106988
0.00106857
0.00106707
0.0010661
0.001065
0.00106371
0.0010628
0.00106173
0.00106061
0.00105929
0.00105819
0.00105732
0.00105601
0.00105498
0.00105372
0.00105255
0.00105138
0.00105039
0.00104955
0.00104854
0.00104732
0.00104602
0.00104474
0.00104356
0.00104254
0.00104175
0.00104071
0.00103945
0.00103844
0.00103705
0.00103599
0.00103486
0.00103386
0.00103285
0.00103195
0.00103056
0.00102961
0.00102838
0.00102732
0.00102627
0.00102523
0.0010242
0.00102318
0.00102178
0.0010207
0.00101967
0.0010188
0.00101754
0.0010166
0.00101554
0.00101424
0.00101331
0.00101217
0.00101114
0.00101013
0.00100897
0.00100795
0.00100677
0.00100581
0.00100483
0.00100385
0.00100264
0.00100162
0.00100038
0.000999157
0.000998199
0.000997236
0.000996439
0.0009954
0.000994393
0.000993061
0.000991982
0.000990649
0.000989773
0.000989028
0.000988028
0.000986837
0.000985663
0.000984878
0.000983759
0.000982362
0.000981335
0.000980399
0.000979466
0.000978477
0.000977481
0.000976322
0.000975494
0.000974243
0.000973282
0.000972232
0.000970949
0.000969971
0.000969166
0.000968286
0.000967309
0.000966167
0.000965163
0.000964017
0.000962806
0.000961866
0.000960927
0.00095998
0.000958779
0.000957798
0.000956602
0.000955683
0.000954824
0.000953993
0.000952912
0.000952059
0.000950892
0.000949647
0.00094851
0.00094756
0.00094672
0.000945989
0.000944916
0.000943576
0.000942689
0.000941643
0.000940694
0.000939743
0.000938687
0.000937523
0.000936568
0.000935843
0.000934598
0.000933668
0.000932715
0.000931746
0.000930904
0.000929779
0.000928716
0.000927886
0.000926768
0.000925637
0.000924769
0.000923885
0.000922864
0.000921831
0.000920935
0.000919978
0.000919015
0.000917991
0.000916981
0.000915889
0.000914933
0.000914011
0.000913265
0.000912096
0.000911245
0.000910307
0.000909173
0.000908168
0.000907089
0.000906408
0.000905513
0.000904291
0.000903183
0.00090253
0.000901512
0.000900578
0.000899686
0.00089852
0.000897752
0.000896705
0.000895874
0.000894816
0.00089397
0.000892915
0.000891956
0.000890927
0.000889814
0.000888907
0.000888287
0.000887361
0.00088621
0.000885331
0.000884416
0.000883582
0.000882543
0.000881629
0.000880526
0.00087976
0.000878884
0.000877746
0.000876897
0.000875888
0.000875095
0.000874225
0.000873314
0.000872478
0.000871133
0.000870362
0.000869336
0.000868131
0.000867575
0.000866725
0.000865932
0.000864684
0.000864115
0.000863178
0.000862173
0.000861057
0.000859932
0.00085905
0.00085842
0.000857383
0.000856568
0.000855599
0.000854907
0.000853992
0.00085308
0.000851987
0.00085098
0.000850152
0.000849175
0.00084835
0.000847352
0.000846382
0.000845863
0.000844764
0.000843872
0.000843039
0.000842095
0.000841153
0.000840206
0.000839363
0.000838331
0.000837447
0.000836748
0.000835952
0.000835048
0.000834256
0.000833104
0.000832082
0.00083107
0.00083031
0.000829493
0.000828636
0.000827627
0.000826896
0.000826148
0.000825171
0.000824376
0.000823424
0.00082267
0.000821576
0.000820694
0.000819897
0.000818859
0.000818188
0.000817329
0.000816375
0.000815318
0.000814527
0.000813793
0.000813002
0.000812004
0.000811009
0.000810166
0.000809484
0.000808643
0.000807788
0.00080713
0.000805907
0.000805001
0.000804246
0.000803269
0.000802529
0.000801658
0.000800807
0.000799952
0.000799341
0.000798527
0.000797523
0.000796562
0.000795682
0.000794677
0.000793843
0.000793028
0.000792064
0.000791347
0.000790836
0.000789911
0.000789082
0.000788029
0.000787284
0.000786396
0.00078555
0.000784673
0.000783872
0.000783053
0.00078229
0.000781386
0.00078041
0.000779623
0.000778886
0.000778181
0.00077726
0.000776316
0.000775451
0.000774789
0.00077387
0.00077294
0.000772148
0.00077124
0.000770493
0.000769723
0.000768943
0.000768214
0.000767292
0.000766476
0.000765678
0.000764979
0.000764066
0.000763209
0.000762301
0.000761426
0.000760684
0.000759665
0.000759135
0.00075835
0.000757618
0.000756822
0.000756109
0.000755203
0.000754077
0.000753212
0.000752504
0.000751653
0.000750879
0.000750093
0.000749406
0.000748837
0.000747952
0.000747067
0.000746289
0.000745355
0.00074461
0.000743626
0.00074286
0.000742274
0.000741571
0.000740817
0.000739849
0.000738901
0.000738232
0.000737499
0.000736691
0.00073585
0.000734777
0.000734018
0.000733438
0.000732863
0.000732177
0.000731406
0.000730621
0.000729623
0.000728859
0.000727901
0.000726943
0.000726366
0.000725695
0.000725126
0.000724304
0.000723332
0.000722599
0.000721727
0.000720882
0.000720162
0.000719335
0.000718685
0.000717877
0.000717247
0.000716608
0.000715842
0.000714872
0.000713948
0.000713246
0.000712382
0.00071191
0.000710943
0.000710271
0.000709605
0.000708936
0.000708098
0.00070738
0.000706592
0.000705699
0.00070473
0.000704194
0.000703418
0.000702658
0.000701931
0.000701109
0.000700551
0.000699918
0.000699161
0.000698195
0.000697318
0.000696444
0.000695655
0.000695011
0.000694451
0.000693867
0.000693141
0.000692427
0.000691703
0.000690831
0.000690043
0.000689058
0.000688256
0.00068742
0.000686595
0.000686119
0.000685514
0.000684889
0.000684273
0.00068361
0.000682687
0.000681924
0.00068117
0.000680402
0.00067961
0.00067883
0.00067814
0.000677524
0.000677024
0.00067621
0.000675367
0.00067456
0.000673816
0.000672867
0.000672301
0.000671424
0.00067062
0.000670259
0.000669417
0.000668998
0.000668205
0.000667504
0.000666762
0.000665813
0.00066508
0.000664495
0.000663824
0.000662998
0.000662408
0.000661698
0.000660942
0.000660348
0.00065947
0.000658662
0.000658083
0.000657293
0.000656551
0.000655882
0.000655424
0.000654582
0.000654003
0.000653416
0.000652386
0.000651675
0.000650865
0.00065013
0.000649359
0.000648723
0.000648193
0.000647507
0.000646943
0.000646333
0.000645532
0.000645046
0.000644254
0.000643192
0.000642559
0.000641849
0.000641238
0.000640603
0.00064004
0.000639429
0.000638468
0.000637759
0.00063701
0.000636299
0.000635603
0.000635116
0.000634415
0.000633902
0.00063316
0.00063246
0.000631803
0.00063093
0.000630293
0.000629669
0.000628793
0.000628291
0.000627475
0.000626994
0.000626268
0.000625639
0.000624806
0.000624149
0.000623449
0.00062282
0.000622039
0.000621456
0.000620856
0.000620275
0.000619682
0.000619
0.000618414
0.000617502
0.000616855
0.000616095
0.000615429
0.000614667
0.000613969
0.000613433
0.000612797
0.000612351
0.000611627
0.000611056
0.000610438
0.000609666
0.000609026
0.000608264
0.000607482
0.000606924
0.00060628
0.000605483
0.000604909
0.000604097
0.000603485
0.000603012
0.000602488
0.000601638
0.000601113
0.00060051
0.00059978
0.00059928
0.000598675
0.000598011
0.000597433
0.000596496
0.000595872
0.000595297
0.000594691
0.000594129
0.000593253
0.000592557
0.000591881
0.000591352
0.000590773
0.000590236
0.000589557
0.000588897
0.000588161
0.000587575
0.000586949
0.000586224
0.000585501
0.000585041
0.000584271
0.000583676
0.000583005
0.000582349
0.000581837
0.000581306
0.000580591
0.000580007
0.00057954
0.000578836
0.000578089
0.000577484
0.000576912
0.000576477
0.000575759
0.00057511
0.000574297
0.000573531
0.000573033
0.000572485
0.00057195
0.00057128
0.000570545
0.000570094
0.000569376
0.000568752
0.00056823
0.000567651
0.000566977
0.000566408
0.000565746
0.000565097
0.000564605
0.000563818
0.000563158
0.000562631
0.000561857
0.000561466
0.000560732
0.000560075
0.000559581
0.000559053
0.00055831
0.00055783
0.000557212
0.000556734
0.000556087
0.000555426
0.000554875
0.000554247
0.00055359
0.000552984
0.000552423
0.000551854
0.000551145
0.000550624
0.00055003
0.000549439
0.000548705
0.000547977
0.000547543
0.000547038
0.00054645
0.000545971
0.000545323
0.000544743
0.000544225
0.000543496
0.000542887
0.000542326
0.000541588
0.000540957
0.000540492
0.000540064
0.000539504
0.000538829
0.000538314
0.000537631
0.000537244
0.000536497
0.000535835
0.00053517
0.000534817
0.000534012
0.000533435
0.000532898
0.000532289
0.000531877
0.000531141
0.000530466
0.000529983
0.000529483
0.000528929
0.000528288
0.000527653
0.000527255
0.000526541
0.000526087
0.000525552
0.000524693
0.000524295
0.000523866
0.00052322
0.000522744
0.000522129
0.000521641
0.00052096
0.00052027
0.000519792
0.000519268
0.000518746
0.000518038
0.000517488
0.000516929
0.000516349
0.000515949
0.000515354
0.000514842
0.00051421
0.000513717
0.000513086
0.000512438
0.000511852
0.000511193
0.000510715
0.00051009
0.000509624
0.000508999
0.000508559
0.000508053
0.000507584
0.000507137
0.000506666
0.00050592
0.00050537
0.00050467
0.000504081
0.000503367
0.000502973
0.000502445
0.000501844
0.000501516
0.00050099
0.000500465
0.000500099
0.000499577
0.00049899
0.000498377
0.000497421
0.000497036
0.000496554
0.000495956
0.000495303
0.000494768
0.000494193
0.000493733
0.000493306
0.000492863
0.000492368
0.000491826
0.000491206
0.000490808
0.000490134
0.000489564
0.000489012
0.000488379
0.000487823
0.000487343
0.000486795
0.000486337
0.000486021
0.00048528
0.000484721
0.000484245
0.000483914
0.000483441
0.000482795
0.000482217
0.000481457
0.000481021
0.000480467
0.000479893
0.000479303
0.000478905
0.000478443
0.00047797
0.000477436
0.00047717
0.000476663
0.000476011
0.000475509
0.000474677
0.000474049
0.000473635
0.0004732
0.00047261
0.000472163
0.000471498
0.000471155
0.000470795
0.000470279
0.000469917
0.000469329
0.000468904
0.000468237
0.000467606
0.000467079
0.000466651
0.000466257
0.000465549
0.000464951
0.000464646
0.000464111
0.000463535
0.000463043
0.000462552
0.000462194
0.000461741
0.000460888
0.000460309
0.000459763
0.000459154
0.000458708
0.000458271
0.000457887
0.000457439
0.000457203
0.000456621
0.000456111
0.000455577
0.000455194
0.000454783
0.000454156
0.000453589
0.000452923
0.000452354
0.000451856
0.000451476
0.000450922
0.000450493
0.000450056
0.000449645
0.000449306
0.000448708
0.000448362
0.000447822
0.000447204
0.000446812
0.000446327
0.00044554
0.000444926
0.000444477
0.00044396
0.00044366
0.000443185
0.000442641
0.000442147
0.000441529
0.000441363
0.000440676
0.000440333
0.000439831
0.000439439
0.000438897
0.000438346
0.00043772
0.000437326
0.000437032
0.000436555
0.000436051
0.000435674
0.000434963
0.000434391
0.000434027
0.000433602
0.00043328
0.0004329
0.000432265
0.000431797
0.00043123
0.00043066
0.000430172
0.00042973
0.000429331
0.000428815
0.00042826
0.00042778
0.000427326
0.000426955
0.000426411
0.00042605
0.000425601
0.000425223
0.00042475
0.000424321
0.000423966
0.000423364
0.000422845
0.000422434
0.000421893
0.000421299
0.000420873
0.000420288
0.000419736
0.000419449
0.000418997
0.000418578
0.000418265
0.000417765
0.000417305
0.000417039
0.000416567
0.000416048
0.000415444
0.000414943
0.000414503
0.000414027
0.000413615
0.000413013
0.000412539
0.000412036
0.000411679
0.000411214
0.00041085
0.000410493
0.000410068
0.000409585
0.000409103
0.00040851
0.000408107
0.000407734
0.000407238
0.000406718
0.000406187
0.000405809
0.000405434
0.000405002
0.000404494
0.000404223
0.000403888
0.000403439
0.000403014
0.000402686
0.00040218
0.000401606
0.000401195
0.000400667
0.000400174
0.000399526
0.000399183
0.000398708
0.000398083
0.00039773
0.000397295
0.000396983
0.00039656
0.000396271
0.000395877
0.000395293
0.000394962
0.000394558
0.000394099
0.00039378
0.000393264
0.000392928
0.000392178
0.000391722
0.000391275
0.000390867
0.00039045
0.000389872
0.000389416
0.000389204
0.000388746
0.00038833
0.000387991
0.000387666
0.000387395
0.000386876
0.0003865
0.000386064
0.000385681
0.000385257
0.000384718
0.000384394
0.000383761
0.000383119
0.000382712
0.000382126
0.000381792
0.000381383
0.000381006
0.000380578
0.000380238
0.000379779
0.000379412
0.000379168
0.000378586
0.00037824
0.000377763
0.000377426
0.000376877
0.000376502
0.000376149
0.000375803
0.000375435
0.000375005
0.00037455
0.000373974
0.000373691
0.000373395
0.000372965
0.000372533
0.000372033
0.000371627
0.000371152
0.000370718
0.000370346
0.000369857
0.000369536
0.00036909
0.00036865
0.000368267
0.00036778
0.000367496
0.000366905
0.000366716
0.000366163
0.000365795
0.000365418
0.000365155
0.00036464
0.000364263
0.000363755
0.000363384
0.000363062
0.000362686
0.000362383
0.000361996
0.000361626
0.000361102
0.00036076
0.00036034
0.000359764
0.000359452
0.000359056
0.00035886
0.000358597
0.000357903
0.000357378
0.000357009
0.000356585
0.000356219
0.000355691
0.000355323
0.000354963
0.000354636
0.000354292
0.000353771
0.000353433
0.000353105
0.000352662
0.00035227
0.000351989
0.000351572
0.00035121
0.000350861
0.00035047
0.00035021
0.000349655
0.000349306
0.000348858
0.00034859
0.000348118
0.00034781
0.000347409
0.000347012
0.000346704
0.000346265
0.000345917
0.000345365
0.000345121
0.000344608
0.000344245
0.000343767
0.000343513
0.000343086
0.000342517
0.000342283
0.000341892
0.000341541
0.000340997
0.000340707
0.000340443
0.000339906
0.000339425
0.000339059
0.000338869
0.000338459
0.000338208
0.00033775
0.000337487
0.000337114
0.000336696
0.000336285
0.000335959
0.000335687
0.000335103
0.000334749
0.000334348
0.000333944
0.000333605
0.000333284
0.000332957
0.000332747
0.000332278
0.000331913
0.000331501
0.000331162
0.000330839
0.000330493
0.000329956
0.0003295
0.000329154
0.000328749
0.000328351
0.000328063
0.000327723
0.00032737
0.000327071
0.000326701
0.000326209
0.000325982
0.000325591
0.000325191
0.000324932
0.000324511
0.000324165
0.000323712
0.000323421
0.00032321
0.000322687
0.000322548
0.000322087
0.00032166
0.000321276
0.00032097
0.000320578
0.000320152
0.000319989
0.000319402
0.00031918
0.000318806
0.000318458
0.00031798
0.000317579
0.000317226
0.000316963
0.000316674
0.000316279
0.000315901
0.000315546
0.00031506
0.000314796
0.000314436
0.000314109
0.000313803
0.000313251
0.000313049
0.000312771
0.000312498
0.000312048
0.000311684
0.000311473
0.000311096
0.000310824
0.00031051
0.000310121
0.000309671
0.000309473
0.000309042
0.000308707
0.000308377
0.000308161
0.00030757
0.000307254
0.000307031
0.000306407
0.000306173
0.000305774
0.000305538
0.000305114
0.000304769
0.000304359
0.000304234
0.000303887
0.000303476
0.000303205
0.000302858
0.000302377
0.000302159
0.000301577
0.000301144
0.000300919
0.000300729
0.000300391
0.000300121
0.000299882
0.000299605
0.000299193
0.000298799
0.000298496
0.000298106
0.00029764
0.000297393
0.000297166
0.000296759
0.00029647
0.000296224
0.000295671
0.00029552
0.000294981
0.000294727
0.000294363
0.000294007
0.000293549
0.000293185
0.000292946
0.000292598
0.000292417
0.000292138
0.000291903
0.000291514
0.000291117
0.000290763
0.000290378
0.000290181
0.000289855
0.000289458
0.000289079
0.000288881
0.000288342
0.000288224
0.000287975
0.000287697
0.000287428
0.000287074
0.000286806
0.000286302
0.000286183
0.000285858
0.00028556
0.000285103
0.000284757
0.000284367
0.000284101
0.000283929
0.000283286
0.00028285
0.000282672
0.000282348
0.000282239
0.000281592
0.000281177
0.000280969
0.000280756
0.000280421
0.000280047
0.000279779
0.000279569
0.000279187
0.000278893
0.000278572
0.000278348
0.000278044
0.000277868
0.000277656
0.000277198
0.000277001
0.000276788
0.000276377
0.000275996
0.000275566
0.000275299
0.000274804
0.000274425
0.000273941
0.000273692
0.000273374
0.000273204
0.000272771
0.000272461
0.000272406
0.000271993
0.000271771
0.000271444
0.000271215
0.000270967
0.000270651
0.000270433
0.000270218
0.000269976
0.000269644
0.000269333
0.000269088
0.000268689
0.000268238
0.000268093
0.000267687
0.000267352
0.000267065
0.000266625
0.00026627
0.000265969
0.000265761
0.000265331
0.000265182
0.000264802
0.00026459
0.00026428
0.000264026
0.00026376
0.000263399
0.000263277
0.000262996
0.00026252
0.000262133
0.000261801
0.00026152
0.000261464
0.000260983
0.000260633
0.000260464
0.000259975
0.000259675
0.000259334
0.000258966
0.000258804
0.000258595
0.000258309
0.000257979
0.000257914
0.000257582
0.000257411
0.000257208
0.000256794
0.000256492
0.00025628
0.000255819
0.000255547
0.000255278
0.000254881
0.0002546
0.000254259
0.000254048
0.000253611
0.000253398
0.000253214
0.000252677
0.000252344
0.000252204
0.000251803
0.000251559
0.000251169
0.000251025
0.000250706
0.000250625
0.000250298
0.000250179
0.000249888
0.000249577
0.000249188
0.000248915
0.000248701
0.000248334
0.000248024
0.000247775
0.000247616
0.000247376
0.000247212
0.00024692
0.000246614
0.000246169
0.000245965
0.000245505
0.00024533
0.000245036
0.000244661
0.000244427
0.000244295
0.000243873
0.00024339
0.000243263
0.000243119
0.000242598
0.000242474
0.000242106
0.000241678
0.000241355
0.000241073
0.00024098
0.000240767
0.00024058
0.000240454
0.000240163
0.000239868
0.0002394
0.000239334
0.000239041
0.000238855
0.000238576
0.000238398
0.000238045
0.000237895
0.000237566
0.000237158
0.000236888
0.000236563
0.000236331
0.000235913
0.00023559
0.000235187
0.000234825
0.000234651
0.000234357
0.0002341
0.000233775
0.000233625
0.000233436
0.000233145
0.000232773
0.000232685
0.000232549
0.000232336
0.00023219
0.000231878
0.000231599
0.000231358
0.000231239
0.000230829
0.000230618
0.000230414
0.000230228
0.000229776
0.000229611
0.000229307
0.000229108
0.000228771
0.000228598
0.000228217
0.000227756
0.000227337
0.000227169
0.000226989
0.000226682
0.000226396
0.000226031
0.000226019
0.000225689
0.000225354
0.000225139
0.000224941
0.000224607
0.000224431
0.000223985
0.000223822
0.000223626
0.000223382
0.000223245
0.000222984
0.000222797
0.000222414
0.000222133
0.000222173
0.000221717
0.000221521
0.000221251
0.000220911
0.000220617
0.000220439
0.000220169
0.000219816
0.00021962
0.000219335
0.000219206
0.00021881
0.000218419
0.000218216
0.000218022
0.000217747
0.00021744
0.000217276
0.000217098
0.000216943
0.000216616
0.000216502
0.000216131
0.000216089
0.000215807
0.000215698
0.000215293
0.000215199
0.000214897
0.000214509
0.000214407
0.000214078
0.000213914
0.000213612
0.000213423
0.000213011
0.000212828
0.00021258
0.000212372
0.000212131
0.000211628
0.000211429
0.000211123
0.000210917
0.000210632
0.00021028
0.000210111
0.000209965
0.000209589
0.000209607
0.000209234
0.000209134
0.000208877
0.000208541
0.000208358
0.000208005
0.000207786
0.000207414
0.000207387
0.000207111
0.000206974
0.000206869
0.00020656
0.000206322
0.000206004
0.00020587
0.000205561
0.000205341
0.000205079
0.000204821
0.000204525
0.000204264
0.000204114
0.000203753
0.000203439
0.00020329
0.000203143
0.000202892
0.000202668
0.000202546
0.00020224
0.00020202
0.000201899
0.00020158
0.000201422
0.000201321
0.00020106
0.000200727
0.000200542
0.000200173
0.00020007
0.00019985
0.000199627
0.000199396
0.000199133
0.000198884
0.00019875
0.000198499
0.000198312
0.000198119
0.000197769
0.000197717
0.000197293
0.000197101
0.000196721
0.000196428
0.000196269
0.000196139
0.000195929
0.00019557
0.000195348
0.000195097
0.000194946
0.000194847
0.000194557
0.0001944
0.000194042
0.00019386
0.000193517
0.000193382
0.000193164
0.000192855
0.000192626
0.000192507
0.000192189
0.000191958
0.000191867
0.000191557
0.000191371
0.000191173
0.0001909
0.000190728
0.000190586
0.000190314
0.000190153
0.000189878
0.00018956
0.000189366
0.000189181
0.000188981
0.000188779
0.000188559
0.000188192
0.000188013
0.000187746
0.000187699
0.000187531
0.000187313
0.00018704
0.000186742
0.000186587
0.000186407
0.000186184
0.00018595
0.000185857
0.000185612
0.000185305
0.000185307
0.000184995
0.000184792
0.000184657
0.000184396
0.000184235
0.000183992
0.000183658
0.000183648
0.000183354
0.00018316
0.000182967
0.000182937
0.000182614
0.000182123
0.000181879
0.00018182
0.000181641
0.000181453
0.000181292
0.000180933
0.000180924
0.000180522
0.000180343
0.000180087
0.000179871
0.000179815
0.000179528
0.000179222
0.000178983
0.000178669
0.000178531
0.000178254
0.000177941
0.000177825
0.000177592
0.000177409
0.000177331
0.000177186
0.000176936
0.000176702
0.00017655
0.000176452
0.000176191
0.000176059
0.000175906
0.000175594
0.000175438
0.000175247
0.000174976
0.000174778
0.000174479
0.000174215
0.000174178
0.000173775
0.000173652
0.000173463
0.000173339
0.000173223
0.000173028
0.000172714
0.000172657
0.000172526
0.00017237
0.000172073
0.000171874
0.000171772
0.000171538
0.000171422
0.000171073
0.000170962
0.000170686
0.000170469
0.000170311
0.000170133
0.000169923
0.000169783
0.00016959
0.000169301
0.000169051
0.000168785
0.000168495
0.000168416
0.000168268
0.00016812
0.000167919
0.000167759
0.000167483
0.000167369
0.00016694
0.00016674
0.000166624
0.000166272
0.000166088
0.000165839
0.000165667
0.000165372
0.000165283
0.000165233
0.000165002
0.000164781
0.000164634
0.000164495
0.000164371
0.000164215
0.00016404
0.000163737
0.000163599
0.000163463
0.000163316
0.000163089
0.000163068
0.000162868
0.000162593
0.000162407
0.000162136
0.000162079
0.000161831
0.000161793
0.000161413
0.000161299
0.00016105
0.000160857
0.00016074
0.000160578
0.000160498
0.000160237
0.000159918
0.000159778
0.000159634
0.000159204
0.000159218
0.000158923
0.000158738
0.000158617
0.000158554
0.000158259
0.00015798
0.000157828
0.000157662
0.000157307
0.000157367
0.000157101
0.00015683
0.000156803
0.000156533
0.000156399
0.000156092
0.000156107
0.00015591
0.000155678
0.000155429
0.000155415
0.000155226
0.000154835
0.000154671
0.000154516
0.000154402
0.000154158
0.000153793
0.000153723
0.00015354
0.000153308
0.000153203
0.000153105
0.000152916
0.000152781
0.000152606
0.00015253
0.000152263
0.000152124
0.000151821
0.000151734
0.00015161
0.000151347
0.000151203
0.000151032
0.000150787
0.000150666
0.000150555
0.000150379
0.000150171
0.000149917
0.000149726
0.000149604
0.000149559
0.000149244
0.000149076
0.000148893
0.000148894
0.000148581
0.000148591
0.000148254
0.000148085
0.000147947
0.000147721
0.000147575
0.000147386
0.000147251
0.000147183
0.000146927
0.000146695
0.000146652
0.000146455
0.000146234
0.000146044
0.000145895
0.000145919
0.000145534
0.000145603
0.000145231
0.000145048
0.000145004
0.000144789
0.000144701
0.000144515
0.000144258
0.000144109
0.000143942
0.000143738
0.000143397
0.000143186
0.000142963
0.000142802
0.000142704
0.000142534
0.000142162
0.00014203
0.000141794
0.00014172
0.000141554
0.000141393
0.000141395
0.000141207
0.000141112
0.000141041
0.000140779
0.000140592
0.000140542
0.00014045
0.000140128
0.00013989
0.000139796
0.000139589
0.000139469
0.000139209
0.000139065
0.000138976
0.000138903
0.000138859
0.000138531
0.000138364
0.000138361
0.000138341
0.000138072
0.000137858
0.000137788
0.000137622
0.000137527
0.000137225
0.000137035
0.000136784
0.000136552
0.000136496
0.000136203
0.000136084
0.000135832
0.000135592
0.000135529
0.000135487
0.000135333
0.000135329
0.000135202
0.000135092
0.000134921
0.000134626
0.000134421
0.00013433
0.000134265
0.000134084
0.000133647
0.00013358
0.000133414
0.000133387
0.000132938
0.000132882
0.00013264
0.000132522
0.000132378
0.000132157
0.000132146
0.000131855
0.000131851
0.000131603
0.00013162
0.000131261
0.000131188
0.000130794
0.000130989
0.000130557
0.000130382
0.000130352
0.000130138
0.000130166
0.000129936
0.000129815
0.00012968
0.000129645
0.000129497
0.000129267
0.000129242
0.000129126
0.000128827
0.000128777
0.000128616
0.000128333
0.000128349
0.00012818
0.000128079
0.000127903
0.00012771
0.000127544
0.000127439
0.000127392
0.000127186
0.000127062
0.000126734
0.000126688
0.00012644
0.000126383
0.000126227
0.00012592
0.000125848
0.000125623
0.000125464
0.000125421
0.000125276
0.000124958
0.000125072
0.000124779
0.000124737
0.000124638
0.000124463
0.000124283
0.000124207
0.000124009
0.000123942
0.000123888
0.000123567
0.000123307
0.000123311
0.000123028
0.000122803
0.000122795
0.000122555
0.0001226
0.000122282
0.000121992
0.000121932
0.000121624
0.000121591
0.000121497
0.000121404
0.000121361
0.000121176
0.000120766
0.000120782
0.000120681
0.00012048
0.000120484
0.000120348
0.000120243
0.000119946
0.000119981
0.000119801
0.000119752
0.000119608
0.000119471
0.000119341
0.000119052
0.000119133
0.000118837
0.000118652
0.000118648
0.000118529
0.000118236
0.000118365
0.000118144
0.000118094
0.000117816
0.000117656
0.000117487
0.00011745
0.000117186
0.000117135
0.000116995
0.000116831
0.000116792
0.000116515
0.000116449
0.000116188
0.000116075
0.000115924
0.000116005
0.000115615
0.000115517
0.00011546
0.000115219
0.000115316
0.000115082
0.000114881
0.00011497
0.000114805
0.000114417
0.000114159
0.000114077
0.000114052
0.000113964
0.000113785
0.00011355
0.000113333
0.000113379
0.000113041
0.000112875
0.000112822
0.000112684
0.000112691
0.000112264
0.000112172
0.000112039
0.000112087
0.000111956
0.000111772
0.000111737
0.000111447
0.000111389
0.000111236
0.000111051
0.000111181
0.000110942
0.000110781
0.000110766
0.000110708
0.000110689
0.000110368
0.000110419
0.000110205
0.000110158
0.000109977
0.000109817
0.000109687
0.000109757
0.000109344
0.000109479
0.000109075
0.000108888
0.000108727
0.000108547
0.000108408
0.000108376
0.000108254
0.000108259
0.00010797
0.000108033
0.000107839
0.000107825
0.00010769
0.000107524
0.000107367
0.000107325
0.000106903
0.00010711
0.000106759
0.00010658
0.000106603
0.00010644
0.000106456
0.000106432
0.000106233
0.000105928
0.000105961
0.000105687
0.000105526
0.000105424
0.000105179
0.000104978
0.000105088
0.000104682
0.000104637
0.000104513
0.000104433
0.00010427
0.00010398
0.000104013
0.000103877
0.000103695
0.000103472
0.000103435
0.0001033
0.000103264
0.000103246
0.000103132
0.000102868
0.000102813
0.000102784
0.000102651
0.000102524
0.000102491
0.000102565
0.000102348
0.000102201
0.000102172
0.00010203
0.000101912
0.000101743
0.000101457
0.000101301
0.000101378
0.000101137
0.000100848
0.000100817
0.000100749
0.000100612
0.000100604
0.000100461
0.000100284
0.000100309
0.000100037
0.000100124
9.97631e-05
