   0.774402
          1
          1
          1
          1
          1
          1
          1
          1
          1
          1
          1
          1
          1
          1
          1
          1
          1
          1
          1
          1
          1
          1
          1
          1
          1
          1
          1
          1
          1
   0.774847
   0.753148
          1
          1
          1
          1
          1
          1
          1
          1
          1
          1
          1
          1
          1
          1
          1
          1
          1
          1
          1
          1
          1
          1
          1
          1
          1
          1
          1
          1
          1
   0.753564
   0.732146
          1
          1
          1
          1
          1
          1
          1
          1
          1
          1
          1
          1
          1
          1
          1
          1
          1
          1
          1
          1
          1
          1
          1
          1
          1
          1
          1
          1
          1
   0.732533
   0.711399
          1
          1
          1
          1
          1
          1
          1
          1
          1
          1
          1
          1
          1
          1
          1
          1
          1
          1
          1
          1
          1
          1
          1
          1
          1
          1
          1
          1
          1
   0.711759
   0.690912
          1
          1
          1
          1
          1
          1
          1
          1
          1
          1
          1
          1
          1
          1
          1
          1
          1
          1
          1
          1
          1
          1
          1
          1
          1
          1
          1
          1
          1
   0.691245
   0.670689
          1
          1
          1
          1
          1
          1
          1
          1
          1
          1
          1
          1
          1
          1
          1
          1
          1
          1
          1
          1
          1
          1
          1
          1
          1
          1
          1
          1
          1
   0.670995
   0.650732
          1
          1
          1
          1
          1
          1
          1
          1
          1
          1
          1
          1
          1
          1
          1
          1
          1
          1
          1
          1
          1
          1
          1
          1
          1
          1
          1
          1
          1
   0.651015
   0.631047
          1
          1
          1
          1
          1
          1
          1
          1
          1
          1
          1
          1
          1
          1
          1
          1
          1
          1
          1
          1
          1
          1
          1
          1
          1
          1
          1
          1
          1
   0.631306
   0.611637
          1
          1
          1
          1
          1
          1
          1
          1
          1
          1
          1
          1
          1
          1
          1
          1
          1
          1
          1
          1
          1
          1
          1
          1
          1
          1
          1
          1
          1
   0.611876
   0.592504
          1
          1
          1
          1
          1
          1
          1
          1
          1
          1
          1
          1
          1
          1
          1
          1
          1
          1
          1
          1
          1
          1
          1
          1
          1
          1
          1
          1
          1
   0.592724
   0.573653
          1
          1
          1
          1
          1
          1
          1
          1
          1
          1
          1
          1
          1
          1
          1
          1
          1
          1
          1
          1
          1
          1
          1
          1
          1
          1
          1
          1
          1
   0.573856
   0.555085
          1
          1
          1
          1
          1
          1
          1
          1
          1
          1
          1
          1
          1
          1
          1
          1
          1
          1
          1
          1
          1
          1
          1
          1
          1
          1
          1
          1
          1
   0.555273
   0.536805
          1
          1
          1
          1
          1
          1
          1
          1
          1
          1
          1
          1
          1
          1
          1
          1
          1
          1
          1
          1
          1
          1
          1
          1
          1
          1
          1
          1
          1
   0.536978
   0.518814
          1
          1
          1
          1
          1
          1
          1
          1
          1
          1
          1
          1
          1
          1
          1
          1
          1
          1
          1
          1
          1
          1
          1
          1
          1
          1
          1
          1
          1
   0.518973
   0.501114
   0.997416
          1
          1
          1
          1
          1
          1
          1
          1
          1
          1
          1
          1
          1
          1
          1
          1
          1
          1
          1
          1
          1
          1
          1
          1
          1
          1
          1
   0.997688
    0.50126
   0.483705
   0.962766
          1
          1
          1
          1
          1
          1
          1
          1
          1
          1
          1
          1
          1
          1
          1
          1
          1
          1
          1
          1
          1
          1
          1
          1
          1
          1
          1
   0.963015
    0.48384
   0.466591
   0.928701
          1
          1
          1
          1
          1
          1
          1
          1
          1
          1
          1
          1
          1
          1
          1
          1
          1
          1
          1
          1
          1
          1
          1
          1
          1
          1
          1
   0.928929
   0.466714
   0.449772
   0.895224
          1
          1
          1
          1
          1
          1
          1
          1
          1
          1
          1
          1
          1
          1
          1
          1
          1
          1
          1
          1
          1
          1
          1
          1
          1
          1
          1
    0.89543
   0.449883
   0.433249
   0.862337
          1
          1
          1
          1
          1
          1
          1
          1
          1
          1
          1
          1
          1
          1
          1
          1
          1
          1
          1
          1
          1
          1
          1
          1
          1
          1
          1
   0.862521
   0.433349
   0.417023
    0.83004
          1
          1
          1
          1
          1
          1
          1
          1
          1
          1
          1
          1
          1
          1
          1
          1
          1
          1
          1
          1
          1
          1
          1
          1
          1
          1
          1
   0.830204
   0.417112
   0.401097
    0.79834
          1
          1
          1
          1
          1
          1
          1
          1
          1
          1
          1
          1
          1
          1
          1
          1
          1
          1
          1
          1
          1
          1
          1
          1
          1
          1
          1
   0.798478
   0.401172
   0.385469
   0.767233
          1
          1
          1
          1
          1
          1
          1
          1
          1
          1
          1
          1
          1
          1
          1
          1
          1
          1
          1
          1
          1
          1
          1
          1
          1
          1
          1
   0.767347
    0.38553
   0.370139
    0.73672
          1
          1
          1
          1
          1
          1
          1
          1
          1
          1
          1
          1
          1
          1
          1
          1
          1
          1
          1
          1
          1
          1
          1
          1
          1
          1
          1
   0.736811
   0.370188
   0.355108
   0.706802
          1
          1
          1
          1
          1
          1
          1
          1
          1
          1
          1
          1
          1
          1
          1
          1
          1
          1
          1
          1
          1
          1
          1
          1
          1
          1
          1
   0.706871
   0.355146
   0.340378
   0.677482
          1
          1
          1
          1
          1
          1
          1
          1
          1
          1
          1
          1
          1
          1
          1
          1
          1
          1
          1
          1
          1
          1
          1
          1
          1
          1
          1
    0.67753
   0.340404
   0.325947
   0.648759
   0.965328
          1
          1
          1
          1
          1
          1
          1
          1
          1
          1
          1
          1
          1
          1
          1
          1
          1
          1
          1
          1
          1
          1
          1
          1
          1
   0.965365
   0.648787
   0.325962
   0.311817
   0.620633
   0.923477
          1
          1
          1
          1
          1
          1
          1
          1
          1
          1
          1
          1
          1
          1
          1
          1
          1
          1
          1
          1
          1
          1
          1
          1
          1
   0.923495
   0.620647
   0.311824
   0.297987
   0.593106
   0.882516
          1
          1
          1
          1
          1
          1
          1
          1
          1
          1
          1
          1
          1
          1
          1
          1
          1
          1
          1
          1
          1
          1
          1
          1
          1
   0.882516
   0.593106
   0.297987
   0.284458
   0.566178
   0.842448
          1
          1
          1
          1
          1
          1
          1
          1
          1
          1
          1
          1
          1
          1
          1
          1
          1
          1
          1
          1
          1
          1
          1
          1
          1
   0.842435
   0.566168
   0.284453
   0.271233
   0.539855
   0.803279
          1
          1
          1
          1
          1
          1
          1
          1
          1
          1
          1
          1
          1
          1
          1
          1
          1
          1
          1
          1
          1
          1
          1
          1
          1
   0.803251
   0.539834
   0.271222
    0.25831
   0.514133
   0.765006
          1
          1
          1
          1
          1
          1
          1
          1
          1
          1
          1
          1
          1
          1
          1
          1
          1
          1
          1
          1
          1
          1
          1
          1
          1
   0.764967
   0.514105
   0.258295
   0.245691
   0.489016
   0.727632
   0.959243
          1
          1
          1
          1
          1
          1
          1
          1
          1
          1
          1
          1
          1
          1
          1
          1
          1
          1
          1
          1
          1
          1
          1
   0.959183
   0.727584
    0.48898
   0.245672
   0.233376
   0.464504
   0.691159
   0.911158
          1
          1
          1
          1
          1
          1
          1
          1
          1
          1
          1
          1
          1
          1
          1
          1
          1
          1
          1
          1
          1
          1
          1
   0.911089
   0.691101
   0.464462
   0.233353
   0.221365
   0.440597
   0.655586
   0.864263
          1
          1
          1
          1
          1
          1
          1
          1
          1
          1
          1
          1
          1
          1
          1
          1
          1
          1
          1
          1
          1
          1
          1
   0.864182
    0.65552
   0.440549
   0.221339
   0.209658
   0.417295
   0.620914
   0.818555
          1
          1
          1
          1
          1
          1
          1
          1
          1
          1
          1
          1
          1
          1
          1
          1
          1
          1
          1
          1
          1
          1
          1
   0.818465
   0.620841
   0.417243
    0.20963
   0.198257
   0.394603
   0.587148
   0.774038
   0.953475
          1
          1
          1
          1
          1
          1
          1
          1
          1
          1
          1
          1
          1
          1
          1
          1
          1
          1
          1
          1
          1
   0.953366
   0.773941
   0.587068
   0.394545
   0.198226
   0.187159
   0.372515
   0.554282
   0.730711
   0.900104
          1
          1
          1
          1
          1
          1
          1
          1
          1
          1
          1
          1
          1
          1
          1
          1
          1
          1
          1
          1
          1
    0.89999
   0.730611
     0.5542
   0.372455
   0.187127
   0.176368
   0.351035
   0.522321
   0.688576
     0.8482
   0.999656
          1
          1
          1
          1
          1
          1
          1
          1
          1
          1
          1
          1
          1
          1
          1
          1
          1
          1
          1
    0.99953
   0.848084
   0.688473
   0.522237
   0.350974
   0.176335
   0.165882
   0.330165
   0.491266
   0.647635
   0.797769
   0.940218
          1
          1
          1
          1
          1
          1
          1
          1
          1
          1
          1
          1
          1
          1
          1
          1
          1
          1
          1
   0.940089
   0.797649
    0.64753
   0.491179
   0.330102
   0.165848
   0.155702
   0.309902
   0.461116
   0.607888
   0.748806
   0.882513
          1
          1
          1
          1
          1
          1
          1
          1
          1
          1
          1
          1
          1
          1
          1
          1
          1
          1
          1
   0.882385
   0.748688
   0.607784
    0.46103
    0.30984
   0.155668
   0.145828
   0.290249
   0.431873
   0.569337
   0.701317
   0.826543
   0.943807
          1
          1
          1
          1
          1
          1
          1
          1
          1
          1
          1
          1
          1
          1
          1
          1
          1
   0.943681
   0.826419
   0.701202
   0.569235
    0.43179
   0.290188
   0.145795
    0.13626
   0.271206
   0.403537
   0.531981
   0.655302
    0.77231
   0.881881
   0.982957
          1
          1
          1
          1
          1
          1
          1
          1
          1
          1
          1
          1
          1
          1
          1
   0.982839
   0.881761
   0.772194
   0.655194
   0.531886
   0.403459
   0.271149
   0.136229
   0.126999
   0.252773
   0.376111
   0.495826
   0.610765
    0.71982
   0.821942
   0.916148
          1
          1
          1
          1
          1
          1
          1
          1
          1
          1
          1
          1
          1
          1
          1
   0.916038
   0.821831
   0.719711
   0.610663
   0.495736
   0.376038
   0.252721
   0.126971
   0.118046
   0.234953
   0.349596
    0.46087
   0.567705
    0.66907
   0.763992
   0.851555
   0.930917
          1
          1
          1
          1
          1
          1
          1
          1
          1
          1
          1
          1
          1
   0.930821
   0.851455
    0.76389
   0.668972
   0.567612
   0.460788
   0.349528
   0.234904
    0.11802
     0.1094
   0.217744
    0.32399
   0.427113
   0.526122
   0.620064
   0.708032
   0.789181
   0.862728
   0.927968
   0.984269
          1
          1
          1
          1
          1
          1
          1
          1
          1
   0.984199
   0.927888
   0.862643
   0.789091
   0.707942
   0.619975
    0.52604
    0.42704
   0.323929
     0.2177
   0.109376
   0.101061
   0.201147
   0.299294
   0.394557
    0.48602
     0.5728
   0.654063
   0.729026
   0.796968
   0.857233
   0.909242
   0.952495
   0.986573
          1
          1
          1
          1
          1
   0.986533
   0.952443
    0.90918
   0.857163
   0.796892
   0.728947
   0.653983
   0.572722
   0.485947
   0.394493
   0.299241
   0.201108
    0.10104
  0.0930296
   0.185162
   0.275509
   0.363202
   0.447396
    0.52728
   0.602085
   0.671091
   0.733632
   0.789108
   0.836984
   0.876799
   0.908169
   0.930793
   0.944453
   0.949016
    0.94444
   0.930769
   0.908133
   0.876753
    0.83693
   0.789046
   0.733565
    0.67102
   0.602014
   0.527211
   0.447331
   0.363145
   0.275462
   0.185127
   0.093011
  0.0853053
   0.169788
   0.252634
   0.333045
   0.410249
     0.4835
   0.552094
    0.61537
   0.672718
   0.723589
   0.767489
   0.803998
   0.832763
   0.853509
   0.866034
   0.870219
   0.866024
   0.853488
   0.832732
   0.803957
    0.76744
   0.723533
   0.672658
   0.615307
    0.55203
   0.483437
    0.41019
   0.332993
    0.25259
   0.169757
  0.0852885
  0.0778876
   0.155024
   0.230666
   0.304085
   0.374575
   0.441457
   0.504086
   0.561861
   0.614223
   0.660669
   0.700752
   0.734087
   0.760351
   0.779293
    0.79073
   0.794551
   0.790719
   0.779273
   0.760322
    0.73405
   0.700708
   0.660618
   0.614168
   0.561804
   0.504028
   0.441401
   0.374523
   0.304039
   0.230627
   0.154996
  0.0778725
  0.0707761
   0.140869
   0.209605
   0.276321
   0.340375
   0.401149
    0.45806
   0.510558
    0.55814
   0.600346
   0.636769
   0.667059
   0.690925
   0.708137
   0.718529
   0.722001
    0.71852
    0.70812
   0.690899
   0.667025
   0.636727
   0.600299
    0.55809
   0.510507
   0.458007
   0.401097
   0.340326
   0.276278
   0.209569
   0.140844
  0.0707621
  0.0639701
   0.127323
   0.189448
   0.249748
   0.307642
   0.362573
   0.414011
   0.461461
   0.504466
   0.542613
   0.575534
   0.602912
   0.624483
    0.64004
   0.649433
   0.652571
   0.649424
   0.640023
   0.624458
   0.602879
   0.575496
   0.542571
    0.50442
   0.461412
   0.413961
   0.362525
   0.307597
   0.249708
   0.189415
   0.127299
   0.063957
   0.057469
   0.114383
   0.170195
   0.224367
   0.276378
   0.325726
   0.371936
   0.414564
   0.453199
   0.487469
   0.517043
   0.541639
   0.561018
   0.574994
   0.583432
   0.586251
   0.583423
   0.574977
   0.560993
   0.541609
   0.517008
   0.487429
   0.453155
   0.414519
    0.37189
   0.325681
   0.276336
    0.22433
   0.170165
   0.114361
   0.057457
  0.0512727
   0.102051
   0.151845
   0.200176
   0.246579
   0.290606
   0.331834
   0.369865
   0.404334
   0.434909
   0.461295
   0.483238
   0.500526
   0.512995
   0.520523
   0.523038
   0.520515
   0.512979
   0.500504
   0.483209
   0.461261
   0.434871
   0.404294
   0.369823
   0.331791
   0.290564
    0.24654
   0.200141
   0.151816
    0.10203
  0.0512615
  0.0453808
  0.0903236
   0.134396
   0.177173
   0.218243
   0.257211
   0.293701
   0.327362
    0.35787
    0.38493
   0.408283
   0.427705
   0.443007
   0.454042
   0.460705
    0.46293
   0.460697
   0.454028
   0.442986
   0.427678
   0.408252
   0.384895
   0.357831
   0.327321
    0.29366
   0.257171
   0.218206
    0.17714
   0.134369
  0.0903039
  0.0453701
  0.0397929
  0.0792018
   0.117847
   0.155357
    0.19137
   0.225539
   0.257535
   0.287051
   0.313802
    0.33753
   0.358007
   0.375037
   0.388454
    0.39813
   0.403972
   0.405923
   0.403965
   0.398116
   0.388434
   0.375012
   0.357977
   0.337496
   0.313765
   0.287012
   0.257496
   0.225501
   0.191334
   0.155325
   0.117821
  0.0791827
  0.0397827
  0.0345087
  0.0686843
   0.102198
   0.134726
   0.165956
   0.195588
   0.223335
   0.248931
   0.272129
   0.292706
   0.310463
   0.325231
   0.336865
   0.345256
   0.350322
   0.352014
   0.350315
   0.345244
   0.336847
   0.325206
   0.310434
   0.292673
   0.272093
   0.248893
   0.223297
   0.195551
   0.165922
   0.134695
   0.102172
  0.0686659
  0.0344988
  0.0295278
  0.0587704
  0.0874463
   0.115279
   0.142002
   0.167356
   0.191098
   0.212999
   0.232848
   0.250454
   0.265648
   0.278283
   0.288238
   0.295418
   0.299752
   0.301199
   0.299745
   0.295405
    0.28822
   0.278259
    0.26562
   0.250422
   0.232813
   0.212962
   0.191061
    0.16732
   0.141968
    0.11525
  0.0874219
  0.0587527
  0.0295183
  0.0248499
  0.0494597
  0.0735926
   0.097016
   0.119504
   0.140841
   0.160822
   0.179252
   0.195956
   0.210773
   0.223559
   0.234192
   0.242569
   0.248611
   0.252258
   0.253475
   0.252252
   0.248598
   0.242551
   0.234169
   0.223531
   0.210742
   0.195922
   0.179217
   0.160786
   0.140807
   0.119472
  0.0969873
   0.073569
  0.0494426
  0.0248407
  0.0204748
  0.0407516
  0.0606353
  0.0799344
  0.0984632
   0.116043
   0.132505
    0.14769
   0.161452
   0.173659
   0.184194
   0.192954
   0.199856
   0.204833
   0.207837
    0.20884
   0.207831
   0.204821
   0.199839
   0.192932
   0.184167
   0.173629
    0.16142
   0.147656
    0.13247
   0.116009
  0.0984318
  0.0799066
  0.0606124
   0.040735
  0.0204658
  0.0164021
  0.0326454
  0.0485737
  0.0640336
  0.0788762
  0.0929587
   0.106145
    0.11831
   0.129334
   0.139112
    0.14755
   0.154567
   0.160095
   0.164082
   0.166488
    0.16729
   0.166482
    0.16407
   0.160078
   0.154545
   0.147524
   0.139083
   0.129302
   0.118276
   0.106112
  0.0929261
  0.0788458
  0.0640066
  0.0485515
  0.0326293
  0.0163934
  0.0126315
  0.0251406
   0.037407
  0.0493126
  0.0607427
  0.0715872
  0.0817418
  0.0911087
  0.0995978
   0.107127
   0.113625
   0.119028
   0.123284
   0.126354
   0.128206
   0.128823
     0.1282
   0.126342
   0.123268
   0.119007
     0.1136
   0.107099
   0.099567
  0.0910765
  0.0817093
  0.0715556
  0.0607131
  0.0492864
  0.0373855
   0.025125
  0.0126231
 0.00916279
  0.0182367
  0.0271343
    0.03577
  0.0440607
  0.0519265
  0.0592918
  0.0660856
  0.0722425
  0.0777034
  0.0824157
   0.086334
  0.0894206
  0.0916461
  0.0929888
  0.0934359
  0.0929832
  0.0916352
  0.0894049
  0.0863136
  0.0823914
   0.077676
  0.0722127
  0.0660544
  0.0592602
  0.0518958
   0.044032
  0.0357446
  0.0271134
  0.0182215
 0.00915463
 0.00599564
  0.0119329
  0.0177546
  0.0234048
   0.028829
  0.0339751
  0.0387935
  0.0432379
  0.0472655
  0.0508375
  0.0539197
  0.0564823
  0.0585008
  0.0599559
  0.0608334
   0.061125
  0.0608281
  0.0599454
  0.0584855
  0.0564625
  0.0538961
  0.0508108
  0.0472365
  0.0432076
  0.0387629
  0.0339453
  0.0288012
  0.0233801
  0.0177343
  0.0119182
 0.00598771
 0.00312971
 0.00622867
 0.00926705
  0.0122156
   0.015046
   0.017731
  0.0202448
  0.0225632
   0.024664
  0.0265268
   0.028134
  0.0294699
  0.0305219
  0.0312798
  0.0317364
  0.0318874
  0.0317312
  0.0312696
   0.030507
  0.0294507
   0.028111
  0.0265009
  0.0246358
  0.0225338
  0.0202151
  0.0177021
   0.015019
  0.0121917
 0.00924735
  0.0062144
 0.00312203
0.000564662
 0.00112329
 0.00167053
 0.00220115
 0.00271006
 0.00319238
 0.00364351
 0.00405916
 0.00443534
 0.00476849
 0.00505545
 0.00529351
 0.00548042
 0.00561443
  0.0056943
 0.00571932
 0.00568928
 0.00560455
 0.00546595
 0.00527488
 0.00503322
 0.00474334
 0.00440805
 0.00403061
 0.00361469
 0.00316433
 0.00268387
 0.00217794
 0.00165145
 0.00110947
0.000557217
-0.00169988
-0.00338397
-0.00503601
-0.00664008
-0.00818069
-0.00964298
 -0.0110128
  -0.012277
 -0.0134233
 -0.0144407
 -0.0153192
 -0.0160504
 -0.0166272
  -0.017044
 -0.0172967
 -0.0173828
 -0.0173015
 -0.0170535
 -0.0166412
 -0.0160684
 -0.0153407
  -0.014465
 -0.0134497
 -0.0123046
 -0.0110407
-0.00967012
-0.00820602
-0.00666252
-0.00505447
-0.00339733
-0.00170708
-0.00366433
-0.00729391
 -0.0108538
 -0.0143096
 -0.0176281
 -0.0207773
 -0.0237268
 -0.0264482
 -0.0289152
  -0.031104
 -0.0329936
 -0.0345656
 -0.0358048
 -0.0366994
 -0.0372406
 -0.0374231
 -0.0372453
 -0.0367086
 -0.0358183
 -0.0345829
 -0.0330143
 -0.0311275
 -0.0289407
 -0.0264748
 -0.0237537
 -0.0208035
 -0.0176526
 -0.0143313
 -0.0108716
 -0.0073068
-0.00367127
-0.00532911
 -0.0106074
 -0.0157841
 -0.0208092
 -0.0256344
 -0.0302131
 -0.0345012
 -0.0384575
 -0.0420437
 -0.0452253
 -0.0479716
 -0.0502561
 -0.0520567
 -0.0533561
 -0.0541418
  -0.054406
 -0.0541463
  -0.053365
 -0.0520697
 -0.0502728
 -0.0479915
 -0.0452478
 -0.0420681
  -0.038483
  -0.034527
 -0.0302382
 -0.0256578
 -0.0208299
 -0.0158011
 -0.0106198
-0.00533576
-0.00669469
 -0.0133254
 -0.0198283
 -0.0261406
 -0.0322016
 -0.0379529
 -0.0433391
 -0.0483083
 -0.0528126
 -0.0568084
 -0.0602574
 -0.0631263
 -0.0653874
 -0.0670189
  -0.068005
 -0.0683362
 -0.0680093
 -0.0670274
 -0.0653998
 -0.0631422
 -0.0602765
 -0.0568299
 -0.0528359
 -0.0483327
 -0.0433638
 -0.0379769
  -0.032224
 -0.0261604
 -0.0198445
 -0.0133372
-0.00670103
 -0.0077616
 -0.0154489
 -0.0229879
 -0.0303059
 -0.0373324
 -0.0439999
 -0.0502439
 -0.0560044
 -0.0612258
 -0.0658578
 -0.0698558
 -0.0731813
 -0.0758021
  -0.077693
 -0.0788357
 -0.0792191
 -0.0788397
  -0.077701
 -0.0758138
 -0.0731963
 -0.0698739
 -0.0658782
 -0.0612478
 -0.0560274
 -0.0502672
 -0.0440225
 -0.0373536
 -0.0303246
 -0.0230033
   -0.01546
-0.00776759
-0.00853039
 -0.0169791
 -0.0252646
 -0.0333073
 -0.0410296
 -0.0483571
 -0.0552192
 -0.0615498
  -0.067288
 -0.0723783
 -0.0767718
 -0.0804262
 -0.0833061
 -0.0853838
 -0.0866393
 -0.0870604
 -0.0866431
 -0.0853913
  -0.083317
 -0.0804403
 -0.0767887
 -0.0723973
 -0.0673085
 -0.0615714
 -0.0552409
 -0.0483782
 -0.0410493
 -0.0333248
  -0.025279
 -0.0169895
-0.00853599
-0.00900171
 -0.0179171
 -0.0266603
 -0.0351472
 -0.0432959
  -0.051028
  -0.058269
 -0.0649491
 -0.0710039
 -0.0763751
 -0.0810111
  -0.084867
 -0.0879057
 -0.0900978
 -0.0914223
 -0.0918664
 -0.0914258
 -0.0901047
 -0.0879157
 -0.0848799
 -0.0810266
 -0.0763927
 -0.0710228
 -0.0649689
  -0.058289
 -0.0510475
 -0.0433141
 -0.0351633
 -0.0266736
 -0.0179267
-0.00900688
-0.00917622
 -0.0182644
 -0.0271771
 -0.0358284
 -0.0441349
 -0.0520167
 -0.0593978
 -0.0662071
 -0.0723791
 -0.0778541
 -0.0825797
   -0.08651
 -0.0896074
 -0.0918418
 -0.0931917
 -0.0936442
 -0.0931949
  -0.091848
 -0.0896165
 -0.0865218
 -0.0825938
 -0.0778701
 -0.0723963
 -0.0662251
  -0.059416
 -0.0520344
 -0.0441514
  -0.035843
 -0.0271891
 -0.0182732
-0.00918093
-0.00905469
 -0.0180225
 -0.0268171
 -0.0353537
   -0.04355
 -0.0513273
 -0.0586105
 -0.0653295
 -0.0714194
 -0.0768218
 -0.0814845
 -0.0853626
 -0.0884186
 -0.0906232
 -0.0919551
 -0.0924015
 -0.0919579
 -0.0906288
 -0.0884268
  -0.085373
 -0.0814971
  -0.076836
 -0.0714348
 -0.0653455
 -0.0586267
 -0.0513431
 -0.0435648
 -0.0353667
 -0.0268278
 -0.0180303
-0.00905889
-0.00863799
 -0.0171931
 -0.0255828
 -0.0337264
 -0.0415455
 -0.0489647
 -0.0559126
 -0.0623221
 -0.0681317
 -0.0732853
 -0.0777332
 -0.0814326
 -0.0843479
 -0.0864508
 -0.0877212
 -0.0881469
 -0.0877238
 -0.0864557
 -0.0843549
 -0.0814418
 -0.0777441
 -0.0732977
  -0.068145
 -0.0623362
 -0.0559267
 -0.0489785
 -0.0415584
 -0.0337378
 -0.0255921
 -0.0171998
-0.00864163
-0.00792701
 -0.0157779
 -0.0234771
 -0.0309504
 -0.0381258
 -0.0449342
 -0.0513102
 -0.0571921
 -0.0625233
 -0.0672526
 -0.0713343
  -0.074729
 -0.0774042
  -0.079334
 -0.0804998
 -0.0808903
 -0.0805018
 -0.0793381
 -0.0774103
 -0.0747368
 -0.0713435
  -0.067263
 -0.0625345
 -0.0572039
 -0.0513221
 -0.0449459
 -0.0381366
   -0.03096
  -0.023485
 -0.0157836
 -0.0079301
-0.00692284
 -0.0137792
  -0.020503
 -0.0270296
  -0.033296
 -0.0392419
   -0.04481
 -0.0499467
 -0.0546026
 -0.0587327
 -0.0622972
 -0.0652619
 -0.0675981
 -0.0692833
 -0.0703013
 -0.0706423
 -0.0703031
 -0.0692866
 -0.0676029
 -0.0652681
 -0.0623047
 -0.0587412
 -0.0546118
 -0.0499563
 -0.0448197
 -0.0392513
 -0.0333048
 -0.0270374
 -0.0205094
 -0.0137838
-0.00692533
-0.00562666
 -0.0111993
 -0.0166641
 -0.0219687
 -0.0270617
 -0.0318943
 -0.0364199
 -0.0405948
 -0.0443788
 -0.0477356
 -0.0506327
 -0.0530422
 -0.0549409
 -0.0563105
 -0.0571378
  -0.057415
 -0.0571391
  -0.056313
 -0.0549446
 -0.0530469
 -0.0506383
 -0.0477419
 -0.0443858
 -0.0406021
 -0.0364272
 -0.0319015
 -0.0270684
 -0.0219745
  -0.016669
 -0.0112027
-0.00562854
-0.00403976
-0.00804071
 -0.0119643
 -0.0157728
 -0.0194295
 -0.0228991
 -0.0261483
 -0.0291457
 -0.0318625
 -0.0342724
 -0.0363524
 -0.0380823
 -0.0394455
 -0.0404288
 -0.0410228
 -0.0412217
 -0.0410237
 -0.0404305
  -0.039448
 -0.0380855
 -0.0363562
 -0.0342767
 -0.0318671
 -0.0291505
 -0.0261531
 -0.0229038
 -0.0194339
 -0.0157768
 -0.0119676
-0.00804307
-0.00404104
-0.00216366
-0.00430653
-0.00640797
-0.00844776
 -0.0104062
 -0.0122645
 -0.0140047
 -0.0156101
 -0.0170652
 -0.0183559
 -0.0194699
 -0.0203964
 -0.0211265
 -0.0216531
 -0.0219712
 -0.0220777
 -0.0219717
  -0.021654
 -0.0211277
  -0.020398
 -0.0194718
  -0.018358
 -0.0170675
 -0.0156125
 -0.0140072
 -0.0122669
 -0.0104084
-0.00844973
-0.00640959
-0.00430771
 -0.0021643
          0
          0
          0
          0
          0
          0
          0
          0
          0
          0
          0
          0
          0
          0
          0
          0
          0
          0
          0
          0
          0
          0
          0
          0
          0
          0
          0
          0
          0
          0
          0
