1.0
1.0
1.0
1.0
1.0
1.0
1.0
1.0
1.0
1.0
1.0
1.0
1.0
1.0
1.0
1.0
1.0
1.0
1.0
1.0
1.0
1.0
1.0
1.0
1.0
1.0
1.0
1.0
1.0
1.0
1.0
1.0
1.0
1.0
1.0
1.0
1.0
1.0
1.0
1.0
1.0
1.0
1.0
1.0
1.0
1.0
0.949016
0.8702190000000001
0.794551
0.722001
0.652571
0.586251
0.523038
0.46293
0.405923
0.352014
0.301199
0.253475
0.20884
0.16729000000000002
0.128823
0.09343589999999999
0.061125
0.0318874
0.00571932
-0.0173828
-0.0374231
-0.054405999999999996
-0.0683362
-0.0792191
-0.0870604
-0.0918664
-0.0936442
-0.0924015
-0.0881469
-0.0808903
-0.0706423
-0.057415
-0.0412217
-0.022077700000000002
0.0
