   0.0980201
     0.19509
     0.29028
     0.38268
      0.4714
    0.555569
    0.634389
    0.707109
    0.773009
    0.831469
    0.881919
    0.923879
    0.956939
    0.980789
    0.995179
    0.999999
    0.995179
    0.980789
    0.956939
    0.923879
    0.881919
    0.831469
    0.773009
    0.707109
    0.634389
    0.555569
      0.4714
     0.38268
     0.29028
     0.19509
   0.0980199
   -0.774402
    -1.54138
    -2.29356
    -3.02369
    -3.72473
    -4.38993
    -5.01288
    -5.58758
    -6.10849
    -6.57059
    -6.96944
    -7.30117
     -7.5626
     -7.7512
    -7.86515
    -7.90336
    -7.86545
    -7.75178
    -7.56346
    -7.30227
    -6.97075
    -6.57209
    -6.11011
    -5.58927
    -5.01459
    -4.39159
    -3.72629
    -3.02507
     -2.2947
    -1.54221
   -0.774847
   0.0901156
    0.178878
    0.265398
    0.348998
     0.42899
    0.504692
    0.575444
    0.640615
    0.699614
    0.751903
       0.797
    0.834487
    0.864013
    0.885303
    0.898158
    0.902456
    0.898158
    0.885303
    0.864013
    0.834487
       0.797
    0.751904
    0.699615
    0.640615
    0.575445
    0.504694
    0.428992
    0.348999
      0.2654
     0.17888
   0.0901165
   -0.753148
    -1.49908
    -2.23061
     -2.9407
     -3.6225
    -4.26945
     -4.8753
    -5.43424
    -5.94085
    -6.39027
    -6.77817
     -7.1008
    -7.35505
    -7.53847
    -7.64929
    -7.68645
    -7.64957
    -7.53902
    -7.35585
    -7.10183
     -6.7794
    -6.39167
    -5.94236
    -5.43581
     -4.8769
      -4.271
    -3.62396
    -2.94199
    -2.23168
    -1.49985
   -0.753564
   0.0822235
    0.163116
      0.2418
    0.317664
    0.390104
     0.45853
    0.522372
    0.581093
    0.634188
    0.681195
    0.721701
    0.755349
    0.781838
    0.800931
    0.812456
    0.816309
    0.812456
    0.800931
    0.781838
    0.755349
    0.721702
    0.681196
    0.634189
    0.581095
    0.522375
    0.458532
    0.390106
    0.317666
    0.241802
    0.163117
   0.0822246
   -0.732146
    -1.45728
    -2.16841
    -2.85869
    -3.52148
    -4.15038
    -4.73934
    -5.28269
    -5.77517
    -6.21206
    -6.58913
    -6.90276
    -7.14992
    -7.32822
    -7.43594
    -7.47205
     -7.4362
    -7.32873
    -7.15066
    -6.90372
    -6.59028
    -6.21335
    -5.77658
    -5.28416
    -4.74083
    -4.15183
    -3.52283
     -2.8599
     -2.1694
      -1.458
   -0.732533
   0.0749651
    0.148668
    0.220267
    0.289207
    0.354947
    0.416964
    0.474758
    0.527855
    0.575818
    0.618244
    0.654776
    0.685103
    0.708966
     0.72616
    0.736536
    0.740005
    0.736536
     0.72616
    0.708967
    0.685104
    0.654777
    0.618246
     0.57582
    0.527858
    0.474761
    0.416967
     0.35495
    0.289209
    0.220269
     0.14867
   0.0749663
   -0.711399
    -1.41598
    -2.10696
    -2.77768
    -3.42168
    -4.03276
    -4.60503
    -5.13297
    -5.61149
    -6.03599
    -6.40238
    -6.70711
    -6.94726
     -7.1205
    -7.22516
    -7.26025
     -7.2254
    -7.12097
    -6.94795
      -6.708
    -6.40344
    -6.03719
    -5.61279
    -5.13433
     -4.6064
     -4.0341
    -3.42294
     -2.7788
    -2.10788
    -1.41665
   -0.711759
   0.0684164
    0.135647
    0.200883
    0.263629
      0.3234
    0.379731
    0.432176
    0.480318
     0.52377
     0.56218
    0.595234
     0.62266
    0.644232
    0.659769
    0.669144
    0.672278
    0.669145
     0.65977
    0.644233
    0.622662
    0.595236
    0.562183
    0.523773
    0.480322
    0.432179
    0.379734
    0.323403
    0.263632
    0.200886
    0.135649
   0.0684177
   -0.690912
     -1.3752
    -2.04628
    -2.69768
    -3.32313
    -3.91661
    -4.47239
    -4.98511
    -5.44985
    -5.86212
    -6.21795
     -6.5139
    -6.74712
    -6.91537
    -7.01701
    -7.05108
    -7.01723
     -6.9158
    -6.74776
    -6.51472
    -6.21893
    -5.86323
    -5.45106
    -4.98637
    -4.47366
    -3.91785
    -3.32429
    -2.69871
    -2.04713
    -1.37582
   -0.691245
   0.0625488
    0.123984
    0.183532
    0.240748
      0.2952
    0.346473
    0.394171
    0.437924
    0.477388
    0.512252
     0.54224
    0.567112
    0.586668
     0.60075
    0.609246
    0.612085
    0.609246
    0.600751
    0.586669
    0.567114
    0.542243
    0.512256
    0.477392
    0.437928
    0.394175
    0.346476
    0.295204
    0.240751
    0.183535
    0.123986
     0.06255
   -0.670689
    -1.33495
    -1.98638
    -2.61871
    -3.22585
    -3.80194
    -4.34145
    -4.83917
    -5.29029
    -5.69049
    -6.03589
    -6.32317
    -6.54956
    -6.71287
    -6.81154
     -6.8446
    -6.81174
    -6.71327
    -6.55015
    -6.32393
    -6.03679
    -5.69151
    -5.29141
    -4.84033
    -4.34263
    -3.80309
    -3.22692
    -2.61966
    -1.98716
    -1.33551
   -0.670995
   0.0573071
    0.113569
    0.168041
    0.220327
     0.27004
    0.316812
     0.36029
    0.400145
    0.436072
    0.467794
    0.495067
    0.517679
    0.535452
    0.548249
    0.555967
    0.558547
    0.555968
     0.54825
    0.535455
    0.517682
    0.495071
    0.467798
    0.436075
    0.400148
    0.360293
    0.316815
    0.270044
     0.22033
    0.168044
    0.113571
   0.0573082
   -0.650732
    -1.29522
    -1.92727
    -2.54078
    -3.12985
     -3.6888
    -4.21224
    -4.69514
    -5.13284
    -5.52112
    -5.85624
    -6.13497
    -6.35462
    -6.51306
    -6.60879
    -6.64086
    -6.60897
    -6.51343
    -6.35515
    -6.13566
    -5.85707
    -5.52207
    -5.13387
    -4.69622
    -4.21333
    -3.68986
    -3.13084
    -2.54166
    -1.92799
    -1.29575
   -0.651015
   0.0526313
    0.104281
    0.154229
    0.202121
    0.247615
     0.29038
    0.330103
    0.366493
    0.399276
    0.428209
    0.453073
    0.473679
    0.489872
    0.501528
    0.508557
    0.510907
    0.508558
     0.50153
    0.489875
    0.473682
    0.453076
    0.428212
     0.39928
    0.366496
    0.330107
    0.290383
    0.247618
    0.202124
    0.154231
    0.104283
   0.0526324
   -0.631047
    -1.25604
    -1.86897
    -2.46392
    -3.03516
    -3.57719
     -4.0848
    -4.55308
    -4.97754
    -5.35407
    -5.67904
    -5.94933
    -6.16232
    -6.31597
    -6.40879
    -6.43989
    -6.40897
    -6.31631
    -6.16282
    -5.94997
    -5.67981
    -5.35493
    -4.97848
    -4.55408
     -4.0858
    -3.57817
    -3.03607
    -2.46472
    -1.86963
    -1.25652
   -0.631306
   0.0484633
   0.0960038
    0.141921
    0.185901
    0.227636
    0.266835
    0.303218
    0.336524
    0.366512
    0.392964
    0.415687
    0.434512
    0.449301
    0.459943
    0.466361
    0.468506
    0.466362
    0.459944
    0.449302
    0.434514
    0.415689
    0.392967
    0.366515
    0.336527
    0.303221
    0.266838
    0.227639
    0.185903
    0.141923
   0.0960055
   0.0484643
   -0.611637
    -1.21741
    -1.81147
    -2.38812
    -2.94179
    -3.46715
    -3.95914
    -4.41301
     -4.8244
    -5.18935
    -5.50432
    -5.76629
    -5.97272
    -6.12164
     -6.2116
    -6.24174
    -6.21176
    -6.12195
    -5.97318
    -5.76687
    -5.50502
    -5.19014
    -4.82527
    -4.41392
    -3.96006
    -3.46804
    -2.94262
    -2.38886
    -1.81208
    -1.21785
   -0.611876
   0.0447493
   0.0886299
    0.130958
    0.171453
    0.209843
    0.245867
    0.279275
    0.309838
    0.337339
    0.361584
    0.382402
    0.399642
    0.413183
    0.422925
    0.428799
    0.430761
    0.428799
    0.422926
    0.413184
    0.399644
    0.382404
    0.361586
    0.337341
     0.30984
    0.279278
     0.24587
    0.209846
    0.171455
     0.13096
   0.0886315
   0.0447502
   -0.592504
    -1.17932
    -1.75481
    -2.31341
    -2.84976
    -3.35868
    -3.83528
    -4.27495
    -4.67347
    -5.02699
     -5.3321
    -5.58587
    -5.78585
     -5.9301
    -6.01724
    -6.04643
    -6.01738
    -5.93039
    -5.78626
    -5.58641
    -5.33275
    -5.02772
    -4.67426
    -4.27578
    -3.83612
     -3.3595
    -2.85053
     -2.3141
    -1.75537
    -1.17973
   -0.592724
   0.0414403
   0.0820619
    0.121194
    0.158587
    0.193998
    0.227195
    0.257956
    0.286076
    0.311364
    0.333645
    0.352768
    0.368599
    0.381028
    0.389969
    0.395359
     0.39716
    0.395359
    0.389969
    0.381029
      0.3686
    0.352769
    0.333647
    0.311366
    0.286079
    0.257959
    0.227198
    0.194001
    0.158589
    0.121196
   0.0820634
   0.0414412
   -0.573653
     -1.1418
    -1.69897
     -2.2398
    -2.75908
    -3.25181
    -3.71324
    -4.13892
    -4.52476
    -4.86702
    -5.16243
    -5.40811
    -5.60172
    -5.74138
    -5.82575
      -5.854
    -5.82588
    -5.74164
    -5.60211
    -5.40861
    -5.16302
    -4.86769
    -4.52549
    -4.13968
    -3.71402
    -3.25257
    -2.75979
    -2.24043
    -1.69949
    -1.14218
   -0.573856
   0.0384923
   0.0762122
    0.112499
    0.147129
    0.179889
    0.210569
    0.238974
     0.26492
    0.288237
     0.30877
    0.326384
     0.34096
    0.352401
    0.360628
    0.365588
    0.367245
    0.365588
    0.360629
    0.352402
    0.340962
    0.326386
    0.308772
    0.288239
    0.264922
    0.238977
    0.210572
    0.179891
    0.147132
    0.112501
   0.0762136
   0.0384931
   -0.555085
    -1.10484
    -1.64398
    -2.16731
    -2.66978
    -3.14656
    -3.59304
    -4.00494
    -4.37828
    -4.70947
    -4.99531
    -5.23304
    -5.42038
    -5.55551
    -5.63714
    -5.66448
    -5.63726
    -5.55575
    -5.42073
     -5.2335
    -4.99585
    -4.71009
    -4.37896
    -4.00565
    -3.59376
    -3.14725
    -2.67043
    -2.16789
    -1.64446
    -1.10519
   -0.555273
   0.0358659
   0.0710024
    0.104756
    0.136927
    0.167325
    0.195766
    0.222073
    0.246083
    0.267646
    0.286623
    0.302894
    0.316353
    0.326914
    0.334507
    0.339082
    0.340611
    0.339083
    0.334507
    0.326915
    0.316354
    0.302896
    0.286625
    0.267648
    0.246086
    0.222075
    0.195768
    0.167327
    0.136929
    0.104757
   0.0710037
   0.0358667
   -0.536805
    -1.06846
    -1.58984
    -2.09593
    -2.58185
    -3.04292
    -3.47471
    -3.87304
    -4.23408
    -4.55435
    -4.83077
    -5.06067
    -5.24183
    -5.37251
    -5.45145
    -5.47789
    -5.45156
    -5.37274
    -5.24216
    -5.06109
    -4.83128
    -4.55492
     -4.2347
    -3.87369
    -3.47536
    -3.04356
    -2.58245
    -2.09646
    -1.59028
    -1.06878
   -0.536978
   0.0335259
   0.0663625
   0.0978601
    0.127842
    0.156139
    0.182585
    0.207024
    0.229312
    0.249312
    0.266904
     0.28198
    0.294445
    0.304222
     0.31125
    0.315484
    0.316899
    0.315485
     0.31125
    0.304223
    0.294446
    0.281982
    0.266907
    0.249315
    0.229314
    0.207026
    0.182587
    0.156141
    0.127844
   0.0978616
   0.0663636
   0.0335266
   -0.518814
    -1.03265
    -1.53655
    -2.02568
    -2.49531
    -2.94093
    -3.35824
    -3.74321
    -4.09215
    -4.40169
    -4.66884
    -4.89103
    -5.06612
    -5.19242
    -5.26871
    -5.29425
    -5.26881
    -5.19262
    -5.06642
    -4.89142
     -4.6693
    -4.40222
    -4.09272
    -3.74382
    -3.35884
    -2.94152
    -2.49586
    -2.02617
    -1.53696
    -1.03294
   -0.518973
   0.0314397
    0.062227
   0.0917173
    0.119751
    0.146176
    0.170847
    0.193624
    0.214378
    0.232989
    0.249348
    0.263359
    0.274939
    0.284018
    0.290543
    0.294474
    0.295787
    0.294475
    0.290544
     0.28402
     0.27494
    0.263361
     0.24935
    0.232991
     0.21438
    0.193626
    0.170849
    0.146179
    0.119753
    0.091719
   0.0622284
   0.0314405
   -0.501114
   -0.997416
    -1.48413
    -1.95656
    -2.41017
    -2.84058
    -3.24365
    -3.61549
    -3.95252
    -4.25149
    -4.50952
    -4.72413
    -4.89324
    -5.01522
    -5.08891
    -5.11358
      -5.089
    -5.01542
    -4.89352
    -4.72449
    -4.50996
    -4.25198
    -3.95305
    -3.61605
    -3.24421
    -2.84113
    -2.41068
    -1.95702
     -1.4845
   -0.997688
    -0.50126
   0.0295621
   0.0585053
   0.0862175
    0.112524
    0.137289
    0.160383
    0.181683
    0.201074
    0.218449
    0.233711
    0.246776
    0.257568
    0.266028
    0.272105
    0.275766
    0.276989
    0.275766
    0.272106
    0.266029
     0.25757
    0.246778
    0.233714
    0.218451
    0.201076
    0.181685
    0.160385
    0.137291
    0.112526
   0.0862193
   0.0585067
    0.029563
   -0.483705
   -0.962766
    -1.43257
    -1.88859
    -2.32644
     -2.7419
    -3.13096
    -3.48988
     -3.8152
    -4.10378
    -4.35285
       -4.56
    -4.72323
    -4.84097
     -4.9121
    -4.93591
    -4.91218
    -4.84115
    -4.72348
    -4.56033
    -4.35324
    -4.10423
    -3.81569
    -3.49039
    -3.13148
     -2.7424
    -2.32691
    -1.88901
    -1.43291
   -0.963015
    -0.48384
    0.027882
   0.0551772
   0.0813055
    0.106074
    0.129361
    0.151053
     0.17104
    0.189219
    0.205495
    0.219782
    0.232005
    0.242098
    0.250005
    0.255685
    0.259105
    0.260248
    0.259106
    0.255686
    0.250007
      0.2421
    0.232007
    0.219784
    0.205497
    0.189221
    0.171042
    0.151055
    0.129363
    0.106076
   0.0813072
   0.0551786
   0.0278828
   -0.466591
   -0.928701
    -1.38188
    -1.82177
    -2.24412
    -2.64487
    -3.02017
    -3.36639
     -3.6802
    -3.95857
    -4.19881
    -4.39863
    -4.55608
    -4.66966
    -4.73826
    -4.76123
    -4.73835
    -4.66983
    -4.55633
    -4.39894
    -4.19918
    -3.95898
    -3.68065
    -3.36686
    -3.02064
    -2.64534
    -2.24455
    -1.82215
     -1.3822
   -0.928929
   -0.466714
   0.0263804
   0.0522044
   0.0769218
     0.10032
    0.122293
    0.142737
    0.161555
    0.178655
    0.193953
    0.207373
    0.218848
    0.228318
    0.235735
     0.24106
    0.244267
    0.245338
    0.244267
    0.241061
    0.235736
    0.228319
    0.218849
    0.207375
    0.193955
    0.178657
    0.161556
    0.142739
    0.122295
    0.100322
   0.0769234
   0.0522056
   0.0263812
   -0.449772
   -0.895224
    -1.33207
    -1.75609
    -2.16322
    -2.54953
    -2.91129
    -3.24503
    -3.54752
    -3.81586
    -4.04745
    -4.24006
    -4.39184
    -4.50131
    -4.56744
    -4.58958
    -4.56752
    -4.50146
    -4.39205
    -4.24033
    -4.04778
    -3.81624
    -3.54793
    -3.24546
    -2.91173
    -2.54995
    -2.16361
    -1.75644
    -1.33235
    -0.89543
   -0.449883
   0.0250385
    0.049549
   0.0730101
    0.095189
    0.115991
    0.135323
      0.1531
    0.169241
    0.183669
    0.196317
    0.207125
    0.216041
    0.223022
    0.228032
    0.231049
    0.232056
    0.231049
    0.228033
    0.223022
    0.216042
    0.207126
    0.196319
     0.18367
    0.169242
    0.153102
    0.135325
    0.115992
   0.0951906
   0.0730115
   0.0495502
   0.0250391
   -0.433249
   -0.862337
    -1.28313
    -1.69158
    -2.08375
    -2.45587
    -2.80434
    -3.12582
     -3.4172
    -3.67567
    -3.89875
    -4.08428
    -4.23047
    -4.33593
    -4.39962
    -4.42095
    -4.39969
    -4.33606
    -4.23067
    -4.08453
    -3.89904
      -3.676
    -3.41756
     -3.1262
    -2.80472
    -2.45624
     -2.0841
    -1.69189
    -1.28339
   -0.862521
   -0.433349
    0.023839
    0.047177
   0.0695192
   0.0906122
    0.110371
    0.128715
    0.145565
    0.160851
    0.174505
    0.186466
    0.196681
    0.205103
    0.211695
    0.216425
    0.219272
    0.220223
    0.219273
    0.216426
    0.211696
    0.205104
    0.196682
    0.186467
    0.174506
    0.160852
    0.145567
    0.128716
    0.110373
   0.0906136
   0.0695205
   0.0471781
   0.0238396
   -0.417023
    -0.83004
    -1.23507
    -1.62823
    -2.00571
    -2.36389
    -2.69931
    -3.00874
    -3.28921
      -3.538
    -3.75272
     -3.9313
    -4.07202
    -4.17352
    -4.23483
    -4.25535
    -4.23489
    -4.17363
    -4.07218
    -3.93152
    -3.75298
    -3.53829
    -3.28952
    -3.00907
    -2.69964
    -2.36421
    -2.00602
     -1.6285
     -1.2353
   -0.830204
   -0.417112
   0.0227665
   0.0450576
   0.0664035
   0.0865296
     0.10536
    0.122823
    0.138848
    0.153373
    0.166337
    0.177687
    0.187374
    0.195357
    0.201603
    0.206084
     0.20878
     0.20968
     0.20878
    0.206084
    0.201603
    0.195358
    0.187375
    0.177688
    0.166338
    0.153374
     0.13885
    0.122824
    0.105361
   0.0865308
   0.0664047
   0.0450586
   0.0227671
   -0.401097
    -0.79834
     -1.1879
    -1.56604
     -1.9291
     -2.2736
    -2.59621
    -2.89382
    -3.16357
    -3.40286
    -3.60937
    -3.78113
    -3.91647
    -4.01409
    -4.07305
    -4.09279
     -4.0731
    -4.01419
    -3.91661
    -3.78131
    -3.60959
     -3.4031
    -3.16384
     -2.8941
    -2.59649
    -2.27388
    -1.92936
    -1.56627
    -1.18809
   -0.798478
   -0.401172
   0.0218073
   0.0431633
    0.063622
   0.0828871
    0.100891
    0.117569
    0.132861
    0.146708
    0.159058
    0.169862
     0.17908
    0.186672
     0.19261
    0.196868
    0.199431
    0.200286
    0.199431
    0.196869
     0.19261
    0.186673
     0.17908
    0.169863
    0.159059
    0.146709
    0.132862
    0.117571
    0.100892
   0.0828882
   0.0636231
   0.0431641
   0.0218078
   -0.385469
   -0.767233
    -1.14162
    -1.50502
    -1.85393
      -2.185
    -2.49504
    -2.78105
    -3.04028
    -3.27024
    -3.46871
    -3.63377
    -3.76384
    -3.85765
    -3.91431
    -3.93327
    -3.91435
    -3.85773
    -3.76395
    -3.63391
    -3.46888
    -3.27044
     -3.0405
    -2.78128
    -2.49527
    -2.18523
    -1.85415
    -1.50521
    -1.14177
   -0.767347
    -0.38553
    0.020949
   0.0414696
   0.0611384
   0.0796366
   0.0969045
    0.112884
    0.127522
    0.140766
    0.152569
    0.162889
    0.171687
    0.178932
    0.184595
    0.188656
    0.191099
    0.191914
    0.191099
    0.188656
    0.184596
    0.178932
    0.171688
     0.16289
     0.15257
    0.140767
    0.127523
    0.112886
   0.0969057
   0.0796378
   0.0611394
   0.0414704
   0.0209495
   -0.370139
    -0.73672
    -1.09622
    -1.44516
     -1.7802
     -2.0981
     -2.3958
    -2.67043
    -2.91935
    -3.14016
    -3.33073
    -3.48922
    -3.61411
    -3.70419
     -3.7586
     -3.7768
    -3.75863
    -3.70425
     -3.6142
    -3.48934
    -3.33087
    -3.14032
    -2.91952
    -2.67061
    -2.39598
    -2.09828
    -1.78037
    -1.44531
    -1.09634
   -0.736811
   -0.370188
   0.0201807
   0.0399546
     0.05892
   0.0767355
    0.093348
    0.108706
    0.122761
    0.135468
    0.146784
    0.156672
    0.165098
    0.172033
    0.177452
    0.181337
    0.183673
    0.184453
    0.183673
    0.181337
    0.177452
    0.172033
    0.165099
    0.156673
    0.146785
    0.135469
    0.122762
    0.108707
   0.0933491
   0.0767366
   0.0589209
   0.0399553
   0.0201811
   -0.355108
   -0.706802
     -1.0517
    -1.38647
     -1.7079
    -2.01289
     -2.2985
    -2.56198
    -2.80079
    -3.01262
    -3.19545
     -3.3475
    -3.46731
    -3.55373
    -3.60592
    -3.62338
    -3.60594
    -3.55378
    -3.46738
    -3.34758
    -3.19555
    -3.01274
    -2.80091
    -2.56211
    -2.29863
    -2.01302
    -1.70803
    -1.38658
    -1.05179
   -0.706871
   -0.355146
   0.0194925
    0.038599
   0.0569379
   0.0741455
   0.0901743
    0.104979
    0.118515
    0.130744
    0.141626
     0.15113
    0.159224
    0.165883
    0.171085
    0.174812
    0.177054
    0.177802
    0.177054
    0.174813
    0.171085
    0.165883
    0.159225
    0.151131
    0.141628
    0.130745
    0.118516
     0.10498
   0.0901754
   0.0741465
   0.0569388
   0.0385996
   0.0194929
   -0.340378
   -0.677482
    -1.00807
    -1.32895
    -1.63705
    -1.92938
    -2.20314
    -2.45568
    -2.68458
    -2.88763
    -3.06286
     -3.2086
    -3.32344
    -3.40627
    -3.45629
    -3.47302
     -3.4563
     -3.4063
    -3.32348
    -3.20866
    -3.06293
     -2.8877
    -2.68466
    -2.45577
    -2.20323
    -1.92947
    -1.63713
    -1.32903
    -1.00813
    -0.67753
   -0.340404
   0.0188611
   0.0373546
   0.0551175
   0.0717956
   0.0873135
    0.101632
    0.114712
    0.126518
    0.137018
    0.146181
    0.153981
    0.160395
    0.165404
    0.168993
    0.171151
    0.171871
    0.171151
    0.168993
    0.165405
    0.160396
    0.153982
    0.146182
    0.137019
    0.126519
    0.114713
    0.101633
   0.0873148
   0.0717967
   0.0551186
   0.0373554
   0.0188616
   -0.325947
   -0.648759
   -0.965328
    -1.27261
    -1.56763
    -1.84757
    -2.10972
    -2.35155
    -2.57074
    -2.76517
    -2.93298
    -3.07253
     -3.1825
    -3.26181
    -3.30971
    -3.32573
    -3.30972
    -3.26183
    -3.18252
    -3.07257
    -2.93302
    -2.76522
    -2.57079
     -2.3516
    -2.10977
    -1.84762
    -1.56768
    -1.27265
   -0.965365
   -0.648787
   -0.325962
   0.0182839
   0.0362183
   0.0534582
   0.0696669
   0.0847328
   0.0986208
    0.111297
    0.122731
    0.132892
    0.141754
    0.149295
    0.155493
    0.160331
    0.163797
     0.16588
    0.166576
    0.165881
    0.163798
    0.160333
    0.155494
    0.149297
    0.141757
    0.132894
    0.122733
      0.1113
   0.0986235
   0.0847354
   0.0696692
   0.0534603
   0.0362199
   0.0182848
   -0.311817
   -0.620633
   -0.923477
    -1.21743
    -1.49967
    -1.76746
    -2.01824
    -2.24959
    -2.45927
    -2.64527
     -2.8058
     -2.9393
    -3.04449
    -3.12037
    -3.16618
     -3.1815
    -3.16618
    -3.12037
     -3.0445
    -2.93931
    -2.80581
    -2.64528
    -2.45929
    -2.24961
    -2.01826
    -1.76749
    -1.49969
    -1.21745
   -0.923495
   -0.620647
   -0.311824
   0.0177594
   0.0351872
   0.0519555
    0.067745
   0.0824084
   0.0959139
    0.108232
    0.119334
    0.129195
    0.137791
    0.145101
    0.151107
    0.155795
    0.159152
    0.161169
    0.161843
     0.16117
    0.159153
    0.155797
     0.15111
    0.145105
    0.137795
      0.1292
    0.119339
    0.108237
   0.0959192
   0.0824135
   0.0677497
   0.0519594
     0.03519
    0.017761
   -0.297987
   -0.593106
   -0.882516
    -1.16343
    -1.43314
    -1.68906
    -1.92871
    -2.14979
    -2.35017
    -2.52792
    -2.68132
     -2.8089
    -2.90943
    -2.98194
    -3.02572
    -3.04036
    -3.02572
    -2.98194
    -2.90944
    -2.80891
    -2.68133
    -2.52793
    -2.35018
     -2.1498
    -1.92872
    -1.68906
    -1.43315
    -1.16343
   -0.882516
   -0.593106
   -0.297987
   0.0172833
   0.0342522
   0.0505957
   0.0660109
   0.0803149
   0.0934795
    0.105478
    0.116286
     0.12588
    0.134239
    0.141344
     0.14718
    0.151734
    0.154994
    0.156954
    0.157608
    0.156955
    0.154997
    0.151738
    0.147186
    0.141351
    0.134247
    0.125889
    0.116295
    0.105488
   0.0934891
   0.0803239
    0.066019
   0.0506025
   0.0342571
   0.0172861
   -0.284458
   -0.566178
   -0.842448
    -1.11061
    -1.36808
    -1.61237
    -1.84115
    -2.05219
    -2.24347
    -2.41315
    -2.55958
    -2.68137
    -2.77733
    -2.84654
    -2.88833
    -2.90231
    -2.88833
    -2.84653
    -2.77732
    -2.68135
    -2.55956
    -2.41313
    -2.24345
    -2.05217
    -1.84113
    -1.61235
    -1.36806
    -1.11059
   -0.842435
   -0.566168
   -0.284453
   0.0168506
   0.0334035
   0.0493638
   0.0644446
   0.0784276
   0.0912879
    0.103002
    0.113547
    0.122903
    0.131051
    0.137974
    0.143659
    0.148094
    0.151269
    0.153177
    0.153814
    0.153179
    0.151274
    0.148102
     0.14367
    0.137987
    0.131065
    0.122918
    0.113563
    0.103018
   0.0913042
    0.078443
   0.0644584
   0.0493753
   0.0334119
   0.0168553
   -0.271233
   -0.539855
   -0.803279
    -1.05897
    -1.30447
     -1.5374
    -1.75554
    -1.95676
    -2.13914
    -2.30093
    -2.44055
    -2.55667
    -2.64817
    -2.71416
    -2.75401
    -2.76734
    -2.75401
    -2.71415
    -2.64816
    -2.55665
    -2.44053
     -2.3009
    -2.13911
    -1.95672
     -1.7555
    -1.53736
    -1.30443
    -1.05894
   -0.803251
   -0.539834
   -0.271222
   0.0164565
   0.0326314
   0.0482455
   0.0630269
    0.076723
   0.0893113
    0.100771
    0.111081
    0.120225
    0.128185
    0.134947
    0.140497
    0.144826
    0.147925
    0.149787
     0.15041
    0.149792
    0.147934
    0.144839
    0.140514
    0.134967
    0.128208
    0.120251
    0.111108
    0.100798
   0.0893381
   0.0767482
   0.0630495
   0.0482643
   0.0326452
   0.0164641
    -0.25831
   -0.514133
   -0.765006
    -1.00851
    -1.24231
    -1.46415
    -1.67188
    -1.86352
    -2.03721
    -2.19129
    -2.32427
    -2.43486
    -2.52199
    -2.58483
    -2.62278
    -2.63547
    -2.62277
    -2.58481
    -2.52196
    -2.43482
    -2.32422
    -2.19125
    -2.03717
    -1.86347
    -1.67183
    -1.46409
    -1.24226
    -1.00847
   -0.764967
   -0.514105
   -0.258295
   0.0160834
   0.0318998
    0.047184
   0.0616773
   0.0751314
   0.0874877
   0.0987283
    0.108836
    0.117795
    0.125591
    0.132211
    0.137643
     0.14188
    0.144912
    0.146735
    0.147345
    0.146742
    0.144926
    0.141901
    0.137671
    0.132243
    0.125628
    0.117835
    0.108878
   0.0987714
     0.08753
   0.0751712
   0.0617128
   0.0472134
   0.0319214
   0.0160952
   -0.245691
   -0.489016
   -0.727632
   -0.959243
    -1.18162
    -1.39261
     -1.5902
    -1.77248
    -1.93768
    -2.08423
     -2.2107
    -2.31588
    -2.39875
    -2.45853
    -2.49462
    -2.50669
    -2.49461
     -2.4585
    -2.39872
    -2.31584
    -2.21065
    -2.08417
    -1.93761
    -1.77241
    -1.59013
    -1.39254
    -1.18155
   -0.959183
   -0.727584
    -0.48898
   -0.245672
   0.0157305
   0.0312085
   0.0461824
   0.0604071
   0.0736471
   0.0857992
   0.0968477
    0.106778
    0.115575
    0.123227
    0.129723
    0.135053
    0.139209
    0.142183
    0.143972
    0.144572
    0.143983
    0.142205
    0.139241
    0.135094
    0.129773
    0.123283
    0.115636
    0.106842
   0.0969129
   0.0858632
   0.0737072
   0.0604607
   0.0462268
   0.0312409
   0.0157481
   -0.233376
   -0.464504
   -0.691159
   -0.911158
    -1.12239
    -1.32281
    -1.51049
    -1.68362
    -1.84055
    -1.97974
    -2.09987
    -2.19978
     -2.2785
    -2.33527
    -2.36956
    -2.38102
    -2.36954
    -2.33525
    -2.27846
    -2.19973
    -2.09981
    -1.97967
    -1.84047
    -1.68354
     -1.5104
    -1.32272
    -1.12231
   -0.911089
   -0.691101
   -0.464462
   -0.233353
   0.0153987
   0.0305594
   0.0452442
    0.059221
   0.0722672
   0.0842356
   0.0951121
    0.104884
    0.113537
    0.121063
    0.127449
    0.132689
    0.136774
    0.139698
    0.141457
     0.14205
    0.141474
     0.13973
     0.13682
    0.132749
    0.127521
    0.121145
    0.113626
    0.104977
    0.095207
   0.0843284
   0.0723544
   0.0592986
   0.0453084
   0.0306063
   0.0154241
   -0.221365
   -0.440597
   -0.655586
   -0.864263
    -1.06462
    -1.25472
    -1.43274
    -1.59697
    -1.74581
    -1.87784
    -1.99179
    -2.08656
    -2.16123
    -2.21508
     -2.2476
    -2.25846
    -2.24758
    -2.21505
    -2.16118
    -2.08649
    -1.99171
    -1.87776
    -1.74572
    -1.59687
    -1.43264
    -1.25462
    -1.06453
   -0.864182
    -0.65552
   -0.440549
   -0.221339
   0.0150869
   0.0299503
   0.0443652
   0.0581126
   0.0709824
   0.0827841
   0.0935052
    0.103134
    0.111659
    0.119071
     0.12536
    0.130519
    0.134541
    0.137421
    0.139156
    0.139742
    0.139178
    0.137466
    0.134607
    0.130603
    0.125461
    0.119185
    0.111784
    0.103265
   0.0936377
   0.0829136
   0.0711039
   0.0582208
   0.0444546
   0.0300154
   0.0151222
   -0.209658
   -0.417295
   -0.620914
   -0.818555
    -1.00831
    -1.18836
    -1.35697
     -1.5125
    -1.65348
    -1.77853
    -1.88644
    -1.97619
    -2.04691
    -2.09791
    -2.12871
      -2.139
    -2.12869
    -2.09788
    -2.04686
    -1.97612
    -1.88636
    -1.77843
    -1.65337
     -1.5124
    -1.35686
    -1.18825
    -1.00821
   -0.818465
   -0.620841
   -0.417243
    -0.20963
   0.0147821
    0.029354
   0.0435024
   0.0570198
   0.0697068
   0.0813745
   0.0919679
    0.101477
    0.109894
    0.117209
    0.123415
    0.128505
    0.132474
    0.135316
     0.13703
    0.137611
     0.13706
    0.135377
    0.132562
    0.128618
     0.12355
    0.117362
    0.110061
    0.101653
   0.0921456
   0.0815481
   0.0698694
   0.0571645
   0.0436218
   0.0294409
   0.0148292
   -0.198257
   -0.394603
   -0.587148
   -0.774038
   -0.953475
    -1.12373
    -1.28316
    -1.43024
    -1.56355
    -1.68179
    -1.78384
    -1.86871
    -1.93558
     -1.9838
    -2.01292
    -2.02265
     -2.0129
    -1.98376
    -1.93552
    -1.86863
    -1.78375
    -1.68169
    -1.56343
    -1.43012
    -1.28305
    -1.12361
   -0.953366
   -0.773941
   -0.587068
   -0.394545
   -0.198226
   0.0144843
   0.0287714
   0.0426598
   0.0559532
   0.0684633
   0.0800117
   0.0904927
   0.0998979
     0.10822
    0.115451
    0.121585
    0.126616
    0.130539
     0.13335
    0.135046
    0.135625
    0.135086
    0.133428
    0.130653
    0.126763
    0.121761
     0.11565
    0.108436
    0.100125
   0.0907222
   0.0802357
   0.0686729
   0.0561395
   0.0428135
   0.0288831
   0.0145447
   -0.187159
   -0.372515
   -0.554282
   -0.730711
   -0.900104
    -1.06083
    -1.21134
    -1.35018
    -1.47602
    -1.58765
    -1.68398
     -1.7641
    -1.82722
    -1.87275
    -1.90023
    -1.90942
    -1.90021
     -1.8727
    -1.82716
    -1.76402
    -1.68388
    -1.58754
     -1.4759
    -1.35006
    -1.21121
    -1.06071
    -0.89999
   -0.730611
     -0.5542
   -0.372455
   -0.187127
    0.014196
   0.0282077
   0.0418451
   0.0549235
   0.0672652
   0.0787027
   0.0890805
   0.0983911
    0.106628
    0.113784
    0.119854
    0.124833
    0.128716
      0.1315
    0.133181
    0.133759
    0.133231
    0.131597
    0.128858
    0.125016
    0.120073
    0.114032
    0.106897
   0.0986733
   0.0893659
   0.0789809
   0.0675254
   0.0551545
   0.0420355
   0.0283459
   0.0142707
   -0.176368
   -0.351035
   -0.522321
   -0.688576
     -0.8482
   -0.999656
    -1.14148
    -1.27232
     -1.3909
    -1.49609
    -1.58687
    -1.66236
    -1.72185
    -1.76474
    -1.79065
     -1.7993
    -1.79062
     -1.7647
    -1.72178
    -1.66228
    -1.58677
    -1.49598
    -1.39078
    -1.27219
    -1.14136
    -0.99953
   -0.848084
   -0.688473
   -0.522237
   -0.350974
   -0.176335
   0.0139077
   0.0276428
   0.0410258
    0.053882
   0.0660433
   0.0773507
   0.0876562
   0.0968971
    0.105069
    0.112166
    0.118185
    0.123122
    0.126973
    0.129735
    0.131405
    0.131982
    0.131465
    0.129852
    0.127144
    0.123343
    0.118449
    0.112464
    0.105392
   0.0972356
   0.0879983
   0.0776839
   0.0663548
   0.0541584
   0.0412534
   0.0278078
   0.0139967
   -0.165882
   -0.330165
   -0.491266
   -0.647635
   -0.797769
   -0.940218
    -1.07361
    -1.19667
     -1.3082
    -1.40713
    -1.49251
    -1.56351
    -1.61946
    -1.65981
    -1.68417
     -1.6923
    -1.68414
    -1.65976
    -1.61939
    -1.56343
    -1.49241
    -1.40702
    -1.30807
    -1.19654
    -1.07348
   -0.940089
   -0.797649
    -0.64753
   -0.491179
   -0.330102
   -0.165848
   0.0136222
   0.0270832
   0.0402141
     0.05285
   0.0648329
   0.0760131
   0.0862519
   0.0954306
    0.103546
    0.110593
    0.116569
     0.12147
    0.125294
    0.128038
    0.129699
    0.130277
    0.129768
    0.128174
    0.125493
    0.121726
    0.116874
    0.110938
     0.10392
   0.0958224
   0.0866476
   0.0763983
   0.0651927
    0.053169
   0.0404765
   0.0272735
   0.0137248
   -0.155702
   -0.309902
   -0.461116
   -0.607888
   -0.748806
   -0.882513
    -1.00772
    -1.12322
     -1.2279
    -1.32076
     -1.4009
    -1.46755
    -1.52006
    -1.55793
    -1.58079
    -1.58843
    -1.58077
    -1.55788
    -1.51999
    -1.46746
     -1.4008
    -1.32065
    -1.22778
    -1.12309
    -1.00759
   -0.882385
   -0.748688
   -0.607784
    -0.46103
    -0.30984
   -0.155668
   0.0133355
   0.0265203
    0.039395
   0.0518042
   0.0635986
    0.074637
   0.0847878
   0.0939313
    0.102011
    0.109025
    0.114972
    0.119848
    0.123653
    0.126384
    0.128039
    0.128617
    0.128116
    0.126536
    0.123875
    0.120134
    0.115313
    0.109411
     0.10243
    0.094369
   0.0852296
   0.0750669
   0.0640001
   0.0521599
   0.0396874
   0.0267321
   0.0134496
   -0.145828
   -0.290249
   -0.431873
   -0.569337
   -0.701317
   -0.826543
   -0.943807
    -1.05198
    -1.15003
      -1.237
    -1.31205
    -1.37447
    -1.42365
    -1.45911
    -1.48053
    -1.48768
    -1.48051
    -1.45907
    -1.42358
    -1.37439
    -1.31195
    -1.23689
    -1.14991
    -1.05186
   -0.943681
   -0.826419
   -0.701202
   -0.569235
    -0.43179
   -0.290188
   -0.145795
   0.0130478
   0.0259545
   0.0385702
   0.0507484
   0.0623486
   0.0732377
   0.0832919
   0.0923984
    0.100457
    0.107451
    0.113379
    0.118239
    0.122031
    0.124754
    0.126405
    0.126984
    0.126488
    0.124918
    0.122272
    0.118548
    0.113747
    0.107868
     0.10091
   0.0928711
   0.0837688
   0.0737016
   0.0627816
   0.0511318
   0.0388852
   0.0261826
   0.0131706
    -0.13626
   -0.271206
   -0.403537
   -0.531981
   -0.655302
    -0.77231
   -0.881881
   -0.982957
    -1.07457
    -1.15583
    -1.22596
    -1.28428
    -1.33023
    -1.36337
    -1.38338
    -1.39006
    -1.38336
    -1.36333
    -1.33017
     -1.2842
    -1.22587
    -1.15572
    -1.07445
   -0.982839
   -0.881761
   -0.772194
   -0.655194
   -0.531886
   -0.403459
   -0.271149
   -0.136229
   0.0127573
   0.0253823
   0.0377338
    0.049674
   0.0610703
   0.0717972
   0.0817379
   0.0907857
   0.0988456
    0.105837
    0.111761
    0.116617
    0.120405
    0.123124
    0.124774
    0.125354
    0.124861
    0.123296
    0.120656
     0.11694
    0.112147
    0.106274
   0.0993187
   0.0912799
   0.0822364
    0.072282
   0.0615225
   0.0500742
   0.0380626
   0.0256201
   0.0128852
   -0.126999
   -0.252773
   -0.376111
   -0.495826
   -0.610765
    -0.71982
   -0.821942
   -0.916148
    -1.00153
    -1.07727
    -1.14263
    -1.19698
    -1.23981
     -1.2707
    -1.28935
    -1.29558
    -1.28933
    -1.27066
    -1.23976
    -1.19691
    -1.14254
    -1.07717
    -1.00143
   -0.916038
   -0.821831
   -0.719711
   -0.610663
   -0.495736
   -0.376038
   -0.252721
   -0.126971
   0.0124612
   0.0247981
   0.0368774
   0.0485693
   0.0597487
   0.0702971
   0.0801038
   0.0890678
   0.0970988
    0.104118
    0.110062
    0.114932
    0.118729
    0.121454
    0.123108
    0.123689
    0.123196
    0.121629
    0.118984
     0.11526
    0.110453
    0.104561
   0.0975782
   0.0895687
   0.0806089
   0.0707881
   0.0602067
   0.0489745
   0.0372101
   0.0250387
   0.0125906
   -0.118046
   -0.234953
   -0.349596
    -0.46087
   -0.567705
    -0.66907
   -0.763992
   -0.851555
   -0.930917
    -1.00131
    -1.06207
    -1.11259
     -1.1524
    -1.18111
    -1.19844
    -1.20423
    -1.19842
    -1.18107
    -1.15235
    -1.11252
    -1.06199
    -1.00122
   -0.930821
   -0.851455
    -0.76389
   -0.668972
   -0.567612
   -0.460788
   -0.349528
   -0.234904
    -0.11802
   0.0121564
   0.0241954
   0.0359913
   0.0474214
   0.0583675
   0.0687175
   0.0783663
    0.087218
   0.0951861
    0.102195
    0.108182
    0.113096
    0.116925
    0.119672
    0.121337
    0.121921
    0.121424
    0.119843
    0.117176
    0.113419
    0.108567
    0.102631
   0.0956578
   0.0877106
   0.0788631
   0.0692004
   0.0588178
   0.0478197
   0.0363183
   0.0244318
   0.0122835
     -0.1094
   -0.217744
    -0.32399
   -0.427113
   -0.526122
   -0.620064
   -0.708032
   -0.789181
   -0.862728
   -0.927968
   -0.984269
    -1.03109
    -1.06798
    -1.09459
    -1.11065
    -1.11602
    -1.11064
    -1.09456
    -1.06794
    -1.03103
   -0.984199
   -0.927888
   -0.862643
   -0.789091
   -0.707942
   -0.619975
    -0.52604
    -0.42704
   -0.323929
     -0.2177
   -0.109376
   0.0118385
   0.0235658
   0.0350627
   0.0462133
   0.0569055
   0.0670325
   0.0764947
   0.0852001
   0.0930658
    0.100019
    0.105997
     0.11095
    0.114838
    0.117634
    0.119327
    0.119919
     0.11941
    0.117798
    0.115078
    0.111259
    0.106365
    0.100435
   0.0935171
   0.0856715
     0.07697
   0.0674946
   0.0573362
   0.0465944
   0.0353755
   0.0237918
   0.0119601
   -0.101061
   -0.201147
   -0.299294
   -0.394557
    -0.48602
     -0.5728
   -0.654063
   -0.729026
   -0.796968
   -0.857233
   -0.909242
   -0.952495
   -0.986573
    -1.01115
    -1.02599
    -1.03095
    -1.02598
    -1.01112
   -0.986533
   -0.952443
    -0.90918
   -0.857163
   -0.796892
   -0.728947
   -0.653983
   -0.572722
   -0.485947
   -0.394493
   -0.299241
   -0.201108
    -0.10104
   0.0115003
   0.0228943
    0.034069
   0.0449137
   0.0553215
   0.0651903
   0.0744242
   0.0829341
   0.0906392
   0.0974671
    0.103355
     0.10825
    0.112109
    0.114899
    0.116598
    0.117191
    0.116675
    0.115052
    0.112333
    0.108538
    0.103699
   0.0978555
   0.0910601
   0.0833738
   0.0748675
   0.0656213
   0.0557233
   0.0452692
   0.0343608
   0.0231053
   0.0116137
  -0.0930296
   -0.185162
   -0.275509
   -0.363202
   -0.447396
    -0.52728
   -0.602085
   -0.671091
   -0.733632
   -0.789108
   -0.836984
   -0.876799
   -0.908169
   -0.930793
   -0.944453
   -0.949016
    -0.94444
   -0.930769
   -0.908133
   -0.876753
    -0.83693
   -0.789046
   -0.733565
    -0.67102
   -0.602014
   -0.527211
   -0.447331
   -0.363145
   -0.275462
   -0.185127
   -0.093011
   0.0111358
   0.0221695
   0.0329931
   0.0435008
     0.05359
   0.0631627
   0.0721262
   0.0803942
   0.0878876
   0.0945352
    0.100274
    0.105051
    0.108821
    0.111549
     0.11321
     0.11379
    0.113281
    0.111688
    0.109025
    0.105313
    0.100587
   0.0948891
   0.0882713
    0.080795
   0.0725304
   0.0635556
   0.0539563
   0.0438248
   0.0332591
   0.0223618
   0.0112392
  -0.0853053
   -0.169788
   -0.252634
   -0.333045
   -0.410249
     -0.4835
   -0.552094
    -0.61537
   -0.672718
   -0.723589
   -0.767489
   -0.803998
   -0.832763
   -0.853509
   -0.866034
   -0.870219
   -0.866024
   -0.853488
   -0.832732
   -0.803957
    -0.76744
   -0.723533
   -0.672658
   -0.615307
    -0.55203
   -0.483437
    -0.41019
   -0.332993
    -0.25259
   -0.169757
  -0.0852885
   0.0107428
   0.0213873
   0.0318301
   0.0419698
   0.0517081
   0.0609505
   0.0696079
   0.0775968
   0.0848402
   0.0912688
   0.0968211
    0.101444
    0.105094
    0.107735
    0.109343
    0.109902
    0.109407
     0.10786
    0.105276
    0.101679
   0.0971008
    0.091585
    0.085183
   0.0779549
   0.0699692
   0.0613019
   0.0520357
   0.0422598
   0.0320682
   0.0215594
   0.0108354
  -0.0778876
   -0.155024
   -0.230666
   -0.304085
   -0.374575
   -0.441457
   -0.504086
   -0.561861
   -0.614223
   -0.660669
   -0.700752
   -0.734087
   -0.760351
   -0.779293
    -0.79073
   -0.794551
   -0.790719
   -0.779273
   -0.760322
    -0.73405
   -0.700708
   -0.660618
   -0.614168
   -0.561804
   -0.504028
   -0.441401
   -0.374523
   -0.304039
   -0.230627
   -0.154996
  -0.0778725
   0.0103228
   0.0205509
   0.0305855
   0.0403294
   0.0496885
   0.0585722
   0.0668947
   0.0745758
   0.0815413
   0.0877243
   0.0930652
   0.0975125
    0.101023
    0.103564
     0.10511
    0.105646
    0.105165
    0.103674
    0.101184
    0.097719
   0.0933114
   0.0880028
   0.0818433
   0.0748912
   0.0672128
   0.0588815
    0.049977
   0.0405849
   0.0307953
   0.0207026
   0.0104044
  -0.0707761
   -0.140869
   -0.209605
   -0.276321
   -0.340375
   -0.401149
    -0.45806
   -0.510558
    -0.55814
   -0.600346
   -0.636769
   -0.667059
   -0.690925
   -0.708137
   -0.718529
   -0.722001
    -0.71852
    -0.70812
   -0.690899
   -0.667025
   -0.636727
   -0.600299
    -0.55809
   -0.510507
   -0.458007
   -0.401097
   -0.340326
   -0.276278
   -0.209569
   -0.140844
  -0.0707621
  0.00987904
   0.0196672
   0.0292701
   0.0385948
   0.0475514
   0.0560535
   0.0640188
   0.0713705
   0.0780377
    0.083956
   0.0890683
   0.0933252
   0.0966854
   0.0991164
    0.100595
    0.101105
    0.100643
   0.0992117
   0.0968249
   0.0935047
   0.0892825
   0.0841983
   0.0783005
   0.0716451
   0.0642958
   0.0563228
   0.0478027
   0.0388173
   0.0294527
   0.0197994
  0.00995014
  -0.0639701
   -0.127323
   -0.189448
   -0.249748
   -0.307642
   -0.362573
   -0.414011
   -0.461461
   -0.504466
   -0.542613
   -0.575534
   -0.602912
   -0.624483
    -0.64004
   -0.649433
   -0.652571
   -0.649424
   -0.640023
   -0.624458
   -0.602879
   -0.575496
   -0.542571
    -0.50442
   -0.461412
   -0.413961
   -0.362525
   -0.307597
   -0.249708
   -0.189415
   -0.127299
   -0.063957
  0.00941583
   0.0187448
   0.0278968
   0.0367836
   0.0453195
   0.0534221
   0.0610133
   0.0680196
   0.0743734
   0.0800135
   0.0848852
   0.0889414
   0.0921428
   0.0944583
   0.0958653
   0.0963498
    0.095907
   0.0945405
   0.0922631
   0.0890962
   0.0850699
   0.0802224
   0.0746001
   0.0682565
   0.0612523
   0.0536547
   0.0455365
   0.0369758
   0.0280546
    0.018859
   0.0094773
   -0.057469
   -0.114383
   -0.170195
   -0.224367
   -0.276378
   -0.325726
   -0.371936
   -0.414564
   -0.453199
   -0.487469
   -0.517043
   -0.541639
   -0.561018
   -0.574994
   -0.583432
   -0.586251
   -0.583423
   -0.574977
   -0.560993
   -0.541609
   -0.517008
   -0.487429
   -0.453155
   -0.414519
    -0.37189
   -0.325681
   -0.276336
    -0.22433
   -0.170165
   -0.114361
   -0.057457
  0.00893759
   0.0177924
    0.026479
   0.0349137
   0.0430152
   0.0507052
   0.0579096
   0.0645589
   0.0705887
   0.0759409
   0.0805636
   0.0844122
   0.0874493
   0.0896454
   0.0909791
   0.0914372
   0.0910149
    0.089716
   0.0875526
   0.0845452
   0.0807223
   0.0761204
   0.0707834
   0.0647624
    0.058115
   0.0509051
   0.0432017
   0.0350789
   0.0266148
   0.0178906
  0.00899048
  -0.0512727
   -0.102051
   -0.151845
   -0.200176
   -0.246579
   -0.290606
   -0.331834
   -0.369865
   -0.404334
   -0.434909
   -0.461295
   -0.483238
   -0.500526
   -0.512995
   -0.520523
   -0.523038
   -0.520515
   -0.512979
   -0.500504
   -0.483209
   -0.461261
   -0.434871
   -0.404294
   -0.369823
   -0.331791
   -0.290564
    -0.24654
   -0.200141
   -0.151816
    -0.10203
  -0.0512615
  0.00844862
   0.0168187
   0.0250296
   0.0330022
   0.0406596
   0.0479279
    0.054737
   0.0610212
   0.0667198
   0.0717777
    0.076146
   0.0797825
   0.0826518
   0.0847261
   0.0859852
   0.0864166
   0.0860159
   0.0847867
   0.0827405
   0.0798966
   0.0762822
   0.0719318
    0.066887
    0.061196
   0.0549135
   0.0480996
   0.0408199
   0.0331442
   0.0251463
   0.0169032
  0.00849409
  -0.0453808
  -0.0903236
   -0.134396
   -0.177173
   -0.218243
   -0.257211
   -0.293701
   -0.327362
    -0.35787
    -0.38493
   -0.408283
   -0.427705
   -0.443007
   -0.454042
   -0.460705
    -0.46293
   -0.460697
   -0.454028
   -0.442986
   -0.427678
   -0.408252
   -0.384895
   -0.357831
   -0.327321
    -0.29366
   -0.257171
   -0.218206
    -0.17714
   -0.134369
  -0.0903039
  -0.0453701
  0.00795298
   0.0158318
   0.0235607
    0.031065
   0.0382725
   0.0451135
   0.0515222
   0.0574366
   0.0627997
   0.0675596
   0.0716703
    0.075092
   0.0777916
   0.0797428
   0.0809267
   0.0813315
   0.0809532
    0.079795
    0.077868
   0.0751903
   0.0717875
   0.0676922
   0.0629436
    0.057587
    0.051674
   0.0452613
   0.0384104
   0.0311873
   0.0236612
   0.0159046
  0.00799216
  -0.0397929
  -0.0792018
   -0.117847
   -0.155357
    -0.19137
   -0.225539
   -0.257535
   -0.287051
   -0.313802
    -0.33753
   -0.358007
   -0.375037
   -0.388454
    -0.39813
   -0.403972
   -0.405923
   -0.403965
   -0.398116
   -0.388434
   -0.375012
   -0.357977
   -0.337496
   -0.313765
   -0.287012
   -0.257496
   -0.225501
   -0.191334
   -0.155325
   -0.117821
  -0.0791827
  -0.0397827
  0.00745436
   0.0148391
   0.0220831
   0.0291165
   0.0358716
   0.0422831
   0.0482892
    0.053832
   0.0588579
   0.0633184
   0.0671704
   0.0703766
   0.0729058
   0.0747336
   0.0758421
   0.0762206
    0.075865
   0.0747787
   0.0729718
   0.0704616
   0.0672719
   0.0634332
   0.0589825
   0.0539622
   0.0484207
   0.0424111
   0.0359911
   0.0292224
   0.0221702
   0.0149022
  0.00748832
  -0.0345087
  -0.0686843
   -0.102198
   -0.134726
   -0.165956
   -0.195588
   -0.223335
   -0.248931
   -0.272129
   -0.292706
   -0.310463
   -0.325231
   -0.336865
   -0.345256
   -0.350322
   -0.352014
   -0.350315
   -0.345244
   -0.336847
   -0.325206
   -0.310434
   -0.292673
   -0.272093
   -0.248893
   -0.223297
   -0.195551
   -0.165922
   -0.134695
   -0.102172
  -0.0686659
  -0.0344988
  0.00695617
   0.0138473
   0.0206069
   0.0271701
   0.0334733
   0.0394558
     0.04506
   0.0502318
   0.0549212
   0.0590829
   0.0626767
   0.0656678
   0.0680273
   0.0697321
   0.0707658
   0.0711183
   0.0707858
   0.0697715
   0.0680849
    0.065742
   0.0627653
   0.0591831
     0.05503
   0.0503456
   0.0451749
   0.0395677
   0.0335777
   0.0272626
   0.0206831
   0.0139024
  0.00698585
  -0.0295278
  -0.0587704
  -0.0874463
   -0.115279
   -0.142002
   -0.167356
   -0.191098
   -0.212999
   -0.232848
   -0.250454
   -0.265648
   -0.278283
   -0.288238
   -0.295418
   -0.299752
   -0.301199
   -0.299745
   -0.295405
    -0.28822
   -0.278259
    -0.26562
   -0.250422
   -0.232813
   -0.212962
   -0.191061
    -0.16732
   -0.141968
    -0.11525
  -0.0874219
  -0.0587527
  -0.0295183
  0.00646152
   0.0128626
   0.0191414
   0.0252377
   0.0310924
   0.0366492
   0.0418546
   0.0466581
   0.0510136
   0.0548789
   0.0582166
   0.0609945
   0.0631855
   0.0647687
   0.0657284
   0.0660553
   0.0657461
   0.0648036
   0.0632366
   0.0610601
   0.0582948
   0.0549674
   0.0511097
   0.0467586
   0.0419559
   0.0367479
   0.0311845
   0.0253193
   0.0192086
   0.0129112
   0.0064877
  -0.0248499
  -0.0494597
  -0.0735926
   -0.097016
   -0.119504
   -0.140841
   -0.160822
   -0.179252
   -0.195956
   -0.210773
   -0.223559
   -0.234192
   -0.242569
   -0.248611
   -0.252258
   -0.253475
   -0.252252
   -0.248598
   -0.242551
   -0.234169
   -0.223531
   -0.210742
   -0.195922
   -0.179217
   -0.160786
   -0.140807
   -0.119472
  -0.0969873
   -0.073569
  -0.0494426
  -0.0248407
  0.00597318
   0.0118904
   0.0176947
   0.0233301
   0.0287423
   0.0338791
   0.0386909
   0.0431312
   0.0471573
   0.0507302
   0.0538154
    0.056383
   0.0584082
   0.0598714
   0.0607583
   0.0610601
    0.060774
   0.0599024
   0.0584536
   0.0564414
   0.0538851
    0.050809
   0.0472428
   0.0432207
   0.0387812
   0.0339671
   0.0288245
    0.023403
   0.0177546
   0.0119338
  0.00599655
  -0.0204748
  -0.0407516
  -0.0606353
  -0.0799344
  -0.0984632
   -0.116043
   -0.132505
    -0.14769
   -0.161452
   -0.173659
   -0.184194
   -0.192954
   -0.199856
   -0.204833
   -0.207837
    -0.20884
   -0.207831
   -0.204821
   -0.199839
   -0.192932
   -0.184167
   -0.173629
    -0.16142
   -0.147656
    -0.13247
   -0.116009
  -0.0984318
  -0.0799066
  -0.0606124
   -0.040735
  -0.0204658
  0.00549359
   0.0109358
   0.0162741
   0.0214571
   0.0264348
   0.0311592
   0.0355847
   0.0396686
   0.0433714
   0.0466575
    0.049495
   0.0518565
    0.053719
   0.0550647
   0.0558802
   0.0561578
   0.0558944
   0.0550927
     0.05376
   0.0519093
    0.049558
   0.0467288
   0.0434489
   0.0397495
   0.0356665
   0.0312389
   0.0265092
   0.0215231
   0.0163284
   0.0109751
  0.00551479
  -0.0164021
  -0.0326454
  -0.0485737
  -0.0640336
  -0.0788762
  -0.0929587
   -0.106145
    -0.11831
   -0.129334
   -0.139112
    -0.14755
   -0.154567
   -0.160095
   -0.164082
   -0.166488
    -0.16729
   -0.166482
    -0.16407
   -0.160078
   -0.154545
   -0.147524
   -0.139083
   -0.129302
   -0.118276
   -0.106112
  -0.0929261
  -0.0788458
  -0.0640066
  -0.0485515
  -0.0326293
  -0.0163934
  0.00502488
   0.0100028
   0.0148859
   0.0196269
   0.0241802
   0.0285018
   0.0325501
   0.0362859
   0.0396732
   0.0426793
    0.045275
   0.0474353
   0.0491392
   0.0503702
   0.0511164
   0.0513704
   0.0511296
   0.0503962
   0.0491772
   0.0474842
   0.0453334
   0.0427454
    0.039745
    0.036361
   0.0326259
   0.0285757
   0.0242492
   0.0196882
   0.0149363
   0.0100394
   0.0050446
  -0.0126315
  -0.0251406
   -0.037407
  -0.0493126
  -0.0607427
  -0.0715872
  -0.0817418
  -0.0911087
  -0.0995978
   -0.107127
   -0.113625
   -0.119028
   -0.123284
   -0.126354
   -0.128206
   -0.128823
     -0.1282
   -0.126342
   -0.123268
   -0.119007
     -0.1136
   -0.107099
   -0.099567
  -0.0910765
  -0.0817093
  -0.0715556
  -0.0607131
  -0.0492864
  -0.0373855
   -0.025125
  -0.0126231
  0.00456897
  0.00909542
   0.0135357
    0.017847
   0.0219877
   0.0259178
   0.0295994
    0.032997
   0.0360777
   0.0388117
   0.0411726
   0.0431375
   0.0446875
   0.0458074
   0.0464863
   0.0467175
   0.0464989
   0.0458322
   0.0447238
   0.0431843
   0.0412285
   0.0388749
   0.0361463
   0.0330689
   0.0296721
   0.0259886
   0.0220539
   0.0179057
   0.0135841
  0.00913051
  0.00458791
 -0.00916279
  -0.0182367
  -0.0271343
    -0.03577
  -0.0440607
  -0.0519265
  -0.0592918
  -0.0660856
  -0.0722425
  -0.0777034
  -0.0824157
   -0.086334
  -0.0894206
  -0.0916461
  -0.0929888
  -0.0934359
  -0.0929832
  -0.0916352
  -0.0894049
  -0.0863136
  -0.0823914
   -0.077676
  -0.0722127
  -0.0660544
  -0.0592602
  -0.0518958
   -0.044032
  -0.0357446
  -0.0271134
  -0.0182215
 -0.00915463
   0.0041275
  0.00821683
   0.0122285
   0.0161239
   0.0198653
   0.0234166
   0.0267435
   0.0298139
   0.0325981
   0.0350691
    0.037203
   0.0389792
   0.0403804
    0.041393
   0.0420071
   0.0422166
   0.0420196
   0.0414176
   0.0404165
   0.0390257
   0.0372586
    0.035132
   0.0326664
   0.0298855
   0.0268159
   0.0234872
   0.0199313
   0.0161825
   0.0122768
  0.00825189
  0.00414644
 -0.00599564
  -0.0119329
  -0.0177546
  -0.0234048
   -0.028829
  -0.0339751
  -0.0387935
  -0.0432379
  -0.0472655
  -0.0508375
  -0.0539197
  -0.0564823
  -0.0585008
  -0.0599559
  -0.0608334
   -0.061125
  -0.0608281
  -0.0599454
  -0.0584855
  -0.0564625
  -0.0538961
  -0.0508108
  -0.0472365
  -0.0432076
  -0.0387629
  -0.0339453
  -0.0288012
  -0.0233801
  -0.0177343
  -0.0119182
 -0.00598771
  0.00370193
  0.00736995
   0.0109686
   0.0144633
     0.01782
   0.0210065
   0.0239919
   0.0267473
    0.029246
   0.0314639
   0.0333795
   0.0349741
   0.0362324
   0.0371419
   0.0376939
   0.0378828
   0.0377069
   0.0371675
   0.0362698
   0.0350224
   0.0334372
   0.0315293
   0.0293171
   0.0268217
   0.0240672
   0.0210799
   0.0178888
   0.0145243
    0.011019
  0.00740652
  0.00372169
 -0.00312971
 -0.00622867
 -0.00926705
  -0.0122156
   -0.015046
   -0.017731
  -0.0202448
  -0.0225632
   -0.024664
  -0.0265268
   -0.028134
  -0.0294699
  -0.0305219
  -0.0312798
  -0.0317364
  -0.0318874
  -0.0317312
  -0.0312696
   -0.030507
  -0.0294507
   -0.028111
  -0.0265009
  -0.0246358
  -0.0225338
  -0.0202151
  -0.0177021
   -0.015019
  -0.0121917
 -0.00924735
  -0.0062144
 -0.00312203
  0.00329353
  0.00655733
  0.00975984
   0.0128701
   0.0158581
   0.0186948
   0.0213528
   0.0238063
   0.0260317
   0.0280072
   0.0297137
   0.0311346
    0.032256
   0.0330671
   0.0335599
   0.0337294
   0.0335739
   0.0330949
   0.0322966
   0.0311869
   0.0297762
    0.028078
   0.0261087
    0.023887
   0.0214344
   0.0187744
   0.0159326
   0.0129364
   0.0098145
  0.00659705
  0.00331501
-0.000564662
 -0.00112329
 -0.00167053
 -0.00220115
 -0.00271006
 -0.00319238
 -0.00364351
 -0.00405916
 -0.00443534
 -0.00476849
 -0.00505545
 -0.00529351
 -0.00548042
 -0.00561443
  -0.0056943
 -0.00571932
 -0.00568928
 -0.00560455
 -0.00546595
 -0.00527488
 -0.00503322
 -0.00474334
 -0.00440805
 -0.00403061
 -0.00361469
 -0.00316433
 -0.00268387
 -0.00217794
 -0.00165145
 -0.00110947
-0.000557217
  0.00290346
  0.00578124
   0.0086055
   0.0113489
   0.0139849
   0.0164879
   0.0188336
   0.0209993
    0.022964
   0.0247084
   0.0262157
   0.0274712
   0.0284626
   0.0291801
   0.0296167
    0.029768
   0.0296324
   0.0292111
   0.0285081
   0.0275299
   0.0262858
   0.0247878
   0.0230503
   0.0210898
   0.0189251
   0.0165772
   0.0140685
   0.0114232
  0.00866681
  0.00582579
  0.00292754
  0.00169988
  0.00338397
  0.00503601
  0.00664008
  0.00818069
  0.00964298
   0.0110128
    0.012277
   0.0134233
   0.0144407
   0.0153192
   0.0160504
   0.0166272
    0.017044
   0.0172967
   0.0173828
   0.0173015
   0.0170535
   0.0166412
   0.0160684
   0.0153407
    0.014465
   0.0134497
   0.0123046
   0.0110407
  0.00967012
  0.00820602
  0.00666252
  0.00505447
  0.00339733
  0.00170708
  0.00253278
  0.00504382
  0.00750879
  0.00990378
   0.0122056
   0.0143917
   0.0164411
   0.0183337
   0.0200511
   0.0215765
    0.022895
   0.0239937
   0.0248619
   0.0254909
   0.0258746
    0.026009
   0.0258926
   0.0255265
    0.024914
   0.0240609
   0.0229752
   0.0216674
   0.0201499
   0.0184372
   0.0165459
    0.014494
   0.0123013
  0.00998883
  0.00757893
  0.00509478
  0.00256033
  0.00366433
  0.00729391
   0.0108538
   0.0143096
   0.0176281
   0.0207773
   0.0237268
   0.0264482
   0.0289152
    0.031104
   0.0329936
   0.0345656
   0.0358048
   0.0366994
   0.0372406
   0.0374231
   0.0372453
   0.0367086
   0.0358183
   0.0345829
   0.0330143
   0.0311275
   0.0289407
   0.0264748
   0.0237537
   0.0208035
   0.0176526
   0.0143313
   0.0108716
   0.0073068
  0.00367127
  0.00218256
  0.00434714
  0.00647274
   0.0085387
   0.0105249
    0.012412
   0.0141817
   0.0158165
   0.0173006
   0.0186194
     0.01976
   0.0207111
   0.0214633
   0.0220091
   0.0223431
   0.0224618
   0.0223639
   0.0220502
   0.0215235
   0.0207886
   0.0198527
   0.0187244
   0.0174147
    0.015936
   0.0143026
   0.0125299
   0.0106353
   0.0086367
  0.00655353
  0.00440581
  0.00221426
  0.00532911
   0.0106074
   0.0157841
   0.0208092
   0.0256344
   0.0302131
   0.0345012
   0.0384575
   0.0420437
   0.0452253
   0.0479716
   0.0502561
   0.0520567
   0.0533561
   0.0541418
    0.054406
   0.0541463
    0.053365
   0.0520697
   0.0502728
   0.0479915
   0.0452478
   0.0420681
    0.038483
    0.034527
   0.0302382
   0.0256578
   0.0208299
   0.0158011
   0.0106198
  0.00533576
  0.00185382
  0.00369324
  0.00550036
  0.00725756
  0.00894772
   0.0105543
   0.0120616
   0.0134548
   0.0147202
   0.0158453
   0.0168191
   0.0176319
   0.0182755
   0.0187436
   0.0190313
   0.0191356
   0.0190553
   0.0187909
   0.0183448
   0.0177212
   0.0169258
   0.0159661
   0.0148514
   0.0135922
   0.0122005
   0.0106898
  0.00907443
  0.00737005
  0.00559304
  0.00376051
  0.00189015
  0.00669469
   0.0133254
   0.0198283
   0.0261406
   0.0322016
   0.0379529
   0.0433391
   0.0483083
   0.0528126
   0.0568084
   0.0602574
   0.0631263
   0.0653874
   0.0670189
    0.068005
   0.0683362
   0.0680093
   0.0670274
   0.0653998
   0.0631422
   0.0602765
   0.0568299
   0.0528359
   0.0483327
   0.0433638
   0.0379769
    0.032224
   0.0261604
   0.0198445
   0.0133372
  0.00670103
  0.00154764
  0.00308419
  0.00459467
  0.00606432
  0.00747875
  0.00882407
   0.0100871
   0.0112552
    0.012317
    0.013262
   0.0140806
   0.0147647
   0.0153074
   0.0157032
   0.0159479
    0.016039
   0.0159753
   0.0157571
   0.0153863
   0.0148663
   0.0142019
   0.0133993
   0.0124662
   0.0114113
   0.0102448
  0.00897784
  0.00762252
  0.00619189
  0.00469972
  0.00316039
  0.00158875
   0.0077616
   0.0154489
   0.0229879
   0.0303059
   0.0373324
   0.0439999
   0.0502439
   0.0560044
   0.0612258
   0.0658578
   0.0698558
   0.0731813
   0.0758021
    0.077693
   0.0788357
   0.0792191
   0.0788397
    0.077701
   0.0758138
   0.0731963
   0.0698739
   0.0658782
   0.0612478
   0.0560274
   0.0502672
   0.0440225
   0.0373536
   0.0303246
   0.0230033
     0.01546
  0.00776759
  0.00126503
  0.00252202
  0.00375868
  0.00496288
  0.00612277
   0.0072269
  0.00826434
  0.00922479
   0.0100987
   0.0108772
   0.0115526
    0.012118
   0.0125676
   0.0128967
   0.0131019
   0.0131808
   0.0131325
    0.012957
   0.0126558
   0.0122316
   0.0116882
   0.0110307
   0.0102653
  0.00939912
  0.00844048
  0.00739849
  0.00628313
   0.0051051
  0.00387573
  0.00260688
  0.00131079
  0.00853039
   0.0169791
   0.0252646
   0.0333073
   0.0410296
   0.0483571
   0.0552192
   0.0615498
    0.067288
   0.0723783
   0.0767718
   0.0804262
   0.0833061
   0.0853838
   0.0866393
   0.0870604
   0.0866431
   0.0853913
    0.083317
   0.0804403
   0.0767887
   0.0723973
   0.0673085
   0.0615714
   0.0552409
   0.0483782
   0.0410493
   0.0333248
    0.025279
   0.0169895
  0.00853599
  0.00100702
  0.00200874
  0.00299534
  0.00395707
  0.00488444
  0.00576822
   0.0065996
  0.00737025
  0.00807239
  0.00869891
  0.00924341
  0.00970028
   0.0100648
    0.010333
    0.010502
   0.0105698
   0.0105354
    0.010399
   0.0101614
   0.0098247
  0.00939192
  0.00886701
  0.00825482
  0.00756108
  0.00679235
  0.00595593
  0.00505979
  0.00411251
  0.00312321
   0.0021014
  0.00105696
  0.00900171
   0.0179171
   0.0266603
   0.0351472
   0.0432959
    0.051028
    0.058269
   0.0649491
   0.0710039
   0.0763751
   0.0810111
    0.084867
   0.0879057
   0.0900978
   0.0914223
   0.0918664
   0.0914258
   0.0901047
   0.0879157
   0.0848799
   0.0810266
   0.0763927
   0.0710228
   0.0649689
    0.058289
   0.0510475
   0.0433141
   0.0351633
   0.0266736
   0.0179267
  0.00900688
 0.000774555
  0.00154622
  0.00230739
  0.00305052
   0.0037682
  0.00445323
  0.00509871
  0.00569808
  0.00624522
  0.00673449
   0.0071608
  0.00751966
  0.00780723
  0.00802036
  0.00815661
   0.0082143
  0.00819254
  0.00809119
  0.00791091
  0.00765315
  0.00732012
  0.00691479
  0.00644084
  0.00590267
   0.0053053
  0.00465436
  0.00395602
  0.00321696
  0.00244425
  0.00164535
 0.000827954
  0.00917622
   0.0182644
   0.0271771
   0.0358284
   0.0441349
   0.0520167
   0.0593978
   0.0662071
   0.0723791
   0.0778541
   0.0825797
     0.08651
   0.0896074
   0.0918418
   0.0931917
   0.0936442
   0.0931949
    0.091848
   0.0896165
   0.0865218
   0.0825938
   0.0778701
   0.0723963
   0.0662251
    0.059416
   0.0520344
   0.0441514
    0.035843
   0.0271891
   0.0182732
  0.00918093
 0.000568475
  0.00113614
  0.00169737
  0.00224653
  0.00277811
  0.00328669
  0.00376708
  0.00421431
  0.00462372
  0.00499099
   0.0053122
  0.00558386
  0.00580295
  0.00596698
  0.00607397
   0.0061225
  0.00611174
  0.00604143
  0.00591192
  0.00572414
  0.00547961
  0.00518042
  0.00482923
   0.0044292
  0.00398402
  0.00349785
  0.00297525
  0.00242118
  0.00184094
   0.0012401
 0.000624457
  0.00905469
   0.0180225
   0.0268171
   0.0353537
     0.04355
   0.0513273
   0.0586105
   0.0653295
   0.0714194
   0.0768218
   0.0814845
   0.0853626
   0.0884186
   0.0906232
   0.0919551
   0.0924015
   0.0919579
   0.0906288
   0.0884268
    0.085373
   0.0814971
    0.076836
   0.0714348
   0.0653455
   0.0586267
   0.0513431
   0.0435648
   0.0353667
   0.0268278
   0.0180303
  0.00905889
 0.000389514
 0.000779959
  0.00116742
  0.00154796
  0.00191769
  0.00227277
  0.00260948
  0.00292425
   0.0032137
  0.00347465
  0.00370422
  0.00389979
  0.00405909
  0.00418017
  0.00426147
   0.0043018
  0.00430041
  0.00425693
  0.00417143
  0.00404441
  0.00387679
  0.00366991
   0.0034255
  0.00314569
  0.00283301
   0.0024903
  0.00212075
  0.00172782
  0.00131524
 0.000886962
 0.000447124
  0.00863799
   0.0171931
   0.0255828
   0.0337264
   0.0415455
   0.0489647
   0.0559126
   0.0623221
   0.0681317
   0.0732853
   0.0777332
   0.0814326
   0.0843479
   0.0864508
   0.0877212
   0.0881469
   0.0877238
   0.0864557
   0.0843549
   0.0814418
   0.0777441
   0.0732977
    0.068145
   0.0623362
   0.0559267
   0.0489785
   0.0415584
   0.0337378
   0.0255921
   0.0171998
  0.00864163
 0.000238269
 0.000478876
 0.000719358
 0.000957214
  0.00118993
    0.001415
  0.00162997
  0.00183244
  0.00202013
  0.00219085
  0.00234259
  0.00247348
  0.00258188
  0.00266632
   0.0027256
  0.00275875
  0.00276506
  0.00274409
  0.00269569
     0.00262
  0.00251741
  0.00238864
  0.00223466
  0.00205672
  0.00185634
  0.00163527
  0.00139552
  0.00113929
 0.000868985
 0.000587172
 0.000296567
  0.00792701
   0.0157779
   0.0234771
   0.0309504
   0.0381258
   0.0449342
   0.0513102
   0.0571921
   0.0625233
   0.0672526
   0.0713343
    0.074729
   0.0774042
    0.079334
   0.0804998
   0.0808903
   0.0805018
   0.0793381
   0.0774103
   0.0747368
   0.0713435
    0.067263
   0.0625345
   0.0572039
   0.0513221
   0.0449459
   0.0381366
     0.03096
    0.023485
   0.0157836
   0.0079301
 0.000115213
 0.000233844
 0.000354616
 0.000476193
 0.000597193
 0.000716202
 0.000831796
 0.000942551
  0.00104707
  0.00114399
    0.001232
  0.00130988
  0.00137648
  0.00143077
  0.00147181
  0.00149883
  0.00151118
  0.00150836
  0.00149004
  0.00145605
  0.00140641
   0.0013413
  0.00126108
  0.00116627
  0.00105759
 0.000935901
 0.000802235
  0.00065777
 0.000503819
 0.000341824
 0.000173335
  0.00692284
   0.0137792
    0.020503
   0.0270296
    0.033296
   0.0392419
     0.04481
   0.0499467
   0.0546026
   0.0587327
   0.0622972
   0.0652619
   0.0675981
   0.0692833
   0.0703013
   0.0706423
   0.0703031
   0.0692866
   0.0676029
   0.0652681
   0.0623047
   0.0587412
   0.0546118
   0.0499563
   0.0448197
   0.0392513
   0.0333048
   0.0270374
   0.0205094
   0.0137838
  0.00692533
 2.07079e-05
 4.55926e-05
 7.42934e-05
 0.000106373
 0.000141324
 0.000178577
 0.000217507
 0.000257446
 0.000297691
 0.000337513
 0.000376171
  0.00041292
 0.000447026
 0.000477773
 0.000504476
 0.000526492
  0.00054323
 0.000554158
 0.000558816
 0.000556819
 0.000547868
 0.000531754
 0.000508359
 0.000477668
 0.000439762
 0.000394824
 0.000343136
  0.00028508
 0.000221131
 0.000151855
 7.79021e-05
  0.00562666
   0.0111993
   0.0166641
   0.0219687
   0.0270617
   0.0318943
   0.0364199
   0.0405948
   0.0443788
   0.0477356
   0.0506327
   0.0530422
   0.0549409
   0.0563105
   0.0571378
    0.057415
   0.0571391
    0.056313
   0.0549446
   0.0530469
   0.0506383
   0.0477419
   0.0443858
   0.0406021
   0.0364272
   0.0319015
   0.0270684
   0.0219745
    0.016669
   0.0112027
  0.00562854
-4.49806e-05
-8.53384e-05
-0.000120794
-0.000151154
-0.000176311
-0.000196239
-0.000210997
-0.000220719
-0.000225615
-0.000225962
-0.000222099
-0.000214417
-0.000203359
-0.000189403
 -0.00017306
 -0.00015486
-0.000135348
-0.000115073
-9.45774e-05
 -7.4392e-05
-5.50253e-05
-3.69566e-05
-2.06287e-05
-6.44159e-06
  5.2537e-06
 1.41598e-05
 2.00373e-05
 2.27081e-05
 2.20572e-05
 1.80347e-05
 1.06558e-05
  0.00403976
  0.00804071
   0.0119643
   0.0157728
   0.0194295
   0.0228991
   0.0261483
   0.0291457
   0.0318625
   0.0342724
   0.0363524
   0.0380823
   0.0394455
   0.0404288
   0.0410228
   0.0412217
   0.0410237
   0.0404305
    0.039448
   0.0380855
   0.0363562
   0.0342767
   0.0318671
   0.0291505
   0.0261531
   0.0229038
   0.0194339
   0.0157768
   0.0119676
  0.00804307
  0.00404104
 -8.1663e-05
-0.000158566
-0.000230066
-0.000295609
-0.000354733
-0.000407071
-0.000452352
-0.000490398
-0.000521129
-0.000544554
-0.000560772
-0.000569963
-0.000572389
-0.000568381
-0.000558338
-0.000542716
 -0.00052202
-0.000496797
-0.000467627
-0.000435114
-0.000399877
-0.000362541
 -0.00032373
-0.000284057
-0.000244117
-0.000204477
-0.000165675
-0.000128208
 -9.2529e-05
 -5.9043e-05
-2.81015e-05
  0.00216366
  0.00430653
  0.00640797
  0.00844776
   0.0104062
   0.0122645
   0.0140047
   0.0156101
   0.0170652
   0.0183559
   0.0194699
   0.0203964
   0.0211265
   0.0216531
   0.0219712
   0.0220777
   0.0219717
    0.021654
   0.0211277
    0.020398
   0.0194718
    0.018358
   0.0170675
   0.0156125
   0.0140072
   0.0122669
   0.0104084
  0.00844973
  0.00640959
  0.00430771
   0.0021643
  2.8026e-45
  4.2039e-45
  4.2039e-45
  4.2039e-45
  4.2039e-45
  4.2039e-45
  4.2039e-45
  4.2039e-45
  4.2039e-45
  4.2039e-45
  4.2039e-45
  4.2039e-45
  4.2039e-45
  4.2039e-45
  4.2039e-45
  4.2039e-45
  4.2039e-45
  4.2039e-45
  4.2039e-45
  4.2039e-45
  4.2039e-45
  4.2039e-45
  4.2039e-45
  4.2039e-45
  4.2039e-45
  4.2039e-45
  4.2039e-45
  4.2039e-45
  4.2039e-45
  4.2039e-45
  2.8026e-45
-2.24208e-44
-2.24208e-44
-2.24208e-44
 2.24208e-44
 2.24208e-44
 2.24208e-44
-2.24208e-44
-2.24208e-44
-2.24208e-44
-2.24208e-44
-2.24208e-44
-2.24208e-44
-2.24208e-44
 2.24208e-44
-2.24208e-44
-2.24208e-44
 2.24208e-44
 2.24208e-44
 2.24208e-44
 2.24208e-44
-2.24208e-44
-2.24208e-44
-2.24208e-44
 2.24208e-44
-2.24208e-44
-2.24208e-44
 2.24208e-44
 2.24208e-44
 2.24208e-44
 2.24208e-44
-2.24208e-44
