0.999999
0.9024559999999999
0.8163090000000001
0.740005
0.6722779999999999
0.612085
0.558547
0.510907
0.46850600000000003
0.43076099999999995
0.39716
0.367245
0.340611
0.316899
0.29578699999999997
0.276989
0.260248
0.245338
0.23205599999999998
0.220223
0.20968
0.200286
0.191914
0.184453
0.177802
0.171871
0.166576
0.16184300000000001
0.157608
0.153814
0.15041
0.147345
0.144572
0.14205
0.139742
0.13761099999999998
0.135625
0.133759
0.131982
0.130277
0.128617
0.12698399999999999
0.125354
0.12368900000000001
0.121921
0.11991900000000001
0.117191
0.11379
0.109902
0.105646
0.101105
0.0963498
0.0914372
0.08641660000000001
0.0813315
0.0762206
0.0711183
0.0660553
0.0610601
0.0561578
0.051370400000000004
0.0467175
0.0422166
0.0378828
0.03372940000000001
0.029768
0.026008999999999997
0.0224618
0.0191356
0.016038999999999998
0.0131808
0.010569799999999999
0.008214299999999999
0.0061225
0.0043018
0.00275875
0.00149883
0.0005264919999999999
-0.00015486
-0.0005427159999999999
4.203899999999999e-45
