-7.87907
-7.74109
-7.604310000000001
-7.468719999999999
-7.334339999999999
-7.201169999999999
-7.0692
-6.93845
-6.8089
-6.680560000000001
-6.5534300000000005
-6.4275
-6.30277
-6.17925
-6.05693
-5.93581
-5.8159
-5.69719
-5.579680000000001
-5.463369999999999
-5.34826
-5.23435
-5.12164
-5.01013
-4.899830000000001
-4.79073
-4.68285
-4.576169999999999
-4.4707
-4.36645
-4.2634
-4.161569999999999
-4.06094
-3.9615199999999997
-3.8633
-3.76629
-3.6704800000000004
-3.5758699999999997
-3.4824699999999997
-3.39028
-3.2992800000000004
-3.20948
-3.12089
-3.0335
-2.94732
-2.86234
-2.7785599999999997
-2.696
-2.61464
-2.5344900000000004
-2.45554
-2.3778099999999998
-2.3012799999999998
-2.2259599999999997
-2.15184
-2.0789299999999997
-2.0072200000000002
-1.93671
-1.8674
-1.79928
-1.73237
-1.66665
-1.6021299999999998
-1.5388600000000001
-1.47678
-1.41588
-1.35618
-1.29767
-1.24037
-1.1843
-1.12944
-1.0758
-1.02335
-0.972092
-0.922033
-0.873166
-0.8255
-0.779054
-0.7338060000000001
-0.689762
-0.646914
-0.605243
-0.564773
-0.525501
-0.487432
-0.450567
-0.414905
-0.380425
-0.34715
-0.31506999999999996
-0.284196
-0.254548
-0.22610300000000003
-0.198863
-0.172825
-0.147972
-0.124325
-0.101882
-0.0806461
-0.060646500000000006
-0.0418464
-0.0242359
-0.00782408
0.00743494
0.0214887
0.0343527
0.0460092
0.05644119999999999
0.0656706
0.0736606
0.080458
0.086079
0.0905067
0.09372130000000001
0.0957462
0.0965842
0.096234
0.0947077
0.0919948
0.088076
0.08297710000000001
0.07671139999999999
0.0692673
0.0606573
0.0508713
0.0399069
0.027772199999999997
0.0144683
-5.665989999999999e-09
