-7.87897
-7.740989999999999
-7.60422
-7.46865
-7.334280000000001
-7.2011199999999995
-7.06917
-6.93842
-6.80888
-6.68054
-6.5534099999999995
-6.42748
-6.30275
-6.17922
-6.0569
-5.93578
-5.81586
-5.69714
-5.579619999999999
-5.46331
-5.3482
-5.2342900000000006
-5.121580000000001
-5.01008
-4.89979
-4.79071
-4.682840000000001
-4.576169999999999
-4.4707099999999995
-4.36646
-4.26342
-4.161580000000001
-4.06095
-3.9615199999999997
-3.8633
-3.76628
-3.67047
-3.57586
-3.48245
-3.39025
-3.29925
-3.20946
-3.12087
-3.03349
-2.94731
-2.86234
-2.77858
-2.69603
-2.61468
-2.5345400000000002
-2.45561
-2.3778799999999998
-2.30135
-2.2260400000000002
-2.15192
-2.07901
-2.0072900000000002
-1.93678
-1.86748
-1.7993700000000001
-1.7324599999999999
-1.6667599999999998
-1.60226
-1.53898
-1.4769
-1.41601
-1.35632
-1.2978399999999999
-1.24056
-1.18449
-1.12962
-1.07596
-1.0235
-0.972225
-0.9221520000000001
-0.873276
-0.825601
-0.779131
-0.733859
-0.689785
-0.646907
-0.605222
-0.564737
-0.525452
-0.48736999999999997
-0.450491
-0.414815
-0.380336
-0.347063
-0.314992
-0.28412600000000005
-0.254471
-0.226019
-0.19877
-0.172724
-0.147876
-0.12423499999999998
-0.1018
-0.08057310000000001
-0.06055830000000001
-0.041743199999999994
-0.0241249
-0.00770527
0.00752562
0.0215512
0.0343746
0.0459905
0.0563957
0.06559839999999999
0.0735919
0.0803928
0.0860058
0.0904255
0.0936483
0.0956816
0.09652680000000001
0.096184
0.0946565
0.0919424
0.0880398
0.0829572
0.0766981
0.0692607
0.060648400000000005
0.0508601
0.03989790000000001
0.0277652
0.0144648
1.03576e-08
