Residual: 
14.0972
12.3163
10.8756
9.69964
Residual: 
2.77488
2.43781
2.1528
1.91016
Residual: 
0.609667
0.432194
0.517267
0.649056
0.79819
0.941696
1.07394
1.19622
1.30859
1.40856
1.49268
1.558
1.60276
1.62636
1.62917
1.61227
1.57724
1.52607
1.46102
1.38455
1.29918
1.20748
1.11189
1.01472
0.918007
0.823558
0.732862
0.647108
0.567189
0.493722
0.427073
0.367388
0.314627
0.268594
0.228967
0.195317
0.167135
0.143836
0.124791
0.109335
0.0968068
0.0865792
0.0780952
0.0708927
0.0646121
0.0589917
0.0538541
0.0490863
0.0446231
0.0404306
0.0364962
0.032816
0.0293928
0.0262293
0.0233291
0.0206903
0.0183099
0.01618
0.0142909
0.012629
0.0111793
0.00992324
0.00884222
0.00791681
0.00712592
0.00644995
0.0058712
0.0053711
0.0049356
0.00455181
0.00420977
0.00390136
0.00361972
0.00336068
0.00312034
0.00289687
0.00268877
0.00249434
0.00231276
0.00214304
0.00198519
0.00183854
0.00170229
0.00157638
0.00145995
0.00135249
0.00125399
0.00116298
0.00107953
0.00100262
0.000932019
0.000867119
0.000807372
0.0007524
0.000701752
0.00065512
0.000612043
0.000571885
0.000534878
0.000500635
0.00046864
0.000438758
0.000411091
0.00038537
0.00036136
0.000338807
0.000317635
0.000298085
0.000279687
0.000262553
0.000246594
0.000231414
0.000217486
0.00020418
0.000191677
0.000179993
0.000169283
0.000158995
0.000149443
0.000140434
0.000131673
0.000123896
0.000116255
0.000109451
0.000102821
9.67444e-05
Residual: 
2.77488
2.43781
2.1528
1.91016
Residual: 
8.61416
7.80665
7.12209
6.53316
Residual: 
6.04126
5.58488
5.17672
4.80817
Residual: 
1.43474
1.52522
2.21884
3.57683
Residual: 
1.02735
0.735844
0.551722
0.501768
0.538195
0.599988
0.664553
0.728449
0.790701
0.848799
0.899479
0.93993
0.968334
0.983863
0.986486
0.976748
0.955607
0.924314
0.884324
0.837218
0.784637
0.728209
0.669498
0.609946
0.550846
0.493303
0.438234
0.38636
0.338213
0.29415
0.254375
0.21895
0.187827
0.160856
0.137808
0.118387
0.102239
0.0889686
0.0781504
0.0693518
0.0621559
0.0561861
0.0511245
0.0467199
0.0427861
0.0391941
0.0358613
0.0327372
0.029796
0.0270252
0.0244224
0.0219879
0.0197242
0.0176335
0.015715
0.0139675
0.0123866
0.0109665
0.00969909
0.00857515
0.00758436
0.00671501
0.00595576
0.00529479
0.00472019
0.00422101
0.00378704
0.00340861
0.00307721
0.0027857
0.00252781
0.00229814
0.0020928
0.00190805
0.00174144
0.00159067
0.00145388
0.00132984
0.00121717
0.00111522
0.00102289
0.000939291
0.000863957
0.000795916
0.000734664
0.000679381
0.000629688
0.000584862
0.000544257
0.000507745
0.000474402
0.000444082
0.000416196
0.000390544
0.00036693
0.000344907
0.000324542
0.000305431
0.000287523
0.000270633
0.000254889
0.000239939
0.000225853
0.000212582
0.000199983
0.000188177
0.000177041
0.000166529
0.00015651
0.000147099
0.000138291
0.000129904
0.000122099
0.00011464
0.000107649
0.000101122
9.4857e-05
Residual: 
1.43474
1.52522
2.21884
3.57683
Residual: 
4.42937
4.12494
3.8449
3.58626
Residual: 
3.37558
3.15095
2.94198
2.74734
Residual: 
0.788514
0.848286
1.22718
1.97656
Residual: 
0.58315
0.416174
0.309542
0.279252
0.298123
0.332054
0.368435
0.405132
0.44126
0.475126
0.504728
0.528414
0.545138
0.554432
0.556282
0.551007
0.539167
0.521489
0.498823
0.47209
0.442241
0.410222
0.376934
0.343205
0.309773
0.277268
0.246207
0.216992
0.189919
0.165183
0.142888
0.123062
0.105667
0.0906078
0.0777461
0.0669055
0.0578799
0.0504408
0.0443476
0.0393592
0.0352469
0.0318072
0.0288694
0.0262999
0.0239997
0.0219005
0.0199576
0.0181439
0.0164446
0.0148524
0.0133647
0.0119806
0.0107004
0.00952385
0.00844984
0.00747632
0.00659998
0.00581647
0.00512101
0.00450734
0.00396904
0.00349939
0.00309129
0.00273775
0.00243207
0.00216754
0.0019383
0.00173905
0.00156474
0.00141148
0.00127573
0.00115476
0.00104632
0.000948558
0.000860151
0.000780005
0.000707142
0.000641122
0.000581206
0.000527033
0.00047814
0.000434119
0.000394634
0.000359388
0.000327911
0.000299938
0.000275156
0.00025319
0.000233694
0.000216372
0.000200959
0.000187116
0.000174785
0.000163591
0.000153358
0.000143983
0.000135393
0.000127427
0.00012007
0.000112985
0.000106425
0.000100274
9.44037e-05
Residual: 
0.788514
0.848286
1.22718
1.97656
Residual: 
2.55072
2.38224
2.22508
2.07837
Residual: 
1.96409
1.8347
1.71382
1.60087
Residual: 
0.437982
0.473592
0.683453
1.09922
Residual: 
0.332652
0.236557
0.175632
0.158453
0.168896
0.188097
0.209157
0.230714
0.252016
0.271922
0.289225
0.302976
0.312598
0.31785
0.318749
0.315502
0.308451
0.298037
0.284766
0.269185
0.251856
0.233329
0.214128
0.194731
0.17556
0.156971
0.139255
0.122637
0.107277
0.0932772
0.0806905
0.0695241
0.0597479
0.0513009
0.0440967
0.0380283
0.032973
0.028797
0.0253624
0.0225329
0.0201822
0.0181992
0.0164922
0.0149903
0.0136413
0.0124089
0.01127
0.0102099
0.00922048
0.00829777
0.00743968
0.00664548
0.00591449
0.00524607
0.00463887
0.00409122
0.00360059
0.0031642
0.00277848
0.00243988
0.00214419
0.00188752
0.00166536
0.0014736
0.00130822
0.00116539
0.00104169
0.000934073
0.000839808
0.000756566
0.000682593
0.000616371
0.00055674
0.000502735
0.000453697
0.000409103
0.000368482
0.000331536
0.000297988
0.000267699
0.000240306
0.000215707
0.000193781
0.000174159
0.000156959
0.000141708
0.000128367
0.000116665
0.000106492
9.75575e-05
Residual: 
0.437982
0.473592
0.683453
1.09922
Residual: 
1.48924
1.39094
1.29915
1.21342
Residual: 
1.14767
1.07203
1.00135
0.935312
Residual: 
0.24672
0.271563
0.396897
0.640466
Residual: 
0.195783
0.13836
0.103011
0.0937009
0.100109
0.111528
0.124171
0.137188
0.150015
0.161909
0.172142
0.180172
0.185682
0.188554
0.188818
0.186615
0.182162
0.175734
0.167641
0.158217
0.147798
0.136715
0.125278
0.113767
0.10243
0.0914735
0.081063
0.0713255
0.0623504
0.0541927
0.0468777
0.0404046
0.0347512
0.0298771
0.0257273
0.0222354
0.0193264
0.01692
0.0149342
0.0132901
0.0119151
0.0107466
0.00973391
0.00883789
0.00803014
0.00729107
0.00660819
0.00597347
0.00538266
0.00483331
0.00432427
0.00385472
0.0034242
0.00303193
0.00267693
0.0023578
0.00207305
0.00182054
0.00159816
0.00140351
0.00123407
0.00108725
0.000960433
0.000851068
0.000756745
0.000675229
0.000604472
0.000542747
0.000488427
0.000440319
0.000397408
0.00035879
0.000323888
0.000292228
0.000263386
0.000237129
0.000213173
0.000191388
0.000171618
0.000153694
0.000137559
0.000123123
0.000110233
9.87728e-05
Residual: 
0.24672
0.271563
0.396897
0.640466
Residual: 
0.870262
0.812809
0.759165
0.709065
Residual: 
0.671235
0.627047
0.585766
0.547199
Residual: 
0.141051
0.160016
0.238936
0.387146
Residual: 
0.116621
0.0817789
0.0611059
0.0561283
0.0601533
0.0670035
0.074586
0.0823942
0.0900534
0.0971025
0.103111
0.107767
0.110898
0.112444
0.112434
0.110958
0.108154
0.104189
0.0992534
0.093547
0.0872723
0.080626
0.0737917
0.0669352
0.0602006
0.0537083
0.0475543
0.041811
0.0365288
0.0317377
0.0274503
0.0236639
0.0203634
0.0175229
0.0151083
0.0130788
0.0113889
0.00999018
0.00883402
0.00787383
0.0070675
0.00637912
0.00577973
0.0052473
0.00476591
0.0043248
0.00391689
0.00353794
0.00318548
0.0028582
0.00255541
0.00227664
0.00202147
0.0017894
0.00157973
0.00139158
0.00122396
0.00107559
0.000945082
0.000830963
0.000731686
0.000645695
0.000571393
0.000507308
0.000451929
0.000403983
0.000362286
0.000325766
0.000293568
0.000264983
0.000239405
0.000216373
0.000195519
0.000176564
0.000159342
0.000143622
0.000129307
0.000116299
0.000104524
9.38747e-05
Residual: 
0.141051
0.160016
0.238936
0.387146
Residual: 
0.509013
0.475479
0.444177
0.414941
Residual: 
0.393208
0.367422
0.343336
0.320835
Residual: 
0.081714
0.0958521
0.146005
0.236915
Residual: 
0.0692209
0.0481782
0.0360692
0.0333556
0.0358097
0.0398533
0.0443188
0.0489132
0.0534056
0.0575198
0.061004
0.0636802
0.0654511
0.0662866
0.066207
0.0652687
0.0635544
0.0611647
0.0582122
0.0548156
0.0510942
0.0471636
0.0431313
0.0390941
0.0351357
0.031326
0.0277202
0.02436
0.0212737
0.0184782
0.01598
0.0137766
0.0118586
0.01021
0.00881025
0.00763492
0.00665683
0.00584734
0.00517775
0.00462084
0.00415211
0.00375087
0.0034005
0.00308845
0.00280577
0.00254634
0.00230624
0.00208311
0.00187561
0.00168298
0.00150485
0.00134096
0.00119103
0.00105476
0.000931724
0.000821396
0.000723121
0.000636164
0.000559681
0.000492821
0.000434634
0.0003842
0.000340598
0.000302905
0.000270306
0.000242032
0.000217391
0.000195767
0.000176682
0.000159696
0.00014449
0.000130787
0.000118381
0.000107115
9.68623e-05
Residual: 
0.081714
0.0958521
0.146005
0.236915
Residual: 
0.298327
0.278767
0.260507
0.243462
Residual: 
0.230907
0.21587
0.201819
0.188693
Residual: 
0.0478493
0.0575318
0.0887178
0.143736
Residual: 
0.0405819
0.0280712
0.0210153
0.0194934
0.0209315
0.0232659
0.0258406
0.0284891
0.0310753
0.0334377
0.0354312
0.0369541
0.0379516
0.0384078
0.0383352
0.0377676
0.0367532
0.0353508
0.0336258
0.0316471
0.0294837
0.0272024
0.0248652
0.0225279
0.0202385
0.0180372
0.0159555
0.0140171
0.0122381
0.0106281
0.00919034
0.00792338
0.00682137
0.00587498
0.00507213
0.00439846
0.00383817
0.00337457
0.00299104
0.00267183
0.00240287
0.00217227
0.00197057
0.00179064
0.00162742
0.00147744
0.00133856
0.00120942
0.0010893
0.000977773
0.000874634
0.000779751
0.000692957
0.000614077
0.000542867
0.000479007
0.000422135
0.000371795
0.000327519
0.000288782
0.00025505
0.000225798
0.000200466
0.000178551
0.000159572
0.000143087
0.000128691
0.000116043
0.000104871
9.4918e-05
Residual: 
0.0478493
0.0575318
0.0887178
0.143736
Residual: 
0.175362
0.163953
0.153306
0.143365
Residual: 
0.136056
0.127284
0.119086
0.111425
Residual: 
0.0282746
0.0342219
0.0529483
0.0854738
Residual: 
0.0234119
0.0161214
0.0120521
0.0111812
0.0119954
0.0133155
0.0147723
0.0162719
0.0177361
0.0190725
0.0201985
0.0210563
0.0216153
0.0218664
0.0218172
0.021487
0.0209034
0.0200999
0.0191138
0.0179843
0.0167507
0.0154509
0.0141201
0.01279
0.0114878
0.0102363
0.00905327
0.00795216
0.00694206
0.00602822
0.00521255
0.00449408
0.00386945
0.0033333
0.00287869
0.00249742
0.00218044
0.00191823
0.00170131
0.00152072
0.00136846
0.00123782
0.00112342
0.00102129
0.000928546
0.00084328
0.000764271
0.000690776
0.000622383
0.00055888
0.000500146
0.000446105
0.000396666
0.000351739
0.000311174
0.000274793
0.000242378
0.000213684
0.000188432
0.000166336
0.000147082
0.000130364
0.000115883
0.000103341
9.24617e-05
Residual: 
0.0282746
0.0342219
0.0529483
0.0854738
Residual: 
0.103488
0.0968329
0.0906208
0.0848161
Residual: 
0.0805051
0.0753829
0.0705943
0.0661196
Residual: 
0.0168636
0.0200936
0.0309504
0.0497169
Residual: 
0.0132981
0.00913007
0.00681082
0.00630791
0.00675712
0.00749172
0.00830389
0.00914093
0.00995882
0.0107055
0.0113345
0.0118133
0.0121248
0.0122638
0.0122346
0.012048
0.0117195
0.0112679
0.0107141
0.0100801
0.00938785
0.00865866
0.00791228
0.0071664
0.00643633
0.00573474
0.00507167
0.00445461
0.00388863
0.00337668
0.00291981
0.00251746
0.00216775
0.00186765
0.00161325
0.00139995
0.00122266
0.00107603
0.000954726
0.000853726
0.000768555
0.000695438
0.000631391
0.000574171
0.000522188
0.000474374
0.000430052
0.000388814
0.000350431
0.000314788
0.000281814
0.00025147
0.000223708
0.000198475
0.000175688
0.000155249
0.000137034
0.000120908
0.000106711
9.42811e-05
Residual: 
0.0168636
0.0200936
0.0309504
0.0497169
Residual: 
0.0613705
0.0574843
0.0538552
0.0504642
Residual: 
0.0478674
0.0448717
0.0420718
0.0394504
Residual: 
0.0101582
0.0116597
0.0177711
0.0283748
Residual: 
0.00745338
0.00510867
0.00380145
0.00351073
0.00375395
0.0041577
0.00460527
0.00506726
0.00551924
0.00593227
0.00628044
0.00654568
0.0067183
0.00679549
0.00677953
0.00667637
0.00649459
0.00624458
0.00593791
0.00558674
0.00520327
0.00479928
0.00438572
0.00397241
0.00356783
0.003179
0.00281152
0.00246951
0.00215582
0.00187206
0.00161883
0.00139583
0.00120201
0.00103569
0.000894712
0.000776518
0.000678286
0.000597046
0.000529845
0.000473895
0.000426708
0.000386198
0.000350704
0.000318993
0.000290177
0.000263667
0.000239086
0.000216215
0.000194922
0.000175147
0.00015685
0.00014001
0.000124602
0.000110595
9.79436e-05
Residual: 
0.0101582
0.0116597
0.0177711
0.0283748
Residual: 
0.0366059
0.0343311
0.0322036
0.0302138
Residual: 
0.0286215
0.0268637
0.0252212
0.0236815
Residual: 
0.00617325
0.00671239
0.0100835
0.0159863
Residual: 
0.00413686
0.00283319
0.0021028
0.00193528
0.0020653
0.00228528
0.00252988
0.00278276
0.00303053
0.00325726
0.00344862
0.00359462
0.00368984
0.0037327
0.0037244
0.00366819
0.00356875
0.00343178
0.00326363
0.00307096
0.00286049
0.00263867
0.00241153
0.00218447
0.00196216
0.00174847
0.00154648
0.00135846
0.00118598
0.00102994
0.000890675
0.000768023
0.000661408
0.00056992
0.000492368
0.00042735
0.000373314
0.000328628
0.00029167
0.000260903
0.000234957
0.000212686
0.000193175
0.000175742
0.0001599
0.000145325
0.000131809
0.000119231
0.00010752
9.66413e-05
Residual: 
0.00617325
0.00671239
0.0100835
0.0159863
Residual: 
0.0219774
0.0206386
0.0193865
0.0182134
Residual: 
0.0172138
0.0161797
0.0152085
0.0143004
Residual: 
0.00377173
0.00385077
0.00569491
0.00895906
Residual: 
0.00228617
0.00156496
0.00115871
0.00106268
0.00113183
0.00125126
0.00138449
0.00152245
0.00165784
0.00178191
0.00188677
0.0019669
0.0020193
0.00204305
0.00203881
0.00200832
0.00195415
0.0018794
0.00178754
0.00168223
0.00156712
0.00144576
0.00132145
0.00119715
0.00107543
0.000958401
0.000847755
0.00074475
0.000650244
0.000564736
0.000488412
0.000421185
0.000362744
0.000312592
0.000270077
0.000234434
0.000204812
0.000180318
0.000160061
0.000143199
0.000128981
0.000116777
0.000106087
9.65343e-05
Residual: 
0.00377173
0.00385077
0.00569491
0.00895906
Residual: 
0.0132821
0.0124892
0.0117478
0.0110518
Residual: 
0.0104161
0.00980302
0.00922725
0.00868602
Residual: 
0.00230232
0.00220362
0.00321236
0.00501459
Residual: 
0.00126049
0.000862157
0.000637005
0.000582537
0.000619353
0.000684057
0.000756434
0.000831496
0.000905256
0.000972934
0.0010302
0.00107401
0.00110269
0.00111576
0.00111354
0.00109698
0.00106748
0.00102674
0.000976634
0.000919166
0.000856335
0.000790078
0.000722197
0.00065431
0.000587816
0.000523881
0.000463425
0.000407138
0.00035549
0.000308757
0.000267041
0.000230295
0.000198351
0.000170938
0.0001477
0.000128221
0.000112033
9.86502e-05
Residual: 
0.00230232
0.00220362
0.00321236
0.00501459
Residual: 
0.00807656
0.00760616
0.00716425
0.0067457
