5.0
5.0
5.0
5.0
5.0
5.0
5.0
5.0
5.0
5.0
5.0
5.0
5.0
5.0
5.0
5.0
5.0
5.0
5.0
5.0
5.0
5.0
5.0
5.0
4.9002
4.7911
4.68321
4.5765199999999995
4.47105
4.36678
4.263719999999999
4.16188
4.06123
3.96179
3.8635599999999997
3.7665300000000004
3.6707
3.57608
3.4826599999999996
3.39045
3.29944
3.2096299999999998
3.1210299999999997
3.03363
2.9474299999999998
2.86245
2.77867
2.6960900000000003
2.61472
2.53456
2.45561
2.3778599999999996
2.30131
2.22598
2.15184
2.07891
2.00718
1.93665
1.86733
1.7992
1.7322799999999998
1.66655
1.60204
1.53874
1.47664
1.41574
1.35604
1.2975299999999999
1.24024
1.18416
1.12929
1.07562
1.02315
0.971881
0.92181
0.8729370000000001
0.8252659999999999
0.778804
0.7335430000000001
0.689483
0.64662
0.604949
0.56448
0.525211
0.487146
0.450284
0.414625
0.380162
0.346904
0.314846
0.283994
0.25435399999999997
0.22591599999999998
0.198682
0.172651
0.147814
0.12418299999999999
0.101757
0.0805367
0.060531600000000005
0.041725599999999995
0.0241143
0.00770091
-0.00753092
-0.021559000000000002
-0.0343886
-0.0460121
-0.05642369999999999
-0.0656332
-0.0736286
-0.0804308
-0.0860462
-0.0904679
-0.09368910000000001
-0.0957202
-0.0965627
-0.096217
-0.0946882
-0.0919725
-0.0880646
-0.0829765
-0.07671410000000001
-0.06927330000000001
-0.0606596
-0.05087
-0.039905199999999995
-0.027770099999999995
-0.0144672
0.0
