     0.77237
      1.5373
     2.28743
     3.01552
     3.71458
     4.37786
     4.99898
           5
           5
           5
           5
           5
           5
           5
           5
           5
           5
           5
           5
           5
           5
           5
           5
           5
     4.99894
     4.37783
     3.71455
      3.0155
     2.28741
     1.53729
    0.772363
    0.758843
     1.51038
     2.24737
     2.96271
     3.64952
     4.30119
     4.91143
           5
           5
           5
           5
           5
           5
           5
           5
           5
           5
           5
           5
           5
           5
           5
           5
           5
     4.91139
     4.30115
     3.64949
     2.96268
     2.24734
     1.51036
    0.758835
    0.745435
     1.48369
     2.20766
     2.91036
     3.58504
     4.22519
     4.82464
           5
           5
           5
           5
           5
           5
           5
           5
           5
           5
           5
           5
           5
           5
           5
           5
           5
      4.8246
     4.22515
       3.585
     2.91033
     2.20763
     1.48367
    0.745426
    0.732145
     1.45724
      2.1683
     2.85847
     3.52112
     4.14985
     4.73862
           5
           5
           5
           5
           5
           5
           5
           5
           5
           5
           5
           5
           5
           5
           5
           5
           5
     4.73858
     4.14981
     3.52108
     2.85844
     2.16827
     1.45722
    0.732134
    0.718973
     1.43102
     2.12929
     2.80704
     3.45777
     4.07519
     4.65336
           5
           5
           5
           5
           5
           5
           5
           5
           5
           5
           5
           5
           5
           5
           5
           5
           5
     4.65332
     4.07514
     3.45772
       2.807
     2.12925
       1.431
    0.718961
    0.705918
     1.40504
     2.09062
     2.75607
     3.39498
     4.00119
     4.56887
           5
           5
           5
           5
           5
           5
           5
           5
           5
           5
           5
           5
           5
           5
           5
           5
           5
     4.56883
     4.00115
     3.39494
     2.75604
     2.09059
     1.40502
    0.705908
     0.69298
     1.37929
     2.05231
     2.70556
     3.33276
     3.92786
     4.48513
     4.99921
           5
           5
           5
           5
           5
           5
           5
           5
           5
           5
           5
           5
           5
           5
           5
     4.99918
      4.4851
     3.92783
     3.33273
     2.70554
     2.05229
     1.37927
    0.692972
    0.680161
     1.35377
     2.01434
     2.65551
     3.27111
      3.8552
     4.40216
     4.90673
           5
           5
           5
           5
           5
           5
           5
           5
           5
           5
           5
           5
           5
           5
           5
     4.90671
     4.40214
     3.85518
     3.27109
     2.65549
     2.01433
     1.35376
    0.680155
    0.667459
     1.32849
     1.97672
     2.60592
     3.21002
     3.78321
     4.31996
      4.8151
           5
           5
           5
           5
           5
           5
           5
           5
           5
           5
           5
           5
           5
           5
           5
      4.8151
     4.31995
      3.7832
     3.21001
     2.60591
     1.97672
     1.32848
    0.667456
    0.654875
     1.30344
     1.93946
     2.55679
      3.1495
     3.71188
     4.23852
     4.72433
           5
           5
           5
           5
           5
           5
           5
           5
           5
           5
           5
           5
           5
           5
           5
     4.72434
     4.23852
     3.71189
     3.14951
     2.55679
     1.93946
     1.30344
    0.654875
     0.64241
     1.27863
     1.90254
     2.50813
     3.08956
     3.64123
     4.15784
     4.63441
           5
           5
           5
           5
           5
           5
           5
           5
           5
           5
           5
           5
           5
           5
           5
     4.63443
     4.15786
     3.64125
     3.08957
     2.50813
     1.90255
     1.27864
    0.642411
    0.630063
     1.25406
     1.86598
     2.45992
     3.03018
     3.57125
     4.07794
     4.54534
     4.96898
           5
           5
           5
           5
           5
           5
           5
           5
           5
           5
           5
           5
           5
       4.969
     4.54536
     4.07796
     3.57127
      3.0302
     2.45994
     1.86599
     1.25406
    0.630066
    0.617834
     1.22972
     1.82976
     2.41218
     2.97137
     3.50194
     3.99879
     4.45713
     4.87255
           5
           5
           5
           5
           5
           5
           5
           5
           5
           5
           5
           5
           5
     4.87257
     4.45716
     3.99882
     3.50197
     2.97139
      2.4122
     1.82977
     1.22973
    0.617839
    0.605725
     1.20562
      1.7939
      2.3649
     2.91313
      3.4333
     3.92042
     4.36977
     4.77704
           5
           5
           5
           5
           5
           5
           5
           5
           5
           5
           5
           5
           5
     4.77707
      4.3698
     3.92044
     3.43333
     2.91315
     2.36492
     1.79391
     1.20563
    0.605731
    0.593733
     1.18175
     1.75838
     2.31808
     2.85546
     3.36533
      3.8428
     4.28326
     4.68247
           5
           5
           5
           5
           5
           5
           5
           5
           5
           5
           5
           5
           5
      4.6825
     4.28329
     3.84283
     3.36536
     2.85548
     2.31811
      1.7584
     1.18176
     0.59374
    0.581859
     1.15811
     1.72322
     2.27172
     2.79835
     3.29803
     3.76595
      4.1976
     4.58883
     4.93586
           5
           5
           5
           5
           5
           5
           5
           5
           5
           5
           5
     4.93589
     4.58886
     4.19763
     3.76598
     3.29806
     2.79838
     2.27175
     1.72324
     1.15813
    0.581867
    0.570103
     1.13472
      1.6884
     2.22583
     2.74182
      3.2314
     3.68986
     4.11279
     4.49611
     4.83614
           5
           5
           5
           5
           5
           5
           5
           5
           5
           5
           5
     4.83616
     4.49614
     4.11282
      3.6899
     3.23143
     2.74184
     2.22585
     1.68842
     1.13473
    0.570112
    0.558465
     1.11155
     1.65393
     2.18039
     2.68585
     3.16544
     3.61454
     4.02884
     4.40433
     4.73741
           5
           5
           5
           5
           5
           5
           5
           5
           5
           5
           5
     4.73744
     4.40436
     4.02886
     3.61457
     3.16546
     2.68587
     2.18041
     1.65395
     1.11157
    0.558473
    0.546946
     1.08862
     1.61982
     2.13541
     2.63044
     3.10014
     3.53998
     3.94573
     4.31348
     4.63969
     4.92122
           5
           5
           5
           5
           5
           5
           5
           5
           5
     4.92123
     4.63971
      4.3135
     3.94575
        3.54
     3.10016
     2.63046
     2.13543
     1.61983
     1.08864
    0.546952
    0.535545
     1.06593
     1.58605
      2.0909
     2.57561
     3.03552
     3.46619
     3.86348
     4.22357
     4.54297
     4.81863
           5
           5
           5
           5
           5
           5
           5
           5
           5
     4.81863
     4.54298
     4.22357
     3.86349
      3.4662
     3.03552
     2.57562
     2.09091
     1.58606
     1.06594
    0.535547
    0.524261
     1.04347
     1.55264
     2.04685
     2.52135
     2.97156
     3.39316
     3.78208
     4.13458
     4.44726
      4.7171
     4.94152
           5
           5
           5
           5
           5
           5
           5
     4.94152
      4.7171
     4.44725
     4.13457
     3.78207
     3.39315
     2.97156
     2.52134
     2.04684
     1.55264
     1.04347
    0.524261
    0.513096
     1.02125
     1.51957
     2.00326
     2.46765
     2.90828
     3.32089
     3.70153
     4.04652
     4.35254
     4.61664
     4.83628
           5
           5
           5
           5
           5
           5
           5
     4.83626
     4.61662
     4.35252
      4.0465
     3.70151
     3.32087
     2.90826
     2.46763
     2.00324
     1.51956
     1.02124
    0.513093
    0.502049
    0.999263
     1.48685
     1.96012
     2.41452
     2.84566
     3.24939
     3.62183
     3.95939
     4.25882
     4.51723
     4.73214
     4.90148
           5
           5
           5
           5
           5
     4.90146
     4.73212
     4.51721
     4.25879
     3.95936
      3.6218
     3.24936
     2.84563
     2.41449
      1.9601
     1.48684
    0.999251
    0.502043
     0.49112
     0.97751
     1.45448
     1.91745
     2.36195
     2.78371
     3.17865
     3.54298
     3.87319
      4.1661
     4.41889
     4.62912
     4.79476
     4.91424
     4.98638
           5
     4.98638
     4.91422
     4.79475
     4.62909
     4.41886
     4.16607
     3.87316
     3.54295
     3.17861
     2.78367
     2.36192
     1.91742
     1.45446
    0.977494
    0.491112
    0.480309
    0.955992
     1.42247
     1.87524
     2.30996
     2.72243
     3.10867
     3.46499
     3.78793
     4.07439
     4.32161
     4.52721
     4.68921
     4.80605
     4.87661
      4.9002
      4.8766
     4.80604
     4.68919
     4.52718
     4.32158
     4.07435
     3.78789
     3.46495
     3.10864
     2.72239
     2.30992
     1.87521
     1.42244
    0.955973
    0.480299
    0.469615
    0.934708
      1.3908
     1.83349
     2.25853
     2.66181
     3.03946
     3.38784
     3.70359
     3.98367
     4.22539
     4.42641
      4.5848
     4.69904
     4.76803
      4.7911
     4.76802
     4.69903
     4.58479
     4.42639
     4.22536
     3.98364
     3.70356
      3.3878
     3.03943
     2.66178
      2.2585
     1.83346
     1.39077
     0.93469
    0.469606
     0.45904
    0.913659
     1.35948
      1.7922
     2.20767
     2.60187
     2.97101
     3.31154
     3.62018
     3.89396
     4.13023
     4.32673
     4.48156
     4.59322
     4.66066
     4.68321
     4.66065
     4.59322
     4.48154
     4.32671
     4.13021
     3.89393
     3.62016
     3.31152
     2.97098
     2.60184
     2.20764
     1.79218
     1.35946
    0.913643
    0.459032
    0.448582
    0.892844
     1.32851
     1.75137
     2.15737
     2.54259
     2.90333
      3.2361
     3.53771
     3.80525
     4.03614
     4.22816
     4.37947
     4.48859
     4.55449
     4.57652
     4.55449
     4.48858
     4.37946
     4.22815
     4.03613
     3.80524
      3.5377
     3.23609
     2.90331
     2.54257
     2.15735
     1.75135
     1.32849
    0.892832
    0.448576
    0.438243
    0.872265
     1.29788
     1.71101
     2.10765
     2.48399
     2.83641
     3.16152
     3.45617
     3.71755
     3.94312
     4.13071
     4.27853
     4.38514
     4.44952
     4.47105
     4.44952
     4.38514
     4.27853
     4.13071
     3.94311
     3.71754
     3.45617
     3.16151
      2.8364
     2.48398
     2.10764
     1.71099
     1.29788
    0.872257
    0.438239
    0.428022
    0.851921
     1.26761
      1.6711
     2.05849
     2.42606
     2.77026
     3.08778
     3.37557
     3.63085
     3.85116
     4.03438
     4.17875
     4.28288
     4.34576
     4.36678
     4.34576
     4.28288
     4.17875
     4.03439
     3.85116
     3.63085
     3.37557
     3.08779
     2.77026
     2.42606
     2.05849
      1.6711
     1.26761
    0.851918
     0.42802
    0.417919
    0.831812
     1.23769
     1.63166
      2.0099
      2.3688
     2.70488
     3.01491
      3.2959
     3.54515
     3.76027
     3.93916
     4.08013
      4.1818
     4.24319
     4.26372
      4.2432
      4.1818
     4.08014
     3.93917
     3.76028
     3.54517
     3.29591
     3.01492
     2.70489
     2.36881
     2.00991
     1.63166
      1.2377
    0.831814
    0.417919
    0.407934
     0.81194
     1.20812
     1.59268
     1.96189
     2.31221
     2.64026
     2.94288
     3.21716
     3.46046
     3.67044
     3.84506
     3.98266
      4.0819
     4.14183
     4.16188
     4.14184
     4.08191
     3.98267
     3.84508
     3.67045
     3.46048
     3.21718
      2.9429
     2.64028
     2.31222
      1.9619
     1.59269
     1.20813
    0.811945
    0.407937
    0.398068
    0.792302
     1.17891
     1.55416
     1.91444
     2.25629
     2.57641
     2.87171
     3.13936
     3.37678
     3.58168
     3.75208
     3.88635
     3.98319
     4.04167
     4.06123
     4.04168
      3.9832
     3.88636
      3.7521
      3.5817
      3.3768
     3.13938
     2.87174
     2.57643
     2.25631
     1.91446
     1.55417
     1.17892
    0.792311
    0.398073
    0.388321
    0.772901
     1.15004
      1.5161
     1.86756
     2.20104
     2.51332
      2.8014
     3.06249
      3.2941
     3.49398
     3.66021
     3.79119
     3.88566
     3.94271
     3.96179
     3.94272
     3.88567
      3.7912
     3.66023
       3.494
     3.29412
     3.06252
     2.80142
     2.51335
     2.20107
     1.86759
     1.51612
     1.15006
    0.772913
    0.388327
    0.378691
    0.753736
     1.12152
     1.47851
     1.82126
     2.14646
       2.451
     2.73193
     2.98656
     3.21242
     3.40734
     3.56945
     3.69719
     3.78931
     3.84495
     3.86356
     3.84495
     3.78932
      3.6972
     3.56947
     3.40736
     3.21244
     2.98658
     2.73196
     2.45103
     2.14649
     1.82128
     1.47853
     1.12154
     0.75375
    0.378698
    0.369181
    0.734806
     1.09336
     1.44138
     1.77552
     2.09256
     2.38945
     2.66332
     2.91155
     3.13174
     3.32177
     3.47981
     3.60433
     3.69415
     3.74839
     3.76653
     3.74839
     3.69416
     3.60435
     3.47983
     3.32179
     3.13176
     2.91158
     2.66335
     2.38947
     2.09259
     1.77554
      1.4414
     1.09338
    0.734821
    0.369188
    0.359788
    0.716112
     1.06554
     1.40471
     1.73034
     2.03932
     2.32866
     2.59556
     2.83748
     3.05206
     3.23726
     3.39128
     3.51263
     3.60016
     3.65302
      3.6707
     3.65303
     3.60017
     3.51265
     3.39129
     3.23728
     3.05209
      2.8375
     2.59559
     2.32868
     2.03935
     1.73037
     1.40473
     1.06556
    0.716127
    0.359796
    0.350514
    0.697653
     1.03807
      1.3685
     1.68574
     1.98675
     2.26863
     2.52866
     2.76434
     2.97339
     3.15381
     3.30386
     3.42209
     3.50736
     3.55886
     3.57608
     3.55886
     3.50737
      3.4221
     3.30387
     3.15383
     2.97341
     2.76436
     2.52868
     2.26865
     1.98678
     1.68576
     1.36852
     1.03809
    0.697666
    0.350521
    0.341358
    0.679429
     1.01096
     1.33275
     1.64171
     1.93485
     2.20937
      2.4626
     2.69213
     2.89572
     3.07143
     3.21755
     3.33269
     3.41574
     3.46589
     3.48266
     3.46589
     3.41574
      3.3327
     3.21756
     3.07144
     2.89573
     2.69214
     2.46262
     2.20939
     1.93487
     1.64173
     1.33277
     1.01097
     0.67944
    0.341364
     0.33232
     0.66144
    0.984191
     1.29746
     1.59824
     1.88363
     2.15087
      2.3974
     2.62085
     2.81905
      2.9901
     3.13236
     3.24445
      3.3253
     3.37412
     3.39045
     3.37412
      3.3253
     3.24446
     3.13237
     2.99011
     2.81906
     2.62085
     2.39741
     2.15088
     1.88364
     1.59825
     1.29747
    0.984199
    0.661448
    0.332324
    0.323401
    0.643687
    0.957774
     1.26264
     1.55534
     1.83307
     2.09314
     2.33305
      2.5505
     2.74338
     2.90984
     3.04828
     3.15736
     3.23604
     3.28355
     3.29944
     3.28355
     3.23604
     3.15736
     3.04828
     2.90984
     2.74338
      2.5505
     2.33305
     2.09314
     1.83307
     1.55534
     1.26264
    0.957778
     0.64369
    0.323402
    0.314599
    0.626168
    0.931707
     1.22827
     1.51301
     1.78318
     2.03617
     2.26955
     2.48108
     2.66871
     2.83064
     2.96531
     3.07143
     3.14796
     3.19417
     3.20963
     3.19417
     3.14795
     3.07142
     2.96531
     2.83063
      2.6687
     2.48107
     2.26954
     2.03616
     1.78317
       1.513
     1.22827
    0.931704
    0.626167
    0.314598
    0.305916
    0.608885
     0.90599
     1.19437
     1.47125
     1.73396
     1.97997
     2.20691
     2.41259
     2.59505
     2.75251
     2.88346
     2.98664
     3.06106
       3.106
     3.12103
       3.106
     3.06105
     2.98663
     2.88345
     2.75249
     2.59503
     2.41258
     2.20689
     1.97995
     1.73394
     1.47123
     1.19436
    0.905981
    0.608879
    0.305912
     0.29735
    0.591836
    0.880622
     1.16093
     1.43005
      1.6854
     1.92452
     2.14511
     2.34504
     2.52238
     2.67543
     2.80271
     2.90301
     2.97534
     3.01902
     3.03363
     3.01902
     2.97533
     2.90299
      2.8027
     2.67541
     2.52236
     2.34501
     2.14509
      1.9245
     1.68538
     1.43003
     1.16091
    0.880608
    0.591826
    0.297345
    0.288902
    0.575022
    0.855604
     1.12795
     1.38942
     1.63752
     1.86985
     2.08417
     2.27841
     2.45072
     2.59942
     2.72308
     2.82053
     2.89081
     2.93324
     2.94743
     2.93324
     2.89079
     2.82051
     2.72306
     2.59939
     2.45069
     2.27838
     2.08414
     1.86982
     1.63749
      1.3894
     1.12792
    0.855585
    0.575009
    0.288895
    0.280572
    0.558443
    0.830934
     1.09542
     1.34936
      1.5903
     1.81593
     2.02407
     2.21271
     2.38005
     2.52446
     2.64457
      2.7392
     2.80745
     2.84867
     2.86245
     2.84866
     2.80744
     2.73918
     2.64455
     2.52444
     2.38002
     2.21269
     2.02404
      1.8159
     1.59028
     1.34933
      1.0954
    0.830914
    0.558428
    0.280565
    0.272361
    0.542098
    0.806613
     1.06336
     1.30987
     1.54376
     1.76278
     1.96483
     2.14795
     2.31039
     2.45057
     2.56716
     2.65902
     2.72528
     2.76529
     2.77867
     2.76528
     2.72527
     2.65901
     2.56714
     2.45055
     2.31036
     2.14792
      1.9648
     1.76275
     1.54373
     1.30984
     1.06334
    0.806594
    0.542083
    0.272353
    0.264266
    0.525987
    0.782642
     1.03176
     1.27094
     1.49788
     1.71039
     1.90643
     2.08412
     2.24173
     2.37775
     2.49087
        2.58
     2.64429
     2.68311
     2.69609
     2.68311
     2.64428
     2.57999
     2.49086
     2.37773
     2.24171
      2.0841
     1.90641
     1.71037
     1.49786
     1.27092
     1.03174
    0.782626
    0.525975
     0.26426
     0.25629
    0.510112
    0.759019
     1.00062
     1.23258
     1.45267
     1.65877
     1.84889
     2.02121
     2.17407
     2.30598
     2.41569
     2.50214
     2.56448
     2.60213
     2.61472
     2.60213
     2.56448
     2.50213
     2.41569
     2.30598
     2.17406
      2.0212
     1.84888
     1.65876
     1.45266
     1.23257
      1.0006
    0.759008
    0.510102
    0.256285
    0.248432
    0.494471
    0.735746
    0.969937
     1.19479
     1.40813
     1.60791
     1.79221
     1.95924
     2.10741
     2.23528
     2.34163
     2.42542
     2.48586
     2.52236
     2.53456
     2.52236
     2.48586
     2.42543
     2.34163
     2.23529
     2.10741
     1.95924
     1.79221
     1.60791
     1.40813
     1.19478
    0.969933
    0.735742
    0.494466
    0.248429
    0.240691
    0.479064
    0.712823
    0.939717
     1.15756
     1.36426
     1.55781
     1.73637
      1.8982
     2.04175
     2.16564
     2.26868
     2.34986
     2.40842
     2.44378
     2.45561
     2.44378
     2.40843
     2.34987
     2.26869
     2.16566
     2.04177
     1.89822
     1.73638
     1.55783
     1.36427
     1.15757
    0.939722
    0.712826
    0.479065
    0.240692
    0.233069
    0.463893
    0.690249
    0.909958
      1.1209
     1.32106
     1.50848
     1.68139
      1.8381
      1.9771
     2.09707
     2.19684
     2.27546
     2.33216
     2.36641
     2.37786
     2.36641
     2.33217
     2.27548
     2.19687
      2.0971
     1.97713
     1.83812
     1.68141
     1.50851
     1.32108
     1.12092
    0.909975
    0.690262
    0.463901
    0.233073
    0.225565
    0.448957
    0.668025
    0.880661
     1.08482
     1.27852
     1.45992
     1.62725
     1.77892
     1.91345
     2.02956
     2.12612
     2.20221
     2.25709
     2.29023
     2.30131
     2.29024
      2.2571
     2.20223
     2.12615
      2.0296
     1.91349
     1.77896
     1.62729
     1.45996
     1.27856
     1.08485
    0.880688
    0.668046
    0.448971
    0.225572
    0.218179
    0.434256
    0.646152
    0.851825
      1.0493
     1.23666
     1.41212
     1.57398
     1.72068
     1.85081
     1.96311
     2.05652
     2.13011
     2.18319
     2.21525
     2.22598
     2.21526
     2.18321
     2.13014
     2.05655
     1.96316
     1.85085
     1.72073
     1.57403
     1.41217
     1.23671
     1.04934
    0.851862
    0.646181
    0.434276
    0.218189
    0.210911
     0.41979
    0.624627
     0.82345
     1.01434
     1.19547
     1.36508
     1.52155
     1.66337
     1.78916
     1.89773
     1.98802
     2.05917
     2.11048
     2.14147
     2.15184
     2.14148
     2.11051
      2.0592
     1.98806
     1.89778
     1.78922
     1.66342
     1.52161
     1.36514
     1.19553
      1.0144
    0.823496
    0.624664
    0.419815
    0.210923
    0.203761
     0.40556
    0.603454
    0.795537
     0.97996
     1.15495
     1.31881
     1.46998
     1.60699
     1.72852
     1.83341
     1.92064
     1.98937
     2.03895
     2.06889
     2.07891
      2.0689
     2.03898
     1.98941
     1.92068
     1.83346
     1.72858
     1.60705
     1.47004
     1.31888
     1.15501
    0.980019
    0.795588
    0.603495
    0.405589
    0.203776
     0.19673
    0.391564
     0.58263
    0.768085
    0.946145
     1.11509
      1.2733
     1.41925
     1.55154
     1.66888
     1.77015
     1.85437
     1.92073
      1.9686
     1.99751
     2.00718
     1.99752
     1.96862
     1.92077
     1.85442
      1.7702
     1.66894
      1.5516
     1.41932
     1.27337
     1.11516
    0.946207
     0.76814
    0.582674
    0.391596
    0.196745
    0.189816
    0.377805
    0.562157
    0.741095
    0.912898
     1.07591
     1.22856
     1.36938
     1.49702
     1.61023
     1.70795
     1.78921
     1.85324
     1.89943
     1.92732
     1.93665
     1.92733
     1.89945
     1.85328
     1.78926
       1.708
      1.6103
     1.49708
     1.36945
     1.22863
     1.07598
    0.912959
    0.741148
    0.562199
    0.377836
    0.189832
    0.183021
     0.36428
    0.542033
    0.714566
    0.880219
      1.0374
     1.18458
     1.32036
     1.44343
     1.55259
     1.64681
     1.72516
      1.7869
     1.83143
     1.85833
     1.86733
     1.85834
     1.83146
     1.78694
     1.72521
     1.64686
     1.55265
     1.44349
     1.32043
     1.18465
     1.03746
    0.880276
    0.714616
    0.542073
     0.36431
    0.183036
    0.176345
    0.350991
    0.522259
    0.688497
    0.848107
    0.999549
     1.14137
     1.27219
     1.39077
     1.49595
     1.58673
     1.66222
     1.72171
     1.76462
     1.79053
      1.7992
     1.79054
     1.76464
     1.72174
     1.66226
     1.58677
       1.496
     1.39082
     1.27225
     1.14142
    0.999604
    0.848157
    0.688541
    0.522294
    0.351016
    0.176357
    0.169786
    0.337937
    0.502835
    0.662891
    0.816564
    0.962373
     1.09892
     1.22487
     1.33904
     1.44031
     1.52771
     1.60039
     1.65767
     1.69898
     1.72393
     1.73228
     1.72394
       1.699
      1.6577
     1.60043
     1.52775
     1.44035
     1.33909
     1.22492
     1.09896
    0.962418
    0.816604
    0.662926
    0.502863
    0.337957
    0.169796
    0.163346
    0.325118
    0.483761
    0.637744
    0.785587
    0.925863
     1.05722
      1.1784
     1.28824
     1.38566
     1.46975
     1.53967
     1.59478
     1.63452
     1.65852
     1.66655
     1.65853
     1.63454
      1.5948
     1.53971
     1.46978
      1.3857
     1.28828
     1.17844
     1.05726
    0.925897
    0.785616
    0.637769
     0.48378
    0.325132
    0.163352
    0.157024
    0.312535
    0.465037
     0.61306
    0.755179
    0.890024
      1.0163
     1.13279
     1.23837
     1.33202
     1.41285
     1.48007
     1.53304
     1.57124
     1.59432
     1.60204
     1.59433
     1.57126
     1.53306
      1.4801
     1.41288
     1.33206
      1.2384
     1.13282
     1.01632
    0.890046
    0.755195
    0.613072
    0.465046
    0.312541
    0.157027
     0.15082
    0.300188
    0.446664
    0.588839
    0.725344
    0.854862
     0.97615
     1.08804
     1.18945
      1.2794
     1.35704
      1.4216
     1.47248
     1.50917
     1.53133
     1.53874
     1.53133
     1.50917
     1.47248
     1.42161
     1.35704
     1.27941
     1.18945
     1.08804
    0.976149
     0.85486
    0.725339
    0.588833
    0.446659
    0.300183
    0.150818
    0.144734
    0.288074
     0.42864
    0.565077
    0.696074
    0.820367
    0.936762
     1.04414
     1.14145
     1.22778
     1.30228
     1.36424
     1.41306
     1.44827
     1.46954
     1.47664
     1.46953
     1.44826
     1.41305
     1.36423
     1.30226
     1.22776
     1.14143
     1.04411
    0.936739
    0.820345
    0.696052
    0.565057
    0.428623
    0.288061
    0.144727
    0.138766
    0.276195
    0.410965
    0.541777
    0.667373
    0.786542
    0.898136
     1.00108
     1.09439
     1.17715
     1.24858
     1.30798
     1.35478
     1.38854
     1.40892
     1.41574
     1.40892
     1.38852
     1.35476
     1.30795
     1.24854
     1.17711
     1.09434
     1.00103
    0.898091
    0.786498
    0.667334
    0.541743
    0.410938
    0.276176
    0.138756
    0.132915
     0.26455
    0.393639
    0.518936
    0.639237
    0.753381
    0.860271
    0.958875
     1.04824
     1.12752
     1.19593
     1.25283
     1.29766
     1.32999
     1.34951
     1.35604
      1.3495
     1.32997
     1.29763
     1.25279
     1.19588
     1.12746
     1.04819
    0.958813
    0.860211
    0.753324
    0.639187
    0.518893
    0.393605
    0.264527
    0.132904
    0.127181
    0.253137
    0.376657
    0.496548
    0.611659
    0.720879
    0.823157
    0.917507
     1.00302
     1.07888
     1.14434
     1.19878
     1.24168
     1.27261
     1.29129
     1.29753
     1.29128
     1.27259
     1.24165
     1.19874
     1.14429
     1.07883
     1.00297
    0.917458
    0.823111
    0.720835
    0.611621
    0.496516
    0.376631
    0.253119
    0.127172
    0.121565
    0.241959
    0.360024
    0.474621
    0.584648
    0.689045
    0.786807
    0.876991
     0.95873
     1.03123
     1.09381
     1.14585
     1.18685
     1.21642
     1.23427
     1.24024
     1.23426
      1.2164
     1.18682
     1.14581
     1.09377
      1.0312
    0.958693
    0.876956
    0.786775
    0.689016
    0.584623
    0.474599
    0.360006
    0.241945
    0.121558
    0.116065
    0.231013
    0.343737
    0.453151
    0.558202
    0.657878
    0.751219
    0.837326
     0.91537
    0.984597
     1.04434
     1.09403
     1.13318
     1.16141
     1.17846
     1.18416
     1.17846
      1.1614
     1.13317
     1.09401
     1.04433
    0.984583
    0.915358
    0.837316
    0.751211
    0.657871
    0.558195
    0.453144
     0.34373
    0.231006
    0.116062
    0.110684
    0.220302
      0.3278
    0.432142
    0.532324
     0.62738
    0.716396
    0.798512
     0.87294
     0.93896
    0.995938
     1.04332
     1.08066
     1.10759
     1.12385
     1.12929
     1.12385
     1.10759
     1.08066
     1.04333
    0.995943
    0.938968
    0.872951
    0.798525
    0.716408
    0.627392
    0.532333
    0.432148
    0.327803
    0.220302
    0.110684
    0.105421
    0.209828
    0.312216
    0.411598
    0.507019
    0.597558
    0.682343
    0.760558
    0.831449
    0.894332
    0.948602
    0.993735
      1.0293
     1.05495
     1.07044
     1.07562
     1.07044
     1.05496
     1.02931
     0.99375
    0.948619
    0.894352
    0.831471
    0.760581
    0.682366
    0.597579
    0.507037
    0.411612
    0.312226
    0.209833
    0.105424
    0.100277
    0.199588
    0.296981
    0.391515
    0.482281
    0.568403
    0.649053
    0.723452
    0.790885
    0.850701
    0.902324
    0.945256
    0.979086
     1.00349
     1.01822
     1.02315
     1.01823
      1.0035
    0.979105
    0.945281
    0.902352
    0.850733
    0.790918
    0.723486
    0.649086
    0.568433
    0.482308
    0.391537
    0.296998
    0.199599
    0.100282
   0.0952528
    0.189588
    0.282101
    0.371897
    0.458114
     0.53992
    0.616527
    0.687197
     0.75125
    0.808067
    0.857103
    0.897884
     0.93002
    0.953198
    0.967197
    0.971881
    0.967206
    0.953215
    0.930045
    0.897917
    0.857141
    0.808109
    0.751293
    0.687241
     0.61657
    0.539961
    0.458151
    0.371929
    0.282126
    0.189606
   0.0952619
   0.0903461
    0.179822
    0.267569
    0.352738
    0.434513
    0.512103
    0.584762
     0.65179
    0.712542
    0.766432
    0.812941
    0.851622
    0.882102
    0.904087
    0.917366
     0.92181
    0.917377
    0.904108
    0.882132
    0.851661
    0.812987
    0.766482
    0.712595
    0.651843
    0.584815
    0.512153
    0.434559
    0.352779
    0.267601
    0.179846
   0.0903582
   0.0855554
    0.170287
     0.25338
    0.334033
    0.411471
    0.484946
    0.553753
    0.617227
    0.674758
    0.725791
    0.769836
    0.806466
    0.835331
    0.856151
    0.868727
    0.872937
     0.86874
    0.856177
    0.835368
    0.806513
    0.769891
    0.725854
    0.674824
    0.617295
     0.55382
     0.48501
    0.411529
    0.334084
     0.25342
    0.170316
   0.0855699
   0.0808826
    0.160986
    0.239541
    0.315789
    0.388997
    0.458459
    0.523508
    0.583516
    0.637905
    0.686152
    0.727791
    0.762422
    0.789711
    0.809395
    0.821286
    0.825266
      0.8213
    0.809423
    0.789752
    0.762474
    0.727853
    0.686221
    0.637979
    0.583592
    0.523583
    0.458531
    0.389061
    0.315845
    0.239585
    0.161018
   0.0808984
   0.0763269
    0.151919
     0.22605
    0.298004
     0.36709
    0.432641
    0.494028
    0.550657
    0.601985
    0.647516
    0.686813
    0.719495
    0.745249
    0.763826
    0.775048
    0.778804
    0.775062
    0.763854
    0.745289
    0.719546
    0.686871
    0.647582
    0.602053
    0.550727
    0.494095
    0.432705
    0.367147
    0.298053
    0.226089
    0.151947
    0.076341
   0.0718895
    0.143087
    0.212908
     0.28068
    0.345751
    0.407492
    0.465312
     0.51865
    0.566996
    0.609881
    0.646895
    0.677678
    0.701937
    0.719434
    0.730004
    0.733543
    0.730017
     0.71946
    0.701972
    0.677724
    0.646946
    0.609938
    0.567055
     0.51871
    0.465369
    0.407546
    0.345799
    0.280722
    0.212941
     0.14311
   0.0719013
   0.0675716
    0.134492
    0.200121
    0.263823
    0.324986
     0.38302
    0.437369
    0.487505
    0.532947
    0.573257
    0.608048
    0.636982
    0.659782
    0.676227
    0.686159
    0.689483
    0.686165
    0.676239
    0.659799
    0.637004
    0.608073
    0.573287
    0.532978
    0.487537
    0.437401
    0.383052
    0.325016
    0.263849
    0.200143
    0.134509
   0.0675799
   0.0633714
    0.126133
    0.187682
    0.247425
    0.304788
    0.359215
    0.410186
    0.457207
    0.499825
     0.53763
    0.570257
    0.597392
    0.618772
    0.634194
    0.643506
     0.64662
    0.643506
    0.634194
    0.618773
    0.597393
    0.570259
    0.537634
     0.49983
    0.457214
    0.410196
    0.359227
      0.3048
    0.247438
    0.187694
    0.126143
   0.0633765
    0.059291
    0.118011
    0.175597
    0.231493
    0.285161
    0.336083
    0.383769
    0.427759
     0.46763
    0.502997
     0.53352
    0.558904
    0.578904
    0.593329
    0.602038
    0.604949
    0.602034
     0.59332
    0.578892
     0.55889
    0.533505
    0.502982
    0.467616
    0.427747
    0.383759
    0.336076
    0.285157
    0.231493
    0.175599
    0.118014
   0.0592926
   0.0553277
    0.110123
    0.163859
    0.216018
    0.266097
    0.313614
    0.358111
    0.399158
    0.436361
    0.469361
    0.497839
    0.521523
    0.540183
    0.553641
    0.561765
     0.56448
    0.561758
    0.553626
    0.540162
    0.521497
     0.49781
    0.469329
     0.43633
    0.399129
    0.358084
    0.313592
     0.26608
    0.216006
    0.163851
    0.110119
   0.0553261
   0.0514813
    0.102467
    0.152466
    0.200997
    0.247592
    0.291803
    0.333203
    0.371394
    0.406007
    0.436711
    0.463207
    0.485243
    0.502605
    0.515126
    0.522685
    0.525211
    0.522679
    0.515113
    0.502586
    0.485219
     0.46318
     0.43668
    0.405975
    0.371361
    0.333171
    0.291773
    0.247566
    0.200976
     0.15245
    0.102457
   0.0514763
   0.0477522
   0.0950445
    0.141421
    0.186435
    0.229652
    0.270658
    0.309057
    0.344479
    0.376583
     0.40506
    0.429636
    0.450074
    0.466177
    0.477791
    0.484803
    0.487146
    0.484797
    0.477779
     0.46616
    0.450052
    0.429609
    0.405029
    0.376548
    0.344442
    0.309019
     0.27062
    0.229617
    0.186404
    0.141397
   0.0950282
   0.0477439
   0.0441378
   0.0878505
    0.130716
    0.172323
     0.21227
    0.250173
    0.285666
    0.318409
    0.348084
    0.374408
    0.397125
    0.416018
    0.430903
    0.441638
    0.448119
    0.450284
    0.448111
    0.441623
    0.430881
    0.415989
    0.397091
    0.374369
    0.348041
    0.318362
    0.285619
    0.250126
    0.212226
    0.172284
    0.130685
   0.0878277
   0.0441262
   0.0406416
   0.0808918
    0.120362
    0.158674
    0.195457
    0.230358
    0.263041
    0.293191
    0.320517
    0.344757
    0.365676
    0.383074
     0.39678
    0.406665
    0.412632
    0.414625
    0.412623
    0.406647
    0.396754
    0.383039
    0.365635
     0.34471
    0.320465
    0.293135
    0.262985
    0.230302
    0.195405
    0.158627
    0.120324
   0.0808633
   0.0406271
   0.0372635
   0.0741682
    0.110359
    0.145487
    0.179215
    0.211216
    0.241184
     0.26883
    0.293886
    0.316112
    0.335291
    0.351242
    0.363807
    0.372869
    0.378337
    0.380162
    0.378324
    0.372842
    0.363769
    0.351193
    0.335234
    0.316047
    0.293817
    0.268758
    0.241113
    0.211148
    0.179152
    0.145432
    0.110314
   0.0741355
    0.037247
   0.0340037
   0.0676799
    0.100706
    0.132762
     0.16354
    0.192744
    0.220091
     0.24532
    0.268184
    0.288466
    0.305967
    0.320522
    0.331986
    0.340253
     0.34524
    0.346904
    0.345224
     0.34022
    0.331939
    0.320462
    0.305898
     0.28839
    0.268104
    0.245238
    0.220012
    0.192668
    0.163472
    0.132702
    0.100658
   0.0676454
   0.0339863
   0.0308642
   0.0614311
    0.091407
    0.120503
    0.148438
    0.174944
    0.199764
    0.222661
    0.243412
    0.261818
      0.2777
    0.290908
    0.301311
    0.308812
    0.313338
    0.314846
    0.313321
     0.30878
    0.301265
     0.29085
    0.277634
    0.261745
    0.243336
    0.222585
    0.199691
    0.174875
    0.148377
     0.12045
   0.0913656
   0.0614014
   0.0308493
   0.0278423
   0.0554163
   0.0824567
    0.108703
    0.133902
    0.157811
      0.1802
    0.200853
    0.219569
    0.236171
    0.250495
    0.262406
    0.271788
    0.278553
    0.282634
    0.283994
    0.282619
    0.278523
    0.271746
    0.262353
    0.250434
    0.236104
    0.219501
    0.200785
    0.180136
    0.157752
     0.13385
    0.108659
   0.0824227
   0.0553924
   0.0278303
   0.0249376
    0.049635
   0.0738531
     0.09736
    0.119929
    0.141342
    0.161394
    0.179891
    0.196653
    0.211522
     0.22435
    0.235018
    0.243421
    0.249479
    0.253135
    0.254354
    0.253124
    0.249457
    0.243391
     0.23498
    0.224309
    0.211478
    0.196611
     0.17985
    0.161356
    0.141309
      0.1199
   0.0973356
   0.0738339
   0.0496209
   0.0249306
   0.0221506
   0.0440879
   0.0655981
   0.0864766
    0.106522
    0.125541
    0.143351
     0.15978
    0.174667
    0.187873
    0.199266
    0.208741
    0.216204
    0.221585
    0.224833
    0.225916
    0.224826
    0.221571
    0.216185
    0.208718
    0.199242
    0.187849
    0.174646
    0.159762
    0.143336
     0.12553
    0.106512
    0.086469
   0.0655914
   0.0440821
   0.0221477
   0.0194795
   0.0387714
   0.0576881
   0.0760493
   0.0936775
    0.110404
    0.126065
    0.140514
    0.153606
     0.16522
    0.175241
    0.183574
    0.190138
    0.194872
    0.197729
    0.198682
    0.197724
    0.194863
    0.190129
    0.183564
    0.175232
    0.165213
    0.153601
    0.140511
    0.126064
    0.110404
   0.0936784
   0.0760504
   0.0576883
   0.0387707
   0.0194791
   0.0169266
   0.0336901
   0.0501279
   0.0660831
   0.0814011
   0.0959354
    0.109545
    0.122099
    0.133476
    0.143568
    0.152276
    0.159519
    0.165223
    0.169338
    0.171821
    0.172651
     0.17182
    0.169335
    0.165223
     0.15952
     0.15228
    0.143575
    0.133484
    0.122109
    0.109554
   0.0959455
   0.0814103
   0.0660911
   0.0501337
   0.0336934
   0.0169282
   0.0144923
   0.0288451
   0.0429191
   0.0565799
   0.0696946
   0.0821383
   0.0937893
    0.104538
    0.114277
    0.122917
    0.130371
     0.13657
    0.141454
    0.144976
    0.147103
    0.147814
    0.147105
     0.14498
     0.14146
    0.136579
    0.130381
    0.122928
    0.114288
    0.104549
   0.0937998
    0.082148
   0.0697033
   0.0565875
   0.0429254
   0.0288498
   0.0144947
   0.0121758
   0.0242345
    0.036059
   0.0475365
   0.0585545
    0.069009
   0.0787968
   0.0878264
   0.0960078
    0.103265
    0.109527
    0.114734
    0.118837
    0.121796
    0.123584
    0.124183
     0.12359
    0.121807
    0.118851
     0.11475
    0.109543
    0.103282
   0.0960228
   0.0878395
   0.0788086
    0.069019
   0.0585636
   0.0475444
   0.0360663
   0.0242409
   0.0121791
  0.00997601
    0.019856
   0.0295435
   0.0389468
   0.0479732
   0.0565381
   0.0645569
   0.0719547
   0.0786583
   0.0846052
   0.0897369
   0.0940052
    0.097369
   0.0997958
    0.101264
    0.101757
    0.101272
   0.0998122
   0.0973905
   0.0940311
   0.0897644
   0.0846336
   0.0786855
   0.0719799
   0.0645797
   0.0565579
   0.0479909
    0.038962
   0.0295567
   0.0198668
  0.00998149
  0.00789438
   0.0157128
   0.0233782
   0.0308188
   0.0379609
   0.0447379
   0.0510831
    0.056937
   0.0622426
   0.0669494
   0.0710122
   0.0743917
   0.0770565
   0.0789795
   0.0801439
   0.0805367
   0.0801539
   0.0789994
   0.0770829
   0.0744243
   0.0710471
    0.066986
   0.0622777
   0.0569702
   0.0511129
    0.044764
   0.0379839
   0.0308386
    0.023395
   0.0157265
  0.00790123
     0.00593
    0.011803
   0.0175611
   0.0231505
   0.0285165
   0.0336085
   0.0383774
   0.0427774
   0.0467666
   0.0503059
   0.0533621
   0.0559048
   0.0579102
   0.0593582
   0.0602349
   0.0605316
   0.0602441
   0.0593766
   0.0579351
    0.055936
   0.0533961
   0.0503425
   0.0468021
   0.0428117
   0.0384085
   0.0336362
   0.0285407
   0.0231711
   0.0175776
   0.0118153
  0.00593615
  0.00408394
  0.00812868
   0.0120944
   0.0159441
    0.019641
   0.0231492
   0.0264366
   0.0294698
   0.0322214
    0.034663
   0.0367725
   0.0385281
   0.0399132
    0.040914
   0.0415197
   0.0417256
   0.0415272
   0.0409292
   0.0399341
   0.0385549
    0.036802
   0.0346954
   0.0322529
   0.0295007
   0.0264645
   0.0231745
   0.0196627
   0.0159626
   0.0121084
  0.00813823
  0.00408869
  0.00235706
  0.00469154
  0.00698218
  0.00920587
   0.0113424
     0.01337
   0.0152707
   0.0170246
   0.0186163
   0.0200288
   0.0212494
   0.0222654
   0.0230666
   0.0236457
   0.0239955
   0.0241143
   0.0239982
   0.0236513
   0.0230736
   0.0222741
   0.0212575
    0.020037
    0.018622
   0.0170286
   0.0152732
   0.0133718
    0.011344
   0.0092079
   0.0069841
  0.00469365
  0.00235808
 0.000748125
  0.00148909
   0.0022189
  0.00292747
  0.00360984
  0.00425755
  0.00486574
  0.00542719
  0.00593764
  0.00639099
  0.00678283
  0.00710944
  0.00736617
  0.00755216
  0.00766325
  0.00770091
  0.00766155
  0.00754897
  0.00736044
  0.00710176
  0.00677194
  0.00637777
  0.00592098
  0.00540807
   0.0048467
  0.00423947
  0.00359466
  0.00291583
  0.00221099
  0.00148522
 0.000746155
-0.000740419
 -0.00147371
 -0.00219077
 -0.00288671
 -0.00355394
 -0.00418692
 -0.00477864
 -0.00532428
 -0.00581804
 -0.00625572
 -0.00663446
 -0.00694925
 -0.00719936
 -0.00737997
 -0.00749168
 -0.00753092
 -0.00749948
  -0.0073953
  -0.0072214
  -0.0069773
 -0.00666681
  -0.0062914
 -0.00585491
 -0.00536134
 -0.00481324
 -0.00421819
 -0.00358019
 -0.00290731
  -0.0022053
 -0.00148185
 -0.00074453
 -0.00211163
 -0.00420297
 -0.00625299
 -0.00824285
  -0.0101535
  -0.0119663
  -0.0136633
  -0.0152287
  -0.0166474
  -0.0179056
  -0.0189939
   -0.019899
  -0.0206155
  -0.0211332
  -0.0214495
   -0.021559
  -0.0214618
  -0.0211575
  -0.0206494
   -0.019942
  -0.0190416
  -0.0179575
  -0.0166983
  -0.0152779
  -0.0137082
  -0.0120062
   -0.010187
 -0.00826951
 -0.00627209
 -0.00421412
 -0.00211727
 -0.00336646
 -0.00670058
 -0.00997189
  -0.0131473
  -0.0161969
  -0.0190906
  -0.0217999
  -0.0242992
  -0.0265649
  -0.0285747
  -0.0303109
  -0.0317551
  -0.0328953
  -0.0337186
  -0.0342184
  -0.0343886
   -0.034228
  -0.0337377
   -0.032922
  -0.0317891
  -0.0303488
   -0.028616
  -0.0266058
  -0.0243391
  -0.0218366
  -0.0191235
  -0.0162256
  -0.0131712
 -0.00999045
 -0.00671325
  -0.0033729
 -0.00450385
 -0.00896432
  -0.0133426
  -0.0175923
   -0.021674
  -0.0255469
  -0.0291733
  -0.0325186
  -0.0355515
   -0.038242
  -0.0405649
  -0.0424974
  -0.0440211
  -0.0451211
  -0.0457869
  -0.0460121
   -0.045794
  -0.0451352
  -0.0440409
  -0.0425228
  -0.0405936
  -0.0382736
  -0.0355833
  -0.0325501
  -0.0292028
  -0.0255739
  -0.0216988
  -0.0176143
  -0.0133611
 -0.00897884
 -0.00451123
 -0.00552767
  -0.0110021
  -0.0163729
   -0.021586
  -0.0265919
  -0.0313416
  -0.0357888
  -0.0398914
  -0.0436098
  -0.0469083
  -0.0497552
  -0.0521232
  -0.0539895
  -0.0553363
  -0.0561501
  -0.0564237
  -0.0561538
  -0.0553437
  -0.0540006
  -0.0521379
  -0.0497729
  -0.0469288
  -0.0436321
  -0.0399152
  -0.0358134
  -0.0313664
  -0.0266163
  -0.0216094
   -0.016393
  -0.0110183
 -0.00553592
  -0.0064333
  -0.0128046
  -0.0190533
  -0.0251185
  -0.0309415
  -0.0364666
  -0.0416398
  -0.0464122
  -0.0507367
  -0.0545731
  -0.0578834
  -0.0606368
  -0.0628062
  -0.0643715
  -0.0653165
  -0.0656332
  -0.0653177
   -0.064374
  -0.0628109
  -0.0606434
   -0.057893
  -0.0545853
  -0.0507522
  -0.0464304
   -0.041661
  -0.0364902
   -0.030966
  -0.0251432
  -0.0190748
  -0.0128224
 -0.00644227
 -0.00721856
  -0.0143676
  -0.0213779
  -0.0281824
  -0.0347141
  -0.0409116
  -0.0467139
  -0.0520664
  -0.0569168
  -0.0612194
  -0.0649325
  -0.0680208
  -0.0704547
  -0.0722108
  -0.0732722
  -0.0736286
  -0.0732765
  -0.0722194
  -0.0704676
  -0.0680378
  -0.0649535
   -0.061244
  -0.0569442
  -0.0520964
  -0.0467448
  -0.0409431
   -0.034744
  -0.0282102
   -0.021401
  -0.0143857
 -0.00722766
 -0.00788645
   -0.015697
  -0.0233551
  -0.0307884
  -0.0379231
  -0.0446927
  -0.0510302
  -0.0568765
  -0.0621745
  -0.0668739
  -0.0709298
  -0.0743031
  -0.0769621
  -0.0788805
  -0.0800408
  -0.0804308
  -0.0800472
  -0.0788931
  -0.0769804
  -0.0743268
  -0.0709577
  -0.0669059
  -0.0622087
   -0.056913
  -0.0510658
  -0.0447274
  -0.0379544
  -0.0308162
  -0.0233774
  -0.0157137
 -0.00789484
 -0.00843444
  -0.0167877
  -0.0249786
   -0.032929
  -0.0405613
   -0.047803
  -0.0545835
  -0.0608385
  -0.0665074
   -0.071536
  -0.0758766
  -0.0794867
   -0.082333
  -0.0843867
  -0.0856286
  -0.0860462
  -0.0856349
  -0.0843992
  -0.0823504
  -0.0795091
  -0.0759012
  -0.0715631
  -0.0665346
  -0.0608661
  -0.0546096
  -0.0478279
  -0.0405834
  -0.0329486
  -0.0249941
  -0.0167993
 -0.00844024
 -0.00886601
  -0.0176467
  -0.0262573
   -0.034615
  -0.0426395
  -0.0502533
  -0.0573831
  -0.0639601
  -0.0699215
  -0.0752092
  -0.0797741
  -0.0835705
  -0.0865638
  -0.0887235
  -0.0900291
  -0.0904679
   -0.090034
  -0.0887336
   -0.086577
  -0.0835874
  -0.0797911
  -0.0752273
  -0.0699377
  -0.0639755
  -0.0573968
  -0.0502662
  -0.0426507
  -0.0346251
   -0.026265
  -0.0176526
  -0.0088689
 -0.00918188
  -0.0182754
  -0.0271942
  -0.0358512
  -0.0441643
  -0.0520519
  -0.0594388
   -0.066253
  -0.0724287
  -0.0779066
  -0.0826333
  -0.0865639
  -0.0896602
  -0.0918929
  -0.0932398
  -0.0936891
   -0.093235
  -0.0918835
  -0.0896467
  -0.0865473
  -0.0826143
  -0.0778866
  -0.0724087
  -0.0662343
  -0.0594221
  -0.0520384
  -0.0441528
  -0.0358426
  -0.0271876
  -0.0182711
 -0.00917966
 -0.00938136
  -0.0186723
  -0.0277862
  -0.0366324
   -0.045128
  -0.0531888
  -0.0607384
  -0.0677028
   -0.074014
   -0.079612
  -0.0844404
  -0.0884554
  -0.0916156
  -0.0938935
  -0.0952654
  -0.0957202
  -0.0952524
  -0.0938678
  -0.0915798
  -0.0884106
  -0.0843913
  -0.0795601
  -0.0739637
  -0.0676558
  -0.0606966
  -0.0531535
  -0.0450978
  -0.0366082
  -0.0277674
  -0.0186595
 -0.00937485
 -0.00946799
  -0.0188447
  -0.0280415
  -0.0369681
  -0.0455392
  -0.0536715
  -0.0612865
  -0.0683111
   -0.074676
  -0.0803215
  -0.0851908
  -0.0892396
  -0.0924263
  -0.0947229
  -0.0961054
  -0.0965627
  -0.0960895
  -0.0946914
  -0.0923826
  -0.0891847
  -0.0851302
  -0.0802565
  -0.0746121
  -0.0682498
  -0.0612306
  -0.0536222
  -0.0454966
  -0.0369333
  -0.0280148
  -0.0188267
 -0.00945888
 -0.00943753
  -0.0187841
  -0.0279501
  -0.0368468
  -0.0453876
  -0.0534912
  -0.0610778
  -0.0680761
  -0.0744166
  -0.0800404
   -0.084891
  -0.0889241
  -0.0920984
  -0.0943859
  -0.0957624
   -0.096217
  -0.0957446
  -0.0943505
  -0.0920495
  -0.0888625
  -0.0848226
  -0.0799664
  -0.0743431
  -0.0680044
  -0.0610111
  -0.0534308
  -0.0453351
  -0.0368033
  -0.0279168
  -0.0187618
 -0.00942625
 -0.00928894
  -0.0184883
  -0.0275086
  -0.0362637
  -0.0446679
  -0.0526417
  -0.0601066
  -0.0669926
  -0.0732314
  -0.0787649
  -0.0835382
   -0.087507
  -0.0906314
  -0.0928832
  -0.0942393
  -0.0946882
  -0.0942249
  -0.0928544
  -0.0905908
  -0.0874551
  -0.0834789
  -0.0786992
  -0.0731637
  -0.0669239
  -0.0600406
  -0.0525795
  -0.0446124
   -0.036216
  -0.0274713
  -0.0184623
 -0.00927576
 -0.00902378
  -0.0179606
  -0.0267219
  -0.0352258
   -0.043388
  -0.0511323
   -0.058382
  -0.0650695
  -0.0711285
  -0.0765027
  -0.0811387
  -0.0849935
  -0.0880289
  -0.0902168
  -0.0915353
  -0.0919725
  -0.0915239
  -0.0901942
  -0.0879962
  -0.0849511
  -0.0810885
  -0.0764453
   -0.071067
  -0.0650047
  -0.0583177
  -0.0510695
  -0.0433308
  -0.0351752
  -0.0266817
  -0.0179316
 -0.00900912
 -0.00864054
  -0.0171978
  -0.0255866
  -0.0337289
  -0.0415439
  -0.0489588
  -0.0559001
  -0.0623031
  -0.0681046
  -0.0732503
  -0.0776895
  -0.0813806
  -0.0842874
  -0.0863826
  -0.0876455
  -0.0880646
  -0.0876355
  -0.0863627
  -0.0842585
   -0.081343
  -0.0776448
   -0.073199
  -0.0680492
  -0.0622444
  -0.0558413
  -0.0489008
  -0.0414906
  -0.0336811
  -0.0255484
  -0.0171698
  -0.0086264
 -0.00814138
  -0.0162043
  -0.0241081
  -0.0317796
  -0.0391427
  -0.0461287
  -0.0526687
  -0.0587015
  -0.0641677
   -0.069016
  -0.0731989
  -0.0766769
  -0.0794162
  -0.0813907
  -0.0825812
  -0.0829765
  -0.0825728
  -0.0813739
  -0.0793916
  -0.0766448
  -0.0731604
  -0.0689716
  -0.0641192
  -0.0586495
  -0.0526161
  -0.0460762
  -0.0390938
  -0.0317352
  -0.0240722
  -0.0161776
 -0.00812789
  -0.0075258
  -0.0149791
  -0.0222853
  -0.0293769
  -0.0361836
  -0.0426418
  -0.0486879
  -0.0542652
  -0.0593191
  -0.0638018
  -0.0676696
  -0.0708858
  -0.0734193
  -0.0752457
  -0.0763475
  -0.0767141
  -0.0763417
   -0.075234
  -0.0734016
  -0.0708621
  -0.0676401
  -0.0637666
  -0.0592793
  -0.0542211
  -0.0486421
  -0.0425948
   -0.036139
  -0.0293354
  -0.0222513
   -0.014953
 -0.00751265
 -0.00679479
  -0.0135241
  -0.0201208
  -0.0265236
  -0.0326695
  -0.0385007
  -0.0439602
  -0.0489964
  -0.0535603
  -0.0576085
  -0.0611017
  -0.0640065
  -0.0662951
  -0.0679454
  -0.0689413
  -0.0692733
  -0.0689379
  -0.0679385
   -0.066284
   -0.063991
   -0.061081
  -0.0575826
  -0.0535296
   -0.048961
  -0.0439224
  -0.0384606
  -0.0326307
  -0.0264865
  -0.0200899
  -0.0134998
 -0.00678256
 -0.00594844
  -0.0118396
  -0.0176151
   -0.023221
  -0.0286022
  -0.0337079
  -0.0384886
  -0.0428987
  -0.0468955
  -0.0504409
  -0.0535004
  -0.0560448
  -0.0580495
  -0.0594953
  -0.0603681
  -0.0606596
  -0.0603668
  -0.0594926
  -0.0580449
  -0.0560383
  -0.0534915
  -0.0504296
  -0.0468819
  -0.0428827
  -0.0384712
  -0.0336891
  -0.0285836
  -0.0232028
  -0.0175998
  -0.0118273
 -0.00594229
 -0.00498712
  -0.0099262
  -0.0147689
  -0.0194694
  -0.0239817
  -0.0282632
  -0.0322724
  -0.0359708
  -0.0393231
  -0.0422967
  -0.0448631
  -0.0469975
  -0.0486793
  -0.0498924
  -0.0506249
    -0.05087
  -0.0506251
  -0.0498927
  -0.0486796
  -0.0469979
  -0.0448634
  -0.0422969
   -0.039323
  -0.0359704
  -0.0322714
  -0.0282617
  -0.0239798
   -0.019467
  -0.0147667
 -0.00992419
  -0.0049861
  -0.0039118
 -0.00778593
  -0.0115847
   -0.015272
  -0.0188119
  -0.0221706
  -0.0253158
  -0.0282173
  -0.0308471
  -0.0331799
  -0.0351932
  -0.0368676
  -0.0381868
  -0.0391384
   -0.039713
  -0.0399052
   -0.039713
  -0.0391384
  -0.0381869
  -0.0368676
  -0.0351932
  -0.0331799
   -0.030847
  -0.0282171
  -0.0253154
  -0.0221699
  -0.0188109
  -0.0152707
  -0.0115836
 -0.00778488
 -0.00391127
 -0.00272187
 -0.00541752
 -0.00806104
  -0.0106269
  -0.0130906
  -0.0154281
  -0.0176171
  -0.0196364
  -0.0214667
  -0.0230902
  -0.0244913
  -0.0256565
  -0.0265745
  -0.0272367
  -0.0276365
  -0.0277701
  -0.0276364
  -0.0272365
  -0.0265742
  -0.0256561
  -0.0244909
  -0.0230898
  -0.0214664
  -0.0196362
  -0.0176169
  -0.0154279
  -0.0130904
  -0.0106267
 -0.00806082
  -0.0054173
 -0.00272176
 -0.00141799
 -0.00282232
 -0.00419949
 -0.00553623
 -0.00681968
 -0.00803744
 -0.00917782
  -0.0102298
  -0.0111833
  -0.0120291
   -0.012759
   -0.013366
  -0.0138443
  -0.0141893
  -0.0143975
  -0.0144672
  -0.0143975
  -0.0141892
  -0.0138442
  -0.0133659
  -0.0127588
  -0.0120289
  -0.0111832
  -0.0102297
 -0.00917775
 -0.00803738
  -0.0068196
 -0.00553615
  -0.0041994
 -0.00282223
 -0.00141794
           0
           0
           0
           0
           0
           0
           0
           0
           0
           0
           0
           0
           0
           0
           0
           0
           0
           0
           0
           0
           0
           0
           0
           0
           0
           0
           0
           0
           0
           0
           0
