1.0
0.98455
0.9692149999999999
0.953995
0.938889
0.923897
0.90902
0.8942549999999999
0.879603
0.8650620000000001
0.850633
0.836319
0.822119
0.808038
0.794071
0.780229
0.766505
0.752903
0.7394229999999999
0.726063
0.712827
0.699711
0.686721
0.673876
0.6611520000000001
0.648533
0.636027
0.623632
0.611351
0.599182
0.5871270000000001
0.5751850000000001
0.563358
0.5516479999999999
0.540053
0.528578
0.51722
0.505983
0.49486499999999994
0.483868
0.472991
0.46223400000000003
0.451599
0.44108400000000003
0.430691
0.420417
0.410265
0.400231
0.390319
0.380525
0.37085100000000004
0.361297
0.351864
0.342553
0.333364
0.324299
0.31535799999999997
0.306544
0.29785500000000004
0.289296
0.280864
0.27256199999999997
0.264388
0.256356
0.24845799999999998
0.240677
0.23302399999999998
0.22550100000000003
0.21810900000000003
0.210851
0.203724
0.196714
0.189831
0.183065
0.176421
0.169906
0.16351400000000002
0.157255
0.151121
0.14511400000000002
0.139233
0.133484
0.127863
0.122373
0.11700999999999999
0.11176199999999999
0.106637
0.101623
0.0967273
0.0919564
0.08730639999999999
0.0827803
0.078375
0.0740773
0.0698945
0.0658203
0.0618577
0.058021300000000005
0.054302199999999995
0.0507182
0.0472583
0.0439203
0.0407056
0.0376104
0.034638
0.0318007
0.0290893
0.0265094
0.0240565
0.0217204
0.019509099999999998
0.0174158
0.0154453
0.0135981
0.0118725
0.0102557
0.00875552
0.0073667
0.00609375
0.00495925
0.00394721
0.00305875
0.00229239
0.00164901
0.00112731
0.0007262910000000001
0.000446354
0.000265002
0.000159891
