1.0
0.98455
0.9692139999999999
0.953993
0.9388860000000001
0.923891
0.909012
0.8942379999999999
0.879577
0.8650190000000001
0.8505739999999999
0.836241
0.8220219999999999
0.807925
0.7939430000000001
0.780091
0.766356
0.752748
0.739262
0.725896
0.712653
0.6995279999999999
0.686529
0.67367
0.660932
0.648297
0.635774
0.623358
0.611054
0.598857
0.5867720000000001
0.574799
0.56294
0.551198
0.539572
0.528068
0.5166810000000001
0.505419
0.49427600000000005
0.483256
0.47235699999999997
0.461579
0.45092200000000005
0.44038599999999994
0.429972
0.419675
0.409501
0.399442
0.389506
0.379683
0.369983
0.3604
0.35094000000000003
0.34160300000000005
0.332389
0.323305
0.314345
0.30551799999999996
0.296817
0.288254
0.279819
0.271519
0.26335
0.255344
0.247475
0.23970100000000003
0.23205900000000002
0.224552
0.217178
0.20994699999999997
0.202851
0.195856
0.18899000000000002
0.182228
0.17559
0.169086
0.162706
0.156471
0.15036300000000002
0.14438
0.138525
0.13280899999999998
0.127221
0.121769
0.116445
0.11122
0.106117
0.10111
0.09622
0.09146060000000002
0.0868213
0.0823093
0.0779172
0.0736151
0.06942580000000001
0.0653352
0.06135319999999999
0.0575141
0.053789800000000006
0.050222699999999995
0.0467785
0.043453
0.0402505
0.0371618
0.034196
0.0313815
0.028693599999999996
0.026146299999999997
0.0237272
0.021412200000000003
0.019223
0.0171428
0.015186000000000002
0.013353499999999999
0.0116426
0.0100245
0.00852224
0.007123399999999999
0.0058394
0.00472238
0.00372673
0.00285608
0.00210687
0.00148176
0.00097797
0.000593736
0.00033031699999999995
0.000135116
0.000206876
