1.0
0.98455
0.9692139999999999
0.953993
0.9388860000000001
0.923892
0.909013
0.8942459999999999
0.8795930000000001
0.865049
0.850618
0.8363
0.822095
0.808005
0.79403
0.780176
0.76644
0.7528229999999999
0.739328
0.725952
0.7127
0.699567
0.686559
0.673693
0.660948
0.648309
0.635782
0.623367
0.611066
0.5988760000000001
0.586799
0.574835
0.562984
0.551249
0.5396270000000001
0.5281239999999999
0.516737
0.505469
0.49432
0.48329099999999997
0.472383
0.461595
0.45092899999999997
0.440385
0.429962
0.41966099999999995
0.409483
0.399425
0.389489
0.379673
0.36997800000000003
0.36040500000000003
0.350953
0.341624
0.332418
0.323336
0.314379
0.30555
0.296846
0.288273
0.279829
0.271515
0.263333
0.255291
0.247387
0.23960599999999999
0.23195700000000002
0.22444
0.21705500000000003
0.20980700000000002
0.202693
0.195702
0.188838
0.182095
0.175476
0.168984
0.162617
0.156381
0.15027100000000002
0.144287
0.138431
0.132705
0.127109
0.121643
0.11630599999999999
0.11108699999999999
0.10599000000000001
0.101007
0.0961424
0.0914003
0.0867783
0.08227860000000001
0.0778987
0.07362780000000001
0.0694697
0.06541910000000001
0.061477199999999996
0.057655200000000004
0.053948
0.0503702
0.0469155
0.043582199999999995
0.0403718
0.0372816
0.034314300000000006
0.031479200000000006
0.028770599999999997
0.026193099999999997
0.0237438
0.0214149
0.0192118
0.0171291
0.0151697
0.0133338
0.0116195
0.0100169
0.00853008
0.00715603
0.00589683
0.00476737
0.00375928
0.00287342
0.00210898
0.00146661
0.00094555
0.000544997
0.000265261
9.25876e-05
0.000186875
